https://www.comp.hkbu.edu.hk/v1/?page=whats_new@[612, 1093, 1194, 2333, 4184]@[612, 1093, 1194, 2333, 4184]
https://www.comp.hkbu.edu.hk/v1/?page=contact@[117]@[117]
https://www.comp.hkbu.edu.hk/v1/?page=centres@[152]@[152]
https://www.comp.hkbu.edu.hk/v1/?pid=32@[394]@[394]
https://www.comp.hkbu.edu.hk/v1/?page=news@[612, 1093, 1194, 2333, 4184]@[612, 1093, 1194, 2333, 4184]
https://www.comp.hkbu.edu.hk/v1/?page=events@[415, 525, 547, 932, 1391, 1451, 2149, 2650, 3517, 4422, 4467, 4937, 5199, 5204, 5214, 5505, 5798, 6016, 6865, 6969, 7113, 7256, 7423, 7714, 7722, 8205, 8212]@[415, 525, 547, 932, 1391, 1451, 2149, 2650, 3517, 4422, 4467, 4937, 5199, 5204, 5214, 5505, 5798, 6016, 6865, 6969, 7113, 7256, 7423, 7714, 7722, 8205, 8212]
https://www.comp.hkbu.edu.hk/v1/?page=highlights@[1210]@[1210]
https://www.comp.hkbu.edu.hk/v1/?pid=16@[117]@[117]
https://www.comp.hkbu.edu.hk/outreach@[68]@[68]
https://www.comp.hkbu.edu.hk/v1/?page=career_wt@[202]@[202]
https://www.comp.hkbu.edu.hk/v1/?page=conferences@[394]@[394]
https://www.comp.hkbu.edu.hk/v1/?file=355@[136, 205, 208, 368, 381, 389, 401, 764, 800, 985, 1265, 1271, 1310, 1361, 1417, 1519, 1523, 1639, 1687, 1700, 1725, 1821, 1844, 1853, 1937, 2189, 2214, 2245, 2334, 2427, 2655, 2678, 2680, 2758, 2812, 2818, 2916, 2949, 3389, 3597, 3638, 3639, 3649, 3651, 3665, 3674, 3677, 3680, 3686, 3709, 3713, 3715, 3717, 3761, 3817, 3992, 4000, 4104, 4112, 4173, 4574, 4578, 4954, 4955, 5119, 5153, 5165, 5266, 5295, 5336, 5503, 5755, 5756, 5915, 6088, 6110, 6157, 6515, 6781, 6961, 7065, 7069, 7148, 7226, 7256, 7302, 7474, 7494, 7515, 7543, 7650, 7928, 7955, 8488]@[]
https://www.comp.hkbu.edu.hk/v1/?file=1431@[1061, 1308, 1341, 1387, 1469, 1657, 1739, 1846, 1922, 1923, 1946, 2000, 2066, 2141, 2228, 2291, 2902, 2909, 2940, 2977, 3093, 3687, 3716, 4153, 4160, 4199, 4256, 4474, 4592, 4604, 4638, 5099, 5129, 5165, 5197, 5198, 5222]@[]
https://www.hkstp.org/en@[577]@[577]
https://www.hkstp.org@[577]@[577]
https://news.google.com/?tab=wn@[1380, 1699, 1713]@[1380, 1699, 1713]
https://accounts.google.com/SignUp?continue=https%3A%2F%2Fmyaccount.google.com%2Fgeneral-light@[17]@[17]
https://news.google.com/?tab=nn@[1278, 1539, 1835, 1849]@[1278, 1539, 1835, 1849]
https://play.google.com/store/apps/details?id=com.google.android.googlequicksearchbox@[157]@[157]
