http://www.comp.hkbu.edu.hk/v1/?page=sci@[3073, 3074, 3075, 3076, 3077, 3078, 3147, 3148, 3149, 3150, 3220, 3221, 3222, 3223, 3295, 3296, 3297, 3298, 3300, 3367, 3368, 3369, 3370, 3372, 3442, 3443, 3444, 3445, 3446, 3447, 3509, 3510, 3511, 3512, 3513, 3583, 3584, 3585, 3586, 3653, 3654, 3655, 3656, 3726, 3727, 3728, 3729]@{}
http://www.sci.hkbu.edu.hk/eng/about-us/distinguished-professorship/eng/page/?page=prospective-students@[3073, 3074, 3075, 3076, 3077, 3078, 3147, 3148, 3149, 3150, 3220, 3221, 3222, 3223, 3295, 3296, 3297, 3298, 3300, 3367, 3368, 3369, 3370, 3372, 3442, 3443, 3444, 3445, 3446, 3447, 3509, 3510, 3511, 3512, 3513, 3583, 3584, 3585, 3586, 3653, 3654, 3655, 3656, 3726, 3727, 3728, 3729]@{}
http://www.sci.hkbu.edu.hk/eng/about-us/honorary-doctorate/eng/page/?page=prospective-students@[3073, 3074, 3075, 3076, 3077, 3078, 3147, 3148, 3149, 3150, 3220, 3221, 3222, 3223, 3295, 3296, 3297, 3298, 3300, 3367, 3368, 3369, 3370, 3372, 3442, 3443, 3444, 3445, 3446, 3447, 3509, 3510, 3511, 3512, 3513, 3583, 3584, 3585, 3586, 3653, 3654, 3655, 3656, 3726, 3727, 3728, 3729]@{}
http://www.sci.hkbu.edu.hk/eng/about-us/distinguished-professor-of-science/eng/page/?page=prospective-students@[3073, 3074, 3075, 3076, 3077, 3078, 3147, 3148, 3149, 3150, 3220, 3221, 3222, 3223, 3295, 3296, 3297, 3298, 3300, 3367, 3368, 3369, 3370, 3372, 3442, 3443, 3444, 3445, 3446, 3447, 3509, 3510, 3511, 3512, 3513, 3583, 3584, 3585, 3586, 3653, 3654, 3655, 3656, 3726, 3727, 3728, 3729]@{}
http://www.sci.hkbu.edu.hk/eng/about-us/dr-kennedy-wong-distinguished-visiting-professorship-scheme/eng/page/?page=prospective-students@[3073, 3074, 3075, 3076, 3077, 3078, 3147, 3148, 3149, 3150, 3220, 3221, 3222, 3223, 3295, 3296, 3297, 3298, 3300, 3367, 3368, 3369, 3370, 3372, 3442, 3443, 3444, 3445, 3446, 3447, 3509, 3510, 3511, 3512, 3513, 3583, 3584, 3585, 3586, 3653, 3654, 3655, 3656, 3726, 3727, 3728, 3729]@{}
http://www.sci.hkbu.edu.hk/eng/page/eng/about-us/vision-mission@[3073, 3074, 3075, 3076, 3077, 3078, 3147, 3148, 3149, 3150, 3220, 3221, 3222, 3223, 3295, 3296, 3297, 3298, 3300, 3367, 3368, 3369, 3370, 3372, 3442, 3443, 3444, 3445, 3446, 3447, 3509, 3510, 3511, 3512, 3513, 3583, 3584, 3585, 3586, 3653, 3654, 3655, 3656, 3726, 3727, 3728, 3729]@{}
http://www.sci.hkbu.edu.hk/eng/page/eng/about-us/faculty-advisory-committee@[3073, 3074, 3075, 3076, 3077, 3078, 3147, 3148, 3149, 3150, 3220, 3221, 3222, 3223, 3295, 3296, 3297, 3298, 3300, 3367, 3368, 3369, 3370, 3372, 3442, 3443, 3444, 3445, 3446, 3447, 3509, 3510, 3511, 3512, 3513, 3583, 3584, 3585, 3586, 3653, 3654, 3655, 3656, 3726, 3727, 3728, 3729]@{}
http://www.sci.hkbu.edu.hk/eng@[3073, 3074, 3075, 3076, 3077, 3078, 3147, 3148, 3149, 3150, 3220, 3221, 3222, 3223, 3295, 3296, 3297, 3298, 3300, 3367, 3368, 3369, 3370, 3372, 3442, 3443, 3444, 3445, 3446, 3447, 3509, 3510, 3511, 3512, 3513, 3583, 3584, 3585, 3586, 3653, 3654, 3655, 3656, 3726, 3727, 3728, 3729]@{}
http://www.sci.hkbu.edu.hk/eng/about-us/vision-mission@[2638]@{}
http://www.sci.hkbu.edu.hk/eng/about-us/vision-mission/eng/page/?page=prospective-students@[3073, 3074, 3075, 3076, 3077, 3078, 3147, 3148, 3149, 3150, 3220, 3221, 3222, 3223, 3295, 3296, 3297, 3298, 3300, 3367, 3368, 3369, 3370, 3372, 3442, 3443, 3444, 3445, 3446, 3447, 3509, 3510, 3511, 3512, 3513, 3583, 3584, 3585, 3586, 3653, 3654, 3655, 3656, 3726, 3727, 3728, 3729]@{}
http://www.sci.hkbu.edu.hk/eng/about-us/faculty-advisory-committee/eng/page/?page=prospective-students@[3073, 3074, 3075, 3076, 3077, 3078, 3147, 3148, 3149, 3150, 3220, 3221, 3222, 3223, 3295, 3296, 3297, 3298, 3300, 3367, 3368, 3369, 3370, 3372, 3442, 3443, 3444, 3445, 3446, 3447, 3509, 3510, 3511, 3512, 3513, 3583, 3584, 3585, 3586, 3653, 3654, 3655, 3656, 3726, 3727, 3728, 3729]@{}
