http://www.comp.hkbu.edu.hk@[2875, 2880, 4791]@{}
http://www.comp.hkbu.edu.hk/v1/?page=sci@[1748, 1749, 2800, 3868, 5166, 5178, 5560, 5583, 5696, 6036]@{}
http://www.comp.hkbu.edu.hk/v1/?page=job_vacancies?=tc@[2875, 2880, 4787]@{}
http://www.comp.hkbu.edu.hk/v1/?page=job_vacancies?=sc@[2875, 2880, 4787]@{}
http://www.comp.hkbu.edu.hk/v1/?page=sitemap?=tc@[2875, 2880, 4783]@{}
http://www.comp.hkbu.edu.hk/v1/?page=sitemap?=sc@[2875, 2880, 4782]@{}
http://www.comp.hkbu.edu.hk/v1/?lang=sc@[2875, 2880, 4778]@{}
http://www.comp.hkbu.edu.hk/~alumni/news/../news/@[4, 786, 805, 820, 857, 897, 940, 946, 991, 1096, 1219, 1264, 1295, 1311, 1427, 1468, 1556, 1600, 1694, 1736, 1789, 1844, 1880, 1901, 1990, 2005, 2070, 2118, 2212, 2254, 2340, 2354, 2393, 2424, 2447, 2579, 2671, 2722, 2782, 2802, 2833, 2845, 2851, 2862, 2918, 2943, 3023, 3035, 3091, 3142, 3156, 3223, 3277, 3311, 3323, 3368, 3397, 3410, 3433, 3505, 3558, 3589, 3601, 3607, 3617, 3700, 3768, 3786, 3836, 3919, 4142, 4196, 4505, 4699, 4719, 4741, 4807, 4828, 4859, 4872, 4941, 4956, 4971, 4989, 5051]@{}
http://www.comp.hkbu.edu.hk/~alumni/news/../scholarship/@[4, 602, 672, 794, 883]@{}
http://www.comp.hkbu.edu.hk/~alumni/news/../donation/@[4, 605, 613, 643, 1373]@{}
http://www.comp.hkbu.edu.hk/v1/?page=job_vacancies?=tc?=tc@[2875, 2880, 4784]@{}
http://www.comp.hkbu.edu.hk/v1/?page=job_vacancies?=sc?=tc@[2875, 2880, 4794]@{}
http://www.comp.hkbu.edu.hk/v1/?page=sitemap?=tc?=tc@[2875, 2880, 4784]@{}
http://www.comp.hkbu.edu.hk/v1/?page=sitemap?=sc?=tc@[2875, 2880, 4798]@{}
http://www.comp.hkbu.edu.hk/v1/?page=home@[2875, 2880, 4776]@{}
http://www.comp.hkbu.edu.hk/~alumni/news/../news/../news/@[4, 786, 805, 820, 857, 897, 940, 946, 991, 1096, 1219, 1264, 1295, 1311, 1427, 1468, 1556, 1600, 1694, 1736, 1789, 1844, 1880, 1901, 1990, 2005, 2070, 2118, 2212, 2254, 2340, 2354, 2393, 2424, 2447, 2579, 2671, 2722, 2782, 2802, 2833, 2845, 2851, 2862, 2918, 2943, 3023, 3035, 3091, 3142, 3156, 3223, 3277, 3311, 3323, 3368, 3397, 3410, 3433, 3505, 3558, 3589, 3601, 3607, 3617, 3700, 3768, 3786, 3836, 3919, 4142, 4196, 4505, 4699, 4719, 4741, 4807, 4828, 4859, 4872, 4941, 4956, 4971, 4989, 5051]@{}
http://www.comp.hkbu.edu.hk/~alumni/news/../scholarship/../news/@[4, 786, 805, 820, 857, 897, 940, 946, 991, 1096, 1219, 1264, 1295, 1311, 1427, 1468, 1556, 1600, 1694, 1736, 1789, 1844, 1880, 1901, 1990, 2005, 2070, 2118, 2212, 2254, 2340, 2354, 2393, 2424, 2447, 2579, 2671, 2722, 2782, 2802, 2833, 2845, 2851, 2862, 2918, 2943, 3023, 3035, 3091, 3142, 3156, 3223, 3277, 3311, 3323, 3368, 3397, 3410, 3433, 3505, 3558, 3589, 3601, 3607, 3617, 3700, 3768, 3786, 3836, 3919, 4142, 4196, 4505, 4699, 4719, 4741, 4807, 4828, 4859, 4872, 4941, 4956, 4971, 4989, 5051]@{}
http://www.comp.hkbu.edu.hk/~alumni/news/../donation/../news/@[4, 786, 805, 820, 857, 897, 940, 946, 991, 1096, 1219, 1264, 1295, 1311, 1427, 1468, 1556, 1600, 1694, 1736, 1789, 1844, 1880, 1901, 1990, 2005, 2070, 2118, 2212, 2254, 2340, 2354, 2393, 2424, 2447, 2579, 2671, 2722, 2782, 2802, 2833, 2845, 2851, 2862, 2918, 2943, 3023, 3035, 3091, 3142, 3156, 3223, 3277, 3311, 3323, 3368, 3397, 3410, 3433, 3505, 3558, 3589, 3601, 3607, 3617, 3700, 3768, 3786, 3836, 3919, 4142, 4196, 4505, 4699, 4719, 4741, 4807, 4828, 4859, 4872, 4941, 4956, 4971, 4989, 5051]@{}
http://www.comp.hkbu.edu.hk/v1/?page=job_vacancies?=tc?=tc?=tc@[2875, 2880, 4798]@{}
http://www.comp.hkbu.edu.hk/v1/?page=job_vacancies?=sc?=tc?=tc@[2875, 2880, 4782]@{}
http://www.comp.hkbu.edu.hk/v1/?page=sitemap?=tc?=tc?=tc@[2875, 2880, 4788]@{}
http://www.comp.hkbu.edu.hk/v1/?page=sitemap?=sc?=tc?=tc@[2875, 2880, 4791]@{}
http://www.comp.hkbu.edu.hk/v1/?page=home?=tc@[2875, 2880, 4786]@{}
http://www.comp.hkbu.edu.hk/~alumni/news/../news/../news/../news/@[4, 786, 805, 820, 857, 897, 940, 946, 991, 1096, 1219, 1264, 1295, 1311, 1427, 1468, 1556, 1600, 1694, 1736, 1789, 1844, 1880, 1901, 1990, 2005, 2070, 2118, 2212, 2254, 2340, 2354, 2393, 2424, 2447, 2579, 2671, 2722, 2782, 2802, 2833, 2845, 2851, 2862, 2918, 2943, 3023, 3035, 3091, 3142, 3156, 3223, 3277, 3311, 3323, 3368, 3397, 3410, 3433, 3505, 3558, 3589, 3601, 3607, 3617, 3700, 3768, 3786, 3836, 3919, 4142, 4196, 4505, 4699, 4719, 4741, 4807, 4828, 4859, 4872, 4941, 4956, 4971, 4989, 5051]@{}
http://www.comp.hkbu.edu.hk/~alumni/news/../scholarship/../news/../news/@[4, 786, 805, 820, 857, 897, 940, 946, 991, 1096, 1219, 1264, 1295, 1311, 1427, 1468, 1556, 1600, 1694, 1736, 1789, 1844, 1880, 1901, 1990, 2005, 2070, 2118, 2212, 2254, 2340, 2354, 2393, 2424, 2447, 2579, 2671, 2722, 2782, 2802, 2833, 2845, 2851, 2862, 2918, 2943, 3023, 3035, 3091, 3142, 3156, 3223, 3277, 3311, 3323, 3368, 3397, 3410, 3433, 3505, 3558, 3589, 3601, 3607, 3617, 3700, 3768, 3786, 3836, 3919, 4142, 4196, 4505, 4699, 4719, 4741, 4807, 4828, 4859, 4872, 4941, 4956, 4971, 4989, 5051]@{}
http://www.comp.hkbu.edu.hk/~alumni/news/../donation/../news/../news/@[4, 786, 805, 820, 857, 897, 940, 946, 991, 1096, 1219, 1264, 1295, 1311, 1427, 1468, 1556, 1600, 1694, 1736, 1789, 1844, 1880, 1901, 1990, 2005, 2070, 2118, 2212, 2254, 2340, 2354, 2393, 2424, 2447, 2579, 2671, 2722, 2782, 2802, 2833, 2845, 2851, 2862, 2918, 2943, 3023, 3035, 3091, 3142, 3156, 3223, 3277, 3311, 3323, 3368, 3397, 3410, 3433, 3505, 3558, 3589, 3601, 3607, 3617, 3700, 3768, 3786, 3836, 3919, 4142, 4196, 4505, 4699, 4719, 4741, 4807, 4828, 4859, 4872, 4941, 4956, 4971, 4989, 5051]@{}
http://www.comp.hkbu.edu.hk/v1/?page=job_vacancies?=tc?=tc?=tc?=tc@[2875, 2880, 4799]@{}
http://www.comp.hkbu.edu.hk/v1/?page=job_vacancies?=sc?=tc?=tc?=tc@[2875, 2880, 4800]@{}
http://www.comp.hkbu.edu.hk/v1/?page=sitemap?=tc?=tc?=tc?=tc@[2875, 2880, 4788]@{}
http://www.comp.hkbu.edu.hk/v1/?page=sitemap?=sc?=tc?=tc?=tc@[2875, 2880, 4799]@{}
http://www.comp.hkbu.edu.hk/v1/?page=home?=tc?=tc@[2875, 2880, 4788]@{}
http://www.comp.hkbu.edu.hk/~alumni/news/../news/../news/../news/../news/@[4, 786, 805, 820, 857, 897, 940, 946, 991, 1096, 1219, 1264, 1295, 1311, 1427, 1468, 1556, 1600, 1694, 1736, 1789, 1844, 1880, 1901, 1990, 2005, 2070, 2118, 2212, 2254, 2340, 2354, 2393, 2424, 2447, 2579, 2671, 2722, 2782, 2802, 2833, 2845, 2851, 2862, 2918, 2943, 3023, 3035, 3091, 3142, 3156, 3223, 3277, 3311, 3323, 3368, 3397, 3410, 3433, 3505, 3558, 3589, 3601, 3607, 3617, 3700, 3768, 3786, 3836, 3919, 4142, 4196, 4505, 4699, 4719, 4741, 4807, 4828, 4859, 4872, 4941, 4956, 4971, 4989, 5051]@{}
http://www.comp.hkbu.edu.hk/v1/?page=alumni@[4]@{}
http://www.comp.hkbu.edu.hk/~alumni/news/../scholarship/../news/../news/../news/@[4, 786, 805, 820, 857, 897, 940, 946, 991, 1096, 1219, 1264, 1295, 1311, 1427, 1468, 1556, 1600, 1694, 1736, 1789, 1844, 1880, 1901, 1990, 2005, 2070, 2118, 2212, 2254, 2340, 2354, 2393, 2424, 2447, 2579, 2671, 2722, 2782, 2802, 2833, 2845, 2851, 2862, 2918, 2943, 3023, 3035, 3091, 3142, 3156, 3223, 3277, 3311, 3323, 3368, 3397, 3410, 3433, 3505, 3558, 3589, 3601, 3607, 3617, 3700, 3768, 3786, 3836, 3919, 4142, 4196, 4505, 4699, 4719, 4741, 4807, 4828, 4859, 4872, 4941, 4956, 4971, 4989, 5051]@{}
http://www.comp.hkbu.edu.hk/~alumni/news/../donation/../news/../news/../news/@[4, 786, 805, 820, 857, 897, 940, 946, 991, 1096, 1219, 1264, 1295, 1311, 1427, 1468, 1556, 1600, 1694, 1736, 1789, 1844, 1880, 1901, 1990, 2005, 2070, 2118, 2212, 2254, 2340, 2354, 2393, 2424, 2447, 2579, 2671, 2722, 2782, 2802, 2833, 2845, 2851, 2862, 2918, 2943, 3023, 3035, 3091, 3142, 3156, 3223, 3277, 3311, 3323, 3368, 3397, 3410, 3433, 3505, 3558, 3589, 3601, 3607, 3617, 3700, 3768, 3786, 3836, 3919, 4142, 4196, 4505, 4699, 4719, 4741, 4807, 4828, 4859, 4872, 4941, 4956, 4971, 4989, 5051]@{}
http://www.comp.hkbu.edu.hk/v1/?page=job_vacancies?=tc?=tc?=tc?=tc?=tc@[2875, 2880, 4802]@{}
http://www.comp.hkbu.edu.hk/v1/?page=job_vacancies?=sc?=tc?=tc?=tc?=tc@[2875, 2880, 4787]@{}
http://www.comp.hkbu.edu.hk/v1/?page=sitemap?=tc?=tc?=tc?=tc?=tc@[2875, 2880, 4795]@{}
http://www.comp.hkbu.edu.hk/v1/?page=sitemap?=sc?=tc?=tc?=tc?=tc@[2875, 2880, 4801]@{}
http://www.comp.hkbu.edu.hk/v1/?page=home?=tc?=tc?=tc@[2875, 2880, 4786]@{}
http://www.comp.hkbu.edu.hk/~alumni/news/../news/../news/../news/../news/../news/@[4, 786, 805, 820, 857, 897, 940, 946, 991, 1096, 1219, 1264, 1295, 1311, 1427, 1468, 1556, 1600, 1694, 1736, 1789, 1844, 1880, 1901, 1990, 2005, 2070, 2118, 2212, 2254, 2340, 2354, 2393, 2424, 2447, 2579, 2671, 2722, 2782, 2802, 2833, 2845, 2851, 2862, 2918, 2943, 3023, 3035, 3091, 3142, 3156, 3223, 3277, 3311, 3323, 3368, 3397, 3410, 3433, 3505, 3558, 3589, 3601, 3607, 3617, 3700, 3768, 3786, 3836, 3919, 4142, 4196, 4505, 4699, 4719, 4741, 4807, 4828, 4859, 4872, 4941, 4956, 4971, 4989, 5051]@{}
http://www.comp.hkbu.edu.hk/~alumni/news/../scholarship/../news/../news/../news/../news/@[4, 786, 805, 820, 857, 897, 940, 946, 991, 1096, 1219, 1264, 1295, 1311, 1427, 1468, 1556, 1600, 1694, 1736, 1789, 1844, 1880, 1901, 1990, 2005, 2070, 2118, 2212, 2254, 2340, 2354, 2393, 2424, 2447, 2579, 2671, 2722, 2782, 2802, 2833, 2845, 2851, 2862, 2918, 2943, 3023, 3035, 3091, 3142, 3156, 3223, 3277, 3311, 3323, 3368, 3397, 3410, 3433, 3505, 3558, 3589, 3601, 3607, 3617, 3700, 3768, 3786, 3836, 3919, 4142, 4196, 4505, 4699, 4719, 4741, 4807, 4828, 4859, 4872, 4941, 4956, 4971, 4989, 5051]@{}
http://www.comp.hkbu.edu.hk/~alumni/news/../donation/../news/../news/../news/../news/@[4, 786, 805, 820, 857, 897, 940, 946, 991, 1096, 1219, 1264, 1295, 1311, 1427, 1468, 1556, 1600, 1694, 1736, 1789, 1844, 1880, 1901, 1990, 2005, 2070, 2118, 2212, 2254, 2340, 2354, 2393, 2424, 2447, 2579, 2671, 2722, 2782, 2802, 2833, 2845, 2851, 2862, 2918, 2943, 3023, 3035, 3091, 3142, 3156, 3223, 3277, 3311, 3323, 3368, 3397, 3410, 3433, 3505, 3558, 3589, 3601, 3607, 3617, 3700, 3768, 3786, 3836, 3919, 4142, 4196, 4505, 4699, 4719, 4741, 4807, 4828, 4859, 4872, 4941, 4956, 4971, 4989, 5051]@{}
http://www.comp.hkbu.edu.hk/v1/?page=job_vacancies@[2423, 2428]@{}
http://www.comp.hkbu.edu.hk/v1/?page=job_vacancies?=tc?=tc?=tc?=tc?=tc?=tc@[2875, 2880, 4790]@{}
http://www.comp.hkbu.edu.hk/v1/?page=job_vacancies?=sc?=tc?=tc?=tc?=tc?=tc@[2875, 2880, 4789]@{}
http://www.comp.hkbu.edu.hk/v1/?page=sitemap?=tc?=tc?=tc?=tc?=tc?=tc@[2875, 2880, 4793]@{}
http://www.comp.hkbu.edu.hk/v1/?page=sitemap?=sc?=tc?=tc?=tc?=tc?=tc@[2875, 2880, 4811]@{}
http://www.comp.hkbu.edu.hk/v1/?page=home?=tc?=tc?=tc?=tc@[2875, 2880, 4792]@{}
http://www.comp.hkbu.edu.hk/~alumni/news/../news/../news/../news/../news/../news/../news/@[4, 786, 805, 820, 857, 897, 940, 946, 991, 1096, 1219, 1264, 1295, 1311, 1427, 1468, 1556, 1600, 1694, 1736, 1789, 1844, 1880, 1901, 1990, 2005, 2070, 2118, 2212, 2254, 2340, 2354, 2393, 2424, 2447, 2579, 2671, 2722, 2782, 2802, 2833, 2845, 2851, 2862, 2918, 2943, 3023, 3035, 3091, 3142, 3156, 3223, 3277, 3311, 3323, 3368, 3397, 3410, 3433, 3505, 3558, 3589, 3601, 3607, 3617, 3700, 3768, 3786, 3836, 3919, 4142, 4196, 4505, 4699, 4719, 4741, 4807, 4828, 4859, 4872, 4941, 4956, 4971, 4989, 5051]@{}
http://www.comp.hkbu.edu.hk/~alumni/news/../scholarship/../news/../news/../news/../news/../news/@[4, 786, 805, 820, 857, 897, 940, 946, 991, 1096, 1219, 1264, 1295, 1311, 1427, 1468, 1556, 1600, 1694, 1736, 1789, 1844, 1880, 1901, 1990, 2005, 2070, 2118, 2212, 2254, 2340, 2354, 2393, 2424, 2447, 2579, 2671, 2722, 2782, 2802, 2833, 2845, 2851, 2862, 2918, 2943, 3023, 3035, 3091, 3142, 3156, 3223, 3277, 3311, 3323, 3368, 3397, 3410, 3433, 3505, 3558, 3589, 3601, 3607, 3617, 3700, 3768, 3786, 3836, 3919, 4142, 4196, 4505, 4699, 4719, 4741, 4807, 4828, 4859, 4872, 4941, 4956, 4971, 4989, 5051]@{}
http://www.comp.hkbu.edu.hk/~alumni/news/../donation/../news/../news/../news/../news/../news/@[4, 786, 805, 820, 857, 897, 940, 946, 991, 1096, 1219, 1264, 1295, 1311, 1427, 1468, 1556, 1600, 1694, 1736, 1789, 1844, 1880, 1901, 1990, 2005, 2070, 2118, 2212, 2254, 2340, 2354, 2393, 2424, 2447, 2579, 2671, 2722, 2782, 2802, 2833, 2845, 2851, 2862, 2918, 2943, 3023, 3035, 3091, 3142, 3156, 3223, 3277, 3311, 3323, 3368, 3397, 3410, 3433, 3505, 3558, 3589, 3601, 3607, 3617, 3700, 3768, 3786, 3836, 3919, 4142, 4196, 4505, 4699, 4719, 4741, 4807, 4828, 4859, 4872, 4941, 4956, 4971, 4989, 5051]@{}
http://www.comp.hkbu.edu.hk/v1/?page=job_vacancies?=tc?=tc?=tc?=tc?=tc?=tc?=tc@[2875, 2880, 4794]@{}
http://www.comp.hkbu.edu.hk/v1/?page=job_vacancies?=sc?=tc?=tc?=tc?=tc?=tc?=tc@[2875, 2880, 4791]@{}
http://www.comp.hkbu.edu.hk/v1/?page=sitemap?=tc?=tc?=tc?=tc?=tc?=tc?=tc@[2875, 2880, 4793]@{}
http://www.comp.hkbu.edu.hk/v1/?page=sitemap?=sc?=tc?=tc?=tc?=tc?=tc?=tc@[2875, 2880, 4795]@{}
http://www.comp.hkbu.edu.hk/v1/?page=home?=tc?=tc?=tc?=tc?=tc@[2875, 2880, 4795]@{}
http://www.comp.hkbu.edu.hk/~alumni/news/../news/../news/../news/../news/../news/../news/../news/@[4, 786, 805, 820, 857, 897, 940, 946, 991, 1096, 1219, 1264, 1295, 1311, 1427, 1468, 1556, 1600, 1694, 1736, 1789, 1844, 1880, 1901, 1990, 2005, 2070, 2118, 2212, 2254, 2340, 2354, 2393, 2424, 2447, 2579, 2671, 2722, 2782, 2802, 2833, 2845, 2851, 2862, 2918, 2943, 3023, 3035, 3091, 3142, 3156, 3223, 3277, 3311, 3323, 3368, 3397, 3410, 3433, 3505, 3558, 3589, 3601, 3607, 3617, 3700, 3768, 3786, 3836, 3919, 4142, 4196, 4505, 4699, 4719, 4741, 4807, 4828, 4859, 4872, 4941, 4956, 4971, 4989, 5051]@{}
http://www.comp.hkbu.edu.hk/~alumni/news/../scholarship/../news/../news/../news/../news/../news/../news/@[4, 786, 805, 820, 857, 897, 940, 946, 991, 1096, 1219, 1264, 1295, 1311, 1427, 1468, 1556, 1600, 1694, 1736, 1789, 1844, 1880, 1901, 1990, 2005, 2070, 2118, 2212, 2254, 2340, 2354, 2393, 2424, 2447, 2579, 2671, 2722, 2782, 2802, 2833, 2845, 2851, 2862, 2918, 2943, 3023, 3035, 3091, 3142, 3156, 3223, 3277, 3311, 3323, 3368, 3397, 3410, 3433, 3505, 3558, 3589, 3601, 3607, 3617, 3700, 3768, 3786, 3836, 3919, 4142, 4196, 4505, 4699, 4719, 4741, 4807, 4828, 4859, 4872, 4941, 4956, 4971, 4989, 5051]@{}
http://www.comp.hkbu.edu.hk/~alumni/news/../donation/../news/../news/../news/../news/../news/../news/@[4, 786, 805, 820, 857, 897, 940, 946, 991, 1096, 1219, 1264, 1295, 1311, 1427, 1468, 1556, 1600, 1694, 1736, 1789, 1844, 1880, 1901, 1990, 2005, 2070, 2118, 2212, 2254, 2340, 2354, 2393, 2424, 2447, 2579, 2671, 2722, 2782, 2802, 2833, 2845, 2851, 2862, 2918, 2943, 3023, 3035, 3091, 3142, 3156, 3223, 3277, 3311, 3323, 3368, 3397, 3410, 3433, 3505, 3558, 3589, 3601, 3607, 3617, 3700, 3768, 3786, 3836, 3919, 4142, 4196, 4505, 4699, 4719, 4741, 4807, 4828, 4859, 4872, 4941, 4956, 4971, 4989, 5051]@{}
http://www.comp.hkbu.edu.hk/v1/?page=job_vacancies?=tc?=tc?=tc?=tc?=tc?=tc?=tc?=tc@[2875, 2880, 4810]@{}
http://www.comp.hkbu.edu.hk/v1/?page=job_vacancies?=sc?=tc?=tc?=tc?=tc?=tc?=tc?=tc@[2875, 2880, 4794]@{}
http://www.comp.hkbu.edu.hk/v1/?page=sitemap?=tc?=tc?=tc?=tc?=tc?=tc?=tc?=tc@[2875, 2880, 4797]@{}
http://www.comp.hkbu.edu.hk/v1/?page=sitemap?=sc?=tc?=tc?=tc?=tc?=tc?=tc?=tc@[2875, 2880, 4811]@{}
http://www.comp.hkbu.edu.hk/v1/?page=sitemap@[2421, 2426, 4518, 4708, 5489, 5492]@{}
http://www.comp.hkbu.edu.hk/v1/?page=home?=tc?=tc?=tc?=tc?=tc?=tc@[2875, 2880, 4796]@{}
http://www.comp.hkbu.edu.hk/~alumni/news/../news/../news/../news/../news/../news/../news/../news/../news/@[4, 786, 805, 820, 857, 897, 940, 946, 991, 1096, 1219, 1264, 1295, 1311, 1427, 1468, 1556, 1600, 1694, 1736, 1789, 1844, 1880, 1901, 1990, 2005, 2070, 2118, 2212, 2254, 2340, 2354, 2393, 2424, 2447, 2579, 2671, 2722, 2782, 2802, 2833, 2845, 2851, 2862, 2918, 2943, 3023, 3035, 3091, 3142, 3156, 3223, 3277, 3311, 3323, 3368, 3397, 3410, 3433, 3505, 3558, 3589, 3601, 3607, 3617, 3700, 3768, 3786, 3836, 3919, 4142, 4196, 4505, 4699, 4719, 4741, 4807, 4828, 4859, 4872, 4941, 4956, 4971, 4989, 5051]@{}
http://www.comp.hkbu.edu.hk/~alumni/news/../scholarship/../news/../news/../news/../news/../news/../news/../news/@[4, 786, 805, 820, 857, 897, 940, 946, 991, 1096, 1219, 1264, 1295, 1311, 1427, 1468, 1556, 1600, 1694, 1736, 1789, 1844, 1880, 1901, 1990, 2005, 2070, 2118, 2212, 2254, 2340, 2354, 2393, 2424, 2447, 2579, 2671, 2722, 2782, 2802, 2833, 2845, 2851, 2862, 2918, 2943, 3023, 3035, 3091, 3142, 3156, 3223, 3277, 3311, 3323, 3368, 3397, 3410, 3433, 3505, 3558, 3589, 3601, 3607, 3617, 3700, 3768, 3786, 3836, 3919, 4142, 4196, 4505, 4699, 4719, 4741, 4807, 4828, 4859, 4872, 4941, 4956, 4971, 4989, 5051]@{}
http://www.comp.hkbu.edu.hk/~alumni/news/../donation/../news/../news/../news/../news/../news/../news/../news/@[4, 786, 805, 820, 857, 897, 940, 946, 991, 1096, 1219, 1264, 1295, 1311, 1427, 1468, 1556, 1600, 1694, 1736, 1789, 1844, 1880, 1901, 1990, 2005, 2070, 2118, 2212, 2254, 2340, 2354, 2393, 2424, 2447, 2579, 2671, 2722, 2782, 2802, 2833, 2845, 2851, 2862, 2918, 2943, 3023, 3035, 3091, 3142, 3156, 3223, 3277, 3311, 3323, 3368, 3397, 3410, 3433, 3505, 3558, 3589, 3601, 3607, 3617, 3700, 3768, 3786, 3836, 3919, 4142, 4196, 4505, 4699, 4719, 4741, 4807, 4828, 4859, 4872, 4941, 4956, 4971, 4989, 5051]@{}
http://www.comp.hkbu.edu.hk/v1/?page=job_vacancies?=tc?=tc?=tc?=tc?=tc?=tc?=tc?=tc?=tc@[2875, 2880, 4810]@{}
http://www.comp.hkbu.edu.hk/v1/?page=job_vacancies?=sc?=tc?=tc?=tc?=tc?=tc?=tc?=tc?=tc@[2875, 2880, 4809]@{}
http://www.comp.hkbu.edu.hk/v1/?page=sitemap?=tc?=tc?=tc?=tc?=tc?=tc?=tc?=tc?=tc@[2875, 2880, 4794]@{}
http://www.comp.hkbu.edu.hk/v1/?page=sitemap?=sc?=tc?=tc?=tc?=tc?=tc?=tc?=tc?=tc@[2875, 2880, 4812]@{}
http://www.comp.hkbu.edu.hk/v1/?lang=tc@[2875, 2880, 4794]@{}
http://www.comp.hkbu.edu.hk/~alumni/news/@[4, 786, 805, 820, 857, 897, 940, 946, 991, 1096, 1219, 1264, 1295, 1311, 1427, 1468, 1556, 1600, 1694, 1736, 1789, 1844, 1880, 1901, 1990, 2005, 2070, 2118, 2212, 2254, 2340, 2354, 2393, 2424, 2447, 2579, 2671, 2722, 2782, 2802, 2833, 2845, 2851, 2862, 2918, 2943, 3023, 3035, 3091, 3142, 3156, 3223, 3277, 3311, 3323, 3368, 3397, 3410, 3433, 3505, 3558, 3589, 3601, 3607, 3617, 3700, 3768, 3786, 3836, 3919, 4142, 4196, 4505, 4699, 4719, 4741, 4807, 4828, 4859, 4872, 4941, 4956, 4971, 4989, 5051]@{}
http://www.sci.hkbu.edu.hk/eng/page/?page=prospective-students@[1748, 1749]@{}
http://www.sci.hkbu.edu.hk/eng/page/?page=current-students@[1748, 1749]@{}
http://www.sci.hkbu.edu.hk/eng/page/@[1748, 1749, 2423, 2565]@{}
http://www.sci.hkbu.edu.hk/eng/about-us/honorary-doctorate@[1748, 1749]@{}
http://www.sci.hkbu.edu.hk/eng/about-us/distinguished-professorship/eng/page/?page=prospective-students@[1748, 1749, 2800, 3868, 5166, 5178, 5560, 5583, 5696, 6036]@{}
http://www.sci.hkbu.edu.hk/eng/about-us/honorary-doctorate/eng/page/?page=prospective-students@[1748, 1749, 2800, 3868, 5166, 5178, 5560, 5583, 5696, 6036]@{}
http://www.sci.hkbu.edu.hk/eng/about-us/distinguished-professor-of-science@[1748, 1749]@{}
http://www.sci.hkbu.edu.hk/eng/about-us/dr-kennedy-wong-distinguished-visiting-professorship-scheme@[1748, 1749]@{}
http://www.sci.hkbu.edu.hk/eng/about-us/distinguished-professor-of-science/eng/page/?page=prospective-students@[1748, 1749, 2800, 3868, 5166, 5178, 5560, 5583, 5696, 6036]@{}
http://www.sci.hkbu.edu.hk/eng/about-us/dr-kennedy-wong-distinguished-visiting-professorship-scheme/eng/page/?page=prospective-students@[1748, 1749, 2800, 3868, 5166, 5178, 5560, 5583, 5696, 6036]@{}
http://www.sci.hkbu.edu.hk/eng/page/eng/about-us/vision-mission@[1748, 1749, 2800, 3868, 5166, 5178, 5560, 5583, 5696, 6036]@{}
http://www.sci.hkbu.edu.hk/eng/page/eng/about-us/faculty-advisory-committee@[1748, 1749, 2800, 3868, 5166, 5178, 5560, 5583, 5696, 6036]@{}
http://www.sci.hkbu.edu.hk/eng@[1748, 1749, 2800, 3868, 5166, 5178, 5560, 5583, 5696, 6036]@{}
http://www.sci.hkbu.edu.hk/eng/about-us/vision-mission@[1748, 1749]@{}
http://www.sci.hkbu.edu.hk/eng/about-us/faculty-advisory-committee@[1748, 1749]@{}
http://www.sci.hkbu.edu.hk/eng/about-us/vision-mission/eng/page/?page=prospective-students@[1748, 1749, 2800, 3868, 5166, 5178, 5560, 5583, 5696, 6036]@{}
http://www.sci.hkbu.edu.hk/eng/about-us/faculty-advisory-committee/eng/page/?page=prospective-students@[1748, 1749, 2800, 3868, 5166, 5178, 5560, 5583, 5696, 6036]@{}
http://www.sci.hkbu.edu.hk/eng/about-us/distinguished-professorship@[1748, 1749]@{}
