https://www.comp.hkbu.edu.hk/v1/?page=head@[478]@[478]
https://www.hkbu.edu.hk/eng/about/privacy.jsp@[875, 2169]@[875, 2169]
https://www.comp.hkbu.edu.hk/v1/?page=funded_projects@[1223]@[1223]
https://www.comp.hkbu.edu.hk/v1/?page=facilities_teaching@[250, 322]@[250, 322]
https://www.comp.hkbu.edu.hk/v1/?page=events@[277, 453, 3343, 4823]@[277, 453, 3343, 4823]
https://www.comp.hkbu.edu.hk/v1/?page=highlights@[530, 1751, 1762]@[530, 1751, 1762]
https://foundation.hkbu.edu.hk/en/ways-to-give@[590, 603, 611, 675]@[590, 603, 611, 675]
https://foundation.hkbu.edu.hk/en@[993, 1003]@[993, 1003]
https://ito.hkbu.edu.hk/index.php/services-2/account-password/#tab-3@[230, 365, 609, 817]@[230, 365, 609, 817]
https://policies.google.com/terms@[141, 215, 335, 567, 641, 1331, 1547, 1773, 2075, 2314, 3199, 3230, 3329, 3384, 3669]@[141, 215, 335, 567, 641, 1331, 1547, 1773, 2075, 2314, 3199, 3230, 3329, 3384, 3669]
https://policies.google.com/privacy@[146, 276, 292, 319, 345, 363, 409, 594, 1001, 1057, 1111, 1128, 1544, 2119, 2151, 2175, 2248, 2264, 2305, 2412, 2472, 2546, 2576, 2595, 2690, 2706, 2757, 2795, 2803, 3512, 3530, 3564, 3636, 3650, 3808, 4232, 4412, 4538, 4597, 4671, 4715, 4783, 5116, 5172, 5193, 5201, 5206, 5250, 5313, 5357, 5422, 5469, 5584, 5611, 5689, 5724, 5754, 5769, 5825, 5845, 5873, 5969, 6088, 6206, 6263, 6378, 6413, 6453, 6542, 6653, 6676, 6694, 6736, 6753, 6908, 7034, 7048, 7140, 7184, 7200, 7416]@[146, 276, 292, 319, 345, 363, 409, 594, 1001, 1057, 1111, 1128, 1544, 2119, 2151, 2175, 2248, 2264, 2305, 2412, 2472, 2546, 2576, 2595, 2690, 2706, 2757, 2795, 2803, 3512, 3530, 3564, 3636, 3650, 3808, 4232, 4412, 4538, 4597, 4671, 4715, 4783, 5116, 5172, 5193, 5201, 5206, 5250, 5313, 5357, 5422, 5469, 5584, 5611, 5689, 5724, 5754, 5769, 5825, 5845, 5873, 5969, 6088, 6206, 6263, 6378, 6413, 6453, 6542, 6653, 6676, 6694, 6736, 6753, 6908, 7034, 7048, 7140, 7184, 7200, 7416]
