http://www.comp.hkbu.edu.hk@[713, 753, 770, 817, 889, 897, 940, 1071, 1081, 1109, 1114, 1125, 1157, 1163, 1175, 1189, 1208, 1220, 1235, 1253, 1264, 1326, 1330, 1336, 1344, 1356, 1364, 1366, 1372, 1384, 1387, 1390, 1394, 1420, 1426, 1432, 1444, 1452, 1454, 1460, 1472, 1475, 1481, 1493, 1501, 1504, 1514, 1516, 1533, 1535, 1548, 1562, 1573, 1575, 1588, 1602, 1613, 1626, 1636, 1675, 1693, 1714, 1740, 1763, 1781, 1789, 1939, 1960, 1976, 1978, 1997, 2007, 2017, 2032, 2039, 2043, 2720, 2762, 2808, 5863, 5870, 6828, 6862]@{}
http://www.comp.hkbu.edu.hk/v1/?page=sci@[655, 672, 693, 736, 761, 790, 918, 1031, 1782, 1810, 1842, 1866, 1930, 2735, 2929, 2966, 3039, 3997, 4034, 4099, 4129, 4159, 4190, 8088]@{}
http://www.comp.hkbu.edu.hk/v1/?page=job_vacancies?=tc@[713, 753, 770, 817, 889, 897, 940, 1071, 1081, 1109, 1114, 1125, 1157, 1163, 1175, 1189, 1208, 1220, 1235, 1253, 1264, 1326, 1330, 1336, 1344, 1356, 1364, 1366, 1372, 1384, 1387, 1390, 1394, 1420, 1426, 1432, 1444, 1452, 1454, 1460, 1472, 1475, 1481, 1493, 1501, 1504, 1514, 1516, 1533, 1535, 1548, 1562, 1573, 1575, 1588, 1602, 1613, 1626, 1636, 1675, 1693, 1714, 1740, 1763, 1781, 1789, 1939, 1960, 1976, 1978, 1997, 2007, 2017, 2032, 2039, 2043, 2720, 2762, 2808, 5859, 5866, 6804, 6838]@{}
http://www.comp.hkbu.edu.hk/v1/?page=job_vacancies?=sc@[713, 753, 770, 817, 889, 897, 940, 1071, 1081, 1109, 1114, 1125, 1157, 1163, 1175, 1189, 1208, 1220, 1235, 1253, 1264, 1326, 1330, 1336, 1344, 1356, 1364, 1366, 1372, 1384, 1387, 1390, 1394, 1420, 1426, 1432, 1444, 1452, 1454, 1460, 1472, 1475, 1481, 1493, 1501, 1504, 1514, 1516, 1533, 1535, 1548, 1562, 1573, 1575, 1588, 1602, 1613, 1626, 1636, 1675, 1693, 1714, 1740, 1763, 1781, 1789, 1939, 1960, 1976, 1978, 1997, 2007, 2017, 2032, 2039, 2043, 2720, 2762, 2808, 5859, 5866, 6813, 6847]@{}
http://www.comp.hkbu.edu.hk/v1/?page=sitemap?=tc@[713, 753, 770, 817, 889, 897, 940, 1071, 1081, 1109, 1114, 1125, 1157, 1163, 1175, 1189, 1208, 1220, 1235, 1253, 1264, 1326, 1330, 1336, 1344, 1356, 1364, 1366, 1372, 1384, 1387, 1390, 1394, 1420, 1426, 1432, 1444, 1452, 1454, 1460, 1472, 1475, 1481, 1493, 1501, 1504, 1514, 1516, 1533, 1535, 1548, 1562, 1573, 1575, 1588, 1602, 1613, 1626, 1636, 1675, 1693, 1714, 1740, 1763, 1781, 1789, 1939, 1960, 1976, 1978, 1997, 2007, 2017, 2032, 2039, 2043, 2720, 2762, 2808, 5855, 5862, 6816, 6850]@{}
http://www.comp.hkbu.edu.hk/v1/?page=sitemap?=sc@[713, 753, 770, 817, 889, 897, 940, 1071, 1081, 1109, 1114, 1125, 1157, 1163, 1175, 1189, 1208, 1220, 1235, 1253, 1264, 1326, 1330, 1336, 1344, 1356, 1364, 1366, 1372, 1384, 1387, 1390, 1394, 1420, 1426, 1432, 1444, 1452, 1454, 1460, 1472, 1475, 1481, 1493, 1501, 1504, 1514, 1516, 1533, 1535, 1548, 1562, 1573, 1575, 1588, 1602, 1613, 1626, 1636, 1675, 1693, 1714, 1740, 1763, 1781, 1789, 1939, 1960, 1976, 1978, 1997, 2007, 2017, 2032, 2039, 2043, 2720, 2762, 2808, 5854, 5861, 6831, 6865]@{}
http://www.comp.hkbu.edu.hk/v1/?lang=sc@[713, 753, 770, 817, 889, 897, 940, 1071, 1081, 1109, 1114, 1125, 1157, 1163, 1175, 1189, 1208, 1220, 1235, 1253, 1264, 1326, 1330, 1336, 1344, 1356, 1364, 1366, 1372, 1384, 1387, 1390, 1394, 1420, 1426, 1432, 1444, 1452, 1454, 1460, 1472, 1475, 1481, 1493, 1501, 1504, 1514, 1516, 1533, 1535, 1548, 1562, 1573, 1575, 1588, 1602, 1613, 1626, 1636, 1675, 1693, 1714, 1740, 1763, 1781, 1789, 1939, 1960, 1976, 1978, 1997, 2007, 2017, 2032, 2039, 2043, 2720, 2762, 2808, 5850, 5857, 6797, 6831]@{}
http://www.comp.hkbu.edu.hk/v1/?page=job_vacancies?=tc?=tc@[713, 753, 770, 817, 889, 897, 940, 1071, 1081, 1109, 1114, 1125, 1157, 1163, 1175, 1189, 1208, 1220, 1235, 1253, 1264, 1326, 1330, 1336, 1344, 1356, 1364, 1366, 1372, 1384, 1387, 1390, 1394, 1420, 1426, 1432, 1444, 1452, 1454, 1460, 1472, 1475, 1481, 1493, 1501, 1504, 1514, 1516, 1533, 1535, 1548, 1562, 1573, 1575, 1588, 1602, 1613, 1626, 1636, 1675, 1693, 1714, 1740, 1763, 1781, 1789, 1939, 1960, 1976, 1978, 1997, 2007, 2017, 2032, 2039, 2043, 2720, 2762, 2808, 5856, 5863, 6818, 6852]@{}
http://www.comp.hkbu.edu.hk/v1/?page=job_vacancies?=sc?=tc@[713, 753, 770, 817, 889, 897, 940, 1071, 1081, 1109, 1114, 1125, 1157, 1163, 1175, 1189, 1208, 1220, 1235, 1253, 1264, 1326, 1330, 1336, 1344, 1356, 1364, 1366, 1372, 1384, 1387, 1390, 1394, 1420, 1426, 1432, 1444, 1452, 1454, 1460, 1472, 1475, 1481, 1493, 1501, 1504, 1514, 1516, 1533, 1535, 1548, 1562, 1573, 1575, 1588, 1602, 1613, 1626, 1636, 1675, 1693, 1714, 1740, 1763, 1781, 1789, 1939, 1960, 1976, 1978, 1997, 2007, 2017, 2032, 2039, 2043, 2720, 2762, 2808, 5866, 5873, 6847, 6881]@{}
http://www.comp.hkbu.edu.hk/v1/?page=sitemap?=tc?=tc@[713, 753, 770, 817, 889, 897, 940, 1071, 1081, 1109, 1114, 1125, 1157, 1163, 1175, 1189, 1208, 1220, 1235, 1253, 1264, 1326, 1330, 1336, 1344, 1356, 1364, 1366, 1372, 1384, 1387, 1390, 1394, 1420, 1426, 1432, 1444, 1452, 1454, 1460, 1472, 1475, 1481, 1493, 1501, 1504, 1514, 1516, 1533, 1535, 1548, 1562, 1573, 1575, 1588, 1602, 1613, 1626, 1636, 1675, 1693, 1714, 1740, 1763, 1781, 1789, 1939, 1960, 1976, 1978, 1997, 2007, 2017, 2032, 2039, 2043, 2720, 2762, 2808, 5856, 5863, 6809, 6843]@{}
http://www.comp.hkbu.edu.hk/v1/?page=sitemap?=sc?=tc@[713, 753, 770, 817, 889, 897, 940, 1071, 1081, 1109, 1114, 1125, 1157, 1163, 1175, 1189, 1208, 1220, 1235, 1253, 1264, 1326, 1330, 1336, 1344, 1356, 1364, 1366, 1372, 1384, 1387, 1390, 1394, 1420, 1426, 1432, 1444, 1452, 1454, 1460, 1472, 1475, 1481, 1493, 1501, 1504, 1514, 1516, 1533, 1535, 1548, 1562, 1573, 1575, 1588, 1602, 1613, 1626, 1636, 1675, 1693, 1714, 1740, 1763, 1781, 1789, 1939, 1960, 1976, 1978, 1997, 2007, 2017, 2032, 2039, 2043, 2720, 2762, 2808, 5870, 5877, 6836, 6870]@{}
http://www.comp.hkbu.edu.hk/v1/?page=home@[713, 753, 770, 817, 889, 897, 940, 1071, 1081, 1109, 1114, 1125, 1157, 1163, 1175, 1189, 1208, 1220, 1235, 1253, 1264, 1326, 1330, 1336, 1344, 1356, 1364, 1366, 1372, 1384, 1387, 1390, 1394, 1420, 1426, 1432, 1444, 1452, 1454, 1460, 1472, 1475, 1481, 1493, 1501, 1504, 1514, 1516, 1533, 1535, 1548, 1562, 1573, 1575, 1588, 1602, 1613, 1626, 1636, 1675, 1693, 1714, 1740, 1763, 1781, 1789, 1939, 1960, 1976, 1978, 1997, 2007, 2017, 2032, 2039, 2043, 2720, 2762, 2808, 5848, 5855, 6801, 6835]@{}
http://www.comp.hkbu.edu.hk/v1/?page=job_vacancies?=tc?=tc?=tc@[713, 753, 770, 817, 889, 897, 940, 1071, 1081, 1109, 1114, 1125, 1157, 1163, 1175, 1189, 1208, 1220, 1235, 1253, 1264, 1326, 1330, 1336, 1344, 1356, 1364, 1366, 1372, 1384, 1387, 1390, 1394, 1420, 1426, 1432, 1444, 1452, 1454, 1460, 1472, 1475, 1481, 1493, 1501, 1504, 1514, 1516, 1533, 1535, 1548, 1562, 1573, 1575, 1588, 1602, 1613, 1626, 1636, 1675, 1693, 1714, 1740, 1763, 1781, 1789, 1939, 1960, 1976, 1978, 1997, 2007, 2017, 2032, 2039, 2043, 2720, 2762, 2808, 5870, 5877, 6844, 6878]@{}
http://www.comp.hkbu.edu.hk/v1/?page=job_vacancies?=sc?=tc?=tc@[713, 753, 770, 817, 889, 897, 940, 1071, 1081, 1109, 1114, 1125, 1157, 1163, 1175, 1189, 1208, 1220, 1235, 1253, 1264, 1326, 1330, 1336, 1344, 1356, 1364, 1366, 1372, 1384, 1387, 1390, 1394, 1420, 1426, 1432, 1444, 1452, 1454, 1460, 1472, 1475, 1481, 1493, 1501, 1504, 1514, 1516, 1533, 1535, 1548, 1562, 1573, 1575, 1588, 1602, 1613, 1626, 1636, 1675, 1693, 1714, 1740, 1763, 1781, 1789, 1939, 1960, 1976, 1978, 1997, 2007, 2017, 2032, 2039, 2043, 2720, 2762, 2808, 5854, 5861, 6813, 6847]@{}
http://www.comp.hkbu.edu.hk/v1/?page=sitemap?=tc?=tc?=tc@[713, 753, 770, 817, 889, 897, 940, 1071, 1081, 1109, 1114, 1125, 1157, 1163, 1175, 1189, 1208, 1220, 1235, 1253, 1264, 1326, 1330, 1336, 1344, 1356, 1364, 1366, 1372, 1384, 1387, 1390, 1394, 1420, 1426, 1432, 1444, 1452, 1454, 1460, 1472, 1475, 1481, 1493, 1501, 1504, 1514, 1516, 1533, 1535, 1548, 1562, 1573, 1575, 1588, 1602, 1613, 1626, 1636, 1675, 1693, 1714, 1740, 1763, 1781, 1789, 1939, 1960, 1976, 1978, 1997, 2007, 2017, 2032, 2039, 2043, 2720, 2762, 2808, 5860, 5867, 6841, 6875]@{}
http://www.comp.hkbu.edu.hk/v1/?page=sitemap?=sc?=tc?=tc@[713, 753, 770, 817, 889, 897, 940, 1071, 1081, 1109, 1114, 1125, 1157, 1163, 1175, 1189, 1208, 1220, 1235, 1253, 1264, 1326, 1330, 1336, 1344, 1356, 1364, 1366, 1372, 1384, 1387, 1390, 1394, 1420, 1426, 1432, 1444, 1452, 1454, 1460, 1472, 1475, 1481, 1493, 1501, 1504, 1514, 1516, 1533, 1535, 1548, 1562, 1573, 1575, 1588, 1602, 1613, 1626, 1636, 1675, 1693, 1714, 1740, 1763, 1781, 1789, 1939, 1960, 1976, 1978, 1997, 2007, 2017, 2032, 2039, 2043, 2720, 2762, 2808, 5863, 5870, 6844, 6878]@{}
http://www.comp.hkbu.edu.hk/v1/?page=home?=tc@[713, 753, 770, 817, 889, 897, 940, 1071, 1081, 1109, 1114, 1125, 1157, 1163, 1175, 1189, 1208, 1220, 1235, 1253, 1264, 1326, 1330, 1336, 1344, 1356, 1364, 1366, 1372, 1384, 1387, 1390, 1394, 1420, 1426, 1432, 1444, 1452, 1454, 1460, 1472, 1475, 1481, 1493, 1501, 1504, 1514, 1516, 1533, 1535, 1548, 1562, 1573, 1575, 1588, 1602, 1613, 1626, 1636, 1675, 1693, 1714, 1740, 1763, 1781, 1789, 1939, 1960, 1976, 1978, 1997, 2007, 2017, 2032, 2039, 2043, 2720, 2762, 2808, 5858, 5865, 6829, 6863]@{}
http://www.comp.hkbu.edu.hk/v1/?page=job_vacancies?=tc?=tc?=tc?=tc@[713, 753, 770, 817, 889, 897, 940, 1071, 1081, 1109, 1114, 1125, 1157, 1163, 1175, 1189, 1208, 1220, 1235, 1253, 1264, 1326, 1330, 1336, 1344, 1356, 1364, 1366, 1372, 1384, 1387, 1390, 1394, 1420, 1426, 1432, 1444, 1452, 1454, 1460, 1472, 1475, 1481, 1493, 1501, 1504, 1514, 1516, 1533, 1535, 1548, 1562, 1573, 1575, 1588, 1602, 1613, 1626, 1636, 1675, 1693, 1714, 1740, 1763, 1781, 1789, 1939, 1960, 1976, 1978, 1997, 2007, 2017, 2032, 2039, 2043, 2720, 2762, 2808, 5871, 5878, 6824, 6858]@{}
http://www.comp.hkbu.edu.hk/v1/?page=job_vacancies?=sc?=tc?=tc?=tc@[713, 753, 770, 817, 889, 897, 940, 1071, 1081, 1109, 1114, 1125, 1157, 1163, 1175, 1189, 1208, 1220, 1235, 1253, 1264, 1326, 1330, 1336, 1344, 1356, 1364, 1366, 1372, 1384, 1387, 1390, 1394, 1420, 1426, 1432, 1444, 1452, 1454, 1460, 1472, 1475, 1481, 1493, 1501, 1504, 1514, 1516, 1533, 1535, 1548, 1562, 1573, 1575, 1588, 1602, 1613, 1626, 1636, 1675, 1693, 1714, 1740, 1763, 1781, 1789, 1939, 1960, 1976, 1978, 1997, 2007, 2017, 2032, 2039, 2043, 2720, 2762, 2808, 5872, 5879, 6812, 6846]@{}
http://www.comp.hkbu.edu.hk/v1/?page=sitemap?=tc?=tc?=tc?=tc@[713, 753, 770, 817, 889, 897, 940, 1071, 1081, 1109, 1114, 1125, 1157, 1163, 1175, 1189, 1208, 1220, 1235, 1253, 1264, 1326, 1330, 1336, 1344, 1356, 1364, 1366, 1372, 1384, 1387, 1390, 1394, 1420, 1426, 1432, 1444, 1452, 1454, 1460, 1472, 1475, 1481, 1493, 1501, 1504, 1514, 1516, 1533, 1535, 1548, 1562, 1573, 1575, 1588, 1602, 1613, 1626, 1636, 1675, 1693, 1714, 1740, 1763, 1781, 1789, 1939, 1960, 1976, 1978, 1997, 2007, 2017, 2032, 2039, 2043, 2720, 2762, 2808, 5860, 5867, 6830, 6864]@{}
http://www.comp.hkbu.edu.hk/v1/?page=sitemap?=sc?=tc?=tc?=tc@[713, 753, 770, 817, 889, 897, 940, 1071, 1081, 1109, 1114, 1125, 1157, 1163, 1175, 1189, 1208, 1220, 1235, 1253, 1264, 1326, 1330, 1336, 1344, 1356, 1364, 1366, 1372, 1384, 1387, 1390, 1394, 1420, 1426, 1432, 1444, 1452, 1454, 1460, 1472, 1475, 1481, 1493, 1501, 1504, 1514, 1516, 1533, 1535, 1548, 1562, 1573, 1575, 1588, 1602, 1613, 1626, 1636, 1675, 1693, 1714, 1740, 1763, 1781, 1789, 1939, 1960, 1976, 1978, 1997, 2007, 2017, 2032, 2039, 2043, 2720, 2762, 2808, 5871, 5878, 6838, 6872]@{}
http://www.comp.hkbu.edu.hk/v1/?page=home?=tc?=tc@[713, 753, 770, 817, 889, 897, 940, 1071, 1081, 1109, 1114, 1125, 1157, 1163, 1175, 1189, 1208, 1220, 1235, 1253, 1264, 1326, 1330, 1336, 1344, 1356, 1364, 1366, 1372, 1384, 1387, 1390, 1394, 1420, 1426, 1432, 1444, 1452, 1454, 1460, 1472, 1475, 1481, 1493, 1501, 1504, 1514, 1516, 1533, 1535, 1548, 1562, 1573, 1575, 1588, 1602, 1613, 1626, 1636, 1675, 1693, 1714, 1740, 1763, 1781, 1789, 1939, 1960, 1976, 1978, 1997, 2007, 2017, 2032, 2039, 2043, 2720, 2762, 2808, 5860, 5867, 6812, 6846]@{}
http://www.comp.hkbu.edu.hk/v1/?page=job_vacancies?=tc?=tc?=tc?=tc?=tc@[713, 753, 770, 817, 889, 897, 940, 1071, 1081, 1109, 1114, 1125, 1157, 1163, 1175, 1189, 1208, 1220, 1235, 1253, 1264, 1326, 1330, 1336, 1344, 1356, 1364, 1366, 1372, 1384, 1387, 1390, 1394, 1420, 1426, 1432, 1444, 1452, 1454, 1460, 1472, 1475, 1481, 1493, 1501, 1504, 1514, 1516, 1533, 1535, 1548, 1562, 1573, 1575, 1588, 1602, 1613, 1626, 1636, 1675, 1693, 1714, 1740, 1763, 1781, 1789, 1939, 1960, 1976, 1978, 1997, 2007, 2017, 2032, 2039, 2043, 2720, 2762, 2808, 5874, 5881, 6819, 6853]@{}
http://www.comp.hkbu.edu.hk/v1/?page=job_vacancies?=sc?=tc?=tc?=tc?=tc@[713, 753, 770, 817, 889, 897, 940, 1071, 1081, 1109, 1114, 1125, 1157, 1163, 1175, 1189, 1208, 1220, 1235, 1253, 1264, 1326, 1330, 1336, 1344, 1356, 1364, 1366, 1372, 1384, 1387, 1390, 1394, 1420, 1426, 1432, 1444, 1452, 1454, 1460, 1472, 1475, 1481, 1493, 1501, 1504, 1514, 1516, 1533, 1535, 1548, 1562, 1573, 1575, 1588, 1602, 1613, 1626, 1636, 1675, 1693, 1714, 1740, 1763, 1781, 1789, 1939, 1960, 1976, 1978, 1997, 2007, 2017, 2032, 2039, 2043, 2720, 2762, 2808, 5859, 5866, 6821, 6855]@{}
http://www.comp.hkbu.edu.hk/v1/?page=sitemap?=tc?=tc?=tc?=tc?=tc@[713, 753, 770, 817, 889, 897, 940, 1071, 1081, 1109, 1114, 1125, 1157, 1163, 1175, 1189, 1208, 1220, 1235, 1253, 1264, 1326, 1330, 1336, 1344, 1356, 1364, 1366, 1372, 1384, 1387, 1390, 1394, 1420, 1426, 1432, 1444, 1452, 1454, 1460, 1472, 1475, 1481, 1493, 1501, 1504, 1514, 1516, 1533, 1535, 1548, 1562, 1573, 1575, 1588, 1602, 1613, 1626, 1636, 1675, 1693, 1714, 1740, 1763, 1781, 1789, 1939, 1960, 1976, 1978, 1997, 2007, 2017, 2032, 2039, 2043, 2720, 2762, 2808, 5867, 5874, 6841, 6875]@{}
http://www.comp.hkbu.edu.hk/v1/?page=sitemap?=sc?=tc?=tc?=tc?=tc@[713, 753, 770, 817, 889, 897, 940, 1071, 1081, 1109, 1114, 1125, 1157, 1163, 1175, 1189, 1208, 1220, 1235, 1253, 1264, 1326, 1330, 1336, 1344, 1356, 1364, 1366, 1372, 1384, 1387, 1390, 1394, 1420, 1426, 1432, 1444, 1452, 1454, 1460, 1472, 1475, 1481, 1493, 1501, 1504, 1514, 1516, 1533, 1535, 1548, 1562, 1573, 1575, 1588, 1602, 1613, 1626, 1636, 1675, 1693, 1714, 1740, 1763, 1781, 1789, 1939, 1960, 1976, 1978, 1997, 2007, 2017, 2032, 2039, 2043, 2720, 2762, 2808, 5873, 5880, 6826, 6860]@{}
http://www.comp.hkbu.edu.hk/v1/?page=home?=tc?=tc?=tc@[713, 753, 770, 817, 889, 897, 940, 1071, 1081, 1109, 1114, 1125, 1157, 1163, 1175, 1189, 1208, 1220, 1235, 1253, 1264, 1326, 1330, 1336, 1344, 1356, 1364, 1366, 1372, 1384, 1387, 1390, 1394, 1420, 1426, 1432, 1444, 1452, 1454, 1460, 1472, 1475, 1481, 1493, 1501, 1504, 1514, 1516, 1533, 1535, 1548, 1562, 1573, 1575, 1588, 1602, 1613, 1626, 1636, 1675, 1693, 1714, 1740, 1763, 1781, 1789, 1939, 1960, 1976, 1978, 1997, 2007, 2017, 2032, 2039, 2043, 2720, 2762, 2808, 5858, 5865, 6826, 6860]@{}
http://www.comp.hkbu.edu.hk/v1/?page=job_vacancies@[261, 301, 318, 365, 437, 445, 488, 619, 629, 657, 662, 673, 705, 711, 723, 737, 756, 768, 783, 801, 812, 874, 878, 884, 892, 904, 912, 914, 920, 932, 935, 938, 942, 968, 974, 980, 992, 1000, 1002, 1008, 1020, 1023, 1029, 1041, 1049, 1052, 1062, 1064, 1081, 1083, 1096, 1110, 1121, 1123, 1136, 1150, 1161, 1174, 1184, 1223, 1241, 1262, 1288, 1311, 1329, 1337, 1487, 1508, 1524, 1526, 1545, 1555, 1565, 1580, 1587, 1591, 2268, 2310, 2356, 4128, 4339, 4373]@{}
http://www.comp.hkbu.edu.hk/v1/?page=job_vacancies?=tc?=tc?=tc?=tc?=tc?=tc@[713, 753, 770, 817, 889, 897, 940, 1071, 1081, 1109, 1114, 1125, 1157, 1163, 1175, 1189, 1208, 1220, 1235, 1253, 1264, 1326, 1330, 1336, 1344, 1356, 1364, 1366, 1372, 1384, 1387, 1390, 1394, 1420, 1426, 1432, 1444, 1452, 1454, 1460, 1472, 1475, 1481, 1493, 1501, 1504, 1514, 1516, 1533, 1535, 1548, 1562, 1573, 1575, 1588, 1602, 1613, 1626, 1636, 1675, 1693, 1714, 1740, 1763, 1781, 1789, 1939, 1960, 1976, 1978, 1997, 2007, 2017, 2032, 2039, 2043, 2720, 2762, 2808, 5862, 5869, 6816, 6850]@{}
http://www.comp.hkbu.edu.hk/v1/?page=job_vacancies?=sc?=tc?=tc?=tc?=tc?=tc@[713, 753, 770, 817, 889, 897, 940, 1071, 1081, 1109, 1114, 1125, 1157, 1163, 1175, 1189, 1208, 1220, 1235, 1253, 1264, 1326, 1330, 1336, 1344, 1356, 1364, 1366, 1372, 1384, 1387, 1390, 1394, 1420, 1426, 1432, 1444, 1452, 1454, 1460, 1472, 1475, 1481, 1493, 1501, 1504, 1514, 1516, 1533, 1535, 1548, 1562, 1573, 1575, 1588, 1602, 1613, 1626, 1636, 1675, 1693, 1714, 1740, 1763, 1781, 1789, 1939, 1960, 1976, 1978, 1997, 2007, 2017, 2032, 2039, 2043, 2720, 2762, 2808, 5861, 5868, 6843, 6877]@{}
http://www.comp.hkbu.edu.hk/v1/?page=sitemap?=tc?=tc?=tc?=tc?=tc?=tc@[713, 753, 770, 817, 889, 897, 940, 1071, 1081, 1109, 1114, 1125, 1157, 1163, 1175, 1189, 1208, 1220, 1235, 1253, 1264, 1326, 1330, 1336, 1344, 1356, 1364, 1366, 1372, 1384, 1387, 1390, 1394, 1420, 1426, 1432, 1444, 1452, 1454, 1460, 1472, 1475, 1481, 1493, 1501, 1504, 1514, 1516, 1533, 1535, 1548, 1562, 1573, 1575, 1588, 1602, 1613, 1626, 1636, 1675, 1693, 1714, 1740, 1763, 1781, 1789, 1939, 1960, 1976, 1978, 1997, 2007, 2017, 2032, 2039, 2043, 2720, 2762, 2808, 5865, 5872, 6833, 6867]@{}
http://www.comp.hkbu.edu.hk/v1/?page=sitemap?=sc?=tc?=tc?=tc?=tc?=tc@[713, 753, 770, 817, 889, 897, 940, 1071, 1081, 1109, 1114, 1125, 1157, 1163, 1175, 1189, 1208, 1220, 1235, 1253, 1264, 1326, 1330, 1336, 1344, 1356, 1364, 1366, 1372, 1384, 1387, 1390, 1394, 1420, 1426, 1432, 1444, 1452, 1454, 1460, 1472, 1475, 1481, 1493, 1501, 1504, 1514, 1516, 1533, 1535, 1548, 1562, 1573, 1575, 1588, 1602, 1613, 1626, 1636, 1675, 1693, 1714, 1740, 1763, 1781, 1789, 1939, 1960, 1976, 1978, 1997, 2007, 2017, 2032, 2039, 2043, 2720, 2762, 2808, 5883, 5890, 6843, 6877]@{}
http://www.comp.hkbu.edu.hk/v1/?page=home?=tc?=tc?=tc?=tc@[713, 753, 770, 817, 889, 897, 940, 1071, 1081, 1109, 1114, 1125, 1157, 1163, 1175, 1189, 1208, 1220, 1235, 1253, 1264, 1326, 1330, 1336, 1344, 1356, 1364, 1366, 1372, 1384, 1387, 1390, 1394, 1420, 1426, 1432, 1444, 1452, 1454, 1460, 1472, 1475, 1481, 1493, 1501, 1504, 1514, 1516, 1533, 1535, 1548, 1562, 1573, 1575, 1588, 1602, 1613, 1626, 1636, 1675, 1693, 1714, 1740, 1763, 1781, 1789, 1939, 1960, 1976, 1978, 1997, 2007, 2017, 2032, 2039, 2043, 2720, 2762, 2808, 5864, 5871, 6827, 6861]@{}
http://www.comp.hkbu.edu.hk/v1/?page=job_vacancies?=tc?=tc?=tc?=tc?=tc?=tc?=tc@[713, 753, 770, 817, 889, 897, 940, 1071, 1081, 1109, 1114, 1125, 1157, 1163, 1175, 1189, 1208, 1220, 1235, 1253, 1264, 1326, 1330, 1336, 1344, 1356, 1364, 1366, 1372, 1384, 1387, 1390, 1394, 1420, 1426, 1432, 1444, 1452, 1454, 1460, 1472, 1475, 1481, 1493, 1501, 1504, 1514, 1516, 1533, 1535, 1548, 1562, 1573, 1575, 1588, 1602, 1613, 1626, 1636, 1675, 1693, 1714, 1740, 1763, 1781, 1789, 1939, 1960, 1976, 1978, 1997, 2007, 2017, 2032, 2039, 2043, 2720, 2762, 2808, 5866, 5873, 6815, 6849]@{}
http://www.comp.hkbu.edu.hk/v1/?page=job_vacancies?=sc?=tc?=tc?=tc?=tc?=tc?=tc@[713, 753, 770, 817, 889, 897, 940, 1071, 1081, 1109, 1114, 1125, 1157, 1163, 1175, 1189, 1208, 1220, 1235, 1253, 1264, 1326, 1330, 1336, 1344, 1356, 1364, 1366, 1372, 1384, 1387, 1390, 1394, 1420, 1426, 1432, 1444, 1452, 1454, 1460, 1472, 1475, 1481, 1493, 1501, 1504, 1514, 1516, 1533, 1535, 1548, 1562, 1573, 1575, 1588, 1602, 1613, 1626, 1636, 1675, 1693, 1714, 1740, 1763, 1781, 1789, 1939, 1960, 1976, 1978, 1997, 2007, 2017, 2032, 2039, 2043, 2720, 2762, 2808, 5863, 5870, 6835, 6869]@{}
http://www.comp.hkbu.edu.hk/v1/?page=sitemap?=tc?=tc?=tc?=tc?=tc?=tc?=tc@[713, 753, 770, 817, 889, 897, 940, 1071, 1081, 1109, 1114, 1125, 1157, 1163, 1175, 1189, 1208, 1220, 1235, 1253, 1264, 1326, 1330, 1336, 1344, 1356, 1364, 1366, 1372, 1384, 1387, 1390, 1394, 1420, 1426, 1432, 1444, 1452, 1454, 1460, 1472, 1475, 1481, 1493, 1501, 1504, 1514, 1516, 1533, 1535, 1548, 1562, 1573, 1575, 1588, 1602, 1613, 1626, 1636, 1675, 1693, 1714, 1740, 1763, 1781, 1789, 1939, 1960, 1976, 1978, 1997, 2007, 2017, 2032, 2039, 2043, 2720, 2762, 2808, 5865, 5872, 6815, 6849]@{}
http://www.comp.hkbu.edu.hk/v1/?page=sitemap?=sc?=tc?=tc?=tc?=tc?=tc?=tc@[713, 753, 770, 817, 889, 897, 940, 1071, 1081, 1109, 1114, 1125, 1157, 1163, 1175, 1189, 1208, 1220, 1235, 1253, 1264, 1326, 1330, 1336, 1344, 1356, 1364, 1366, 1372, 1384, 1387, 1390, 1394, 1420, 1426, 1432, 1444, 1452, 1454, 1460, 1472, 1475, 1481, 1493, 1501, 1504, 1514, 1516, 1533, 1535, 1548, 1562, 1573, 1575, 1588, 1602, 1613, 1626, 1636, 1675, 1693, 1714, 1740, 1763, 1781, 1789, 1939, 1960, 1976, 1978, 1997, 2007, 2017, 2032, 2039, 2043, 2720, 2762, 2808, 5867, 5874, 6836, 6870]@{}
http://www.comp.hkbu.edu.hk/v1/?page=home?=tc?=tc?=tc?=tc?=tc@[713, 753, 770, 817, 889, 897, 940, 1071, 1081, 1109, 1114, 1125, 1157, 1163, 1175, 1189, 1208, 1220, 1235, 1253, 1264, 1326, 1330, 1336, 1344, 1356, 1364, 1366, 1372, 1384, 1387, 1390, 1394, 1420, 1426, 1432, 1444, 1452, 1454, 1460, 1472, 1475, 1481, 1493, 1501, 1504, 1514, 1516, 1533, 1535, 1548, 1562, 1573, 1575, 1588, 1602, 1613, 1626, 1636, 1675, 1693, 1714, 1740, 1763, 1781, 1789, 1939, 1960, 1976, 1978, 1997, 2007, 2017, 2032, 2039, 2043, 2720, 2762, 2808, 5867, 5874, 6840, 6874]@{}
http://www.comp.hkbu.edu.hk/v1/?page=job_vacancies?=tc?=tc?=tc?=tc?=tc?=tc?=tc?=tc@[713, 753, 770, 817, 889, 897, 940, 1071, 1081, 1109, 1114, 1125, 1157, 1163, 1175, 1189, 1208, 1220, 1235, 1253, 1264, 1326, 1330, 1336, 1344, 1356, 1364, 1366, 1372, 1384, 1387, 1390, 1394, 1420, 1426, 1432, 1444, 1452, 1454, 1460, 1472, 1475, 1481, 1493, 1501, 1504, 1514, 1516, 1533, 1535, 1548, 1562, 1573, 1575, 1588, 1602, 1613, 1626, 1636, 1675, 1693, 1714, 1740, 1763, 1781, 1789, 1939, 1960, 1976, 1978, 1997, 2007, 2017, 2032, 2039, 2043, 2720, 2762, 2808, 5882, 5889, 6858, 6892]@{}
http://www.comp.hkbu.edu.hk/v1/?page=job_vacancies?=sc?=tc?=tc?=tc?=tc?=tc?=tc?=tc@[713, 753, 770, 817, 889, 897, 940, 1071, 1081, 1109, 1114, 1125, 1157, 1163, 1175, 1189, 1208, 1220, 1235, 1253, 1264, 1326, 1330, 1336, 1344, 1356, 1364, 1366, 1372, 1384, 1387, 1390, 1394, 1420, 1426, 1432, 1444, 1452, 1454, 1460, 1472, 1475, 1481, 1493, 1501, 1504, 1514, 1516, 1533, 1535, 1548, 1562, 1573, 1575, 1588, 1602, 1613, 1626, 1636, 1675, 1693, 1714, 1740, 1763, 1781, 1789, 1939, 1960, 1976, 1978, 1997, 2007, 2017, 2032, 2039, 2043, 2720, 2762, 2808, 5866, 5873, 6837, 6871]@{}
http://www.comp.hkbu.edu.hk/v1/?page=sitemap?=tc?=tc?=tc?=tc?=tc?=tc?=tc?=tc@[713, 753, 770, 817, 889, 897, 940, 1071, 1081, 1109, 1114, 1125, 1157, 1163, 1175, 1189, 1208, 1220, 1235, 1253, 1264, 1326, 1330, 1336, 1344, 1356, 1364, 1366, 1372, 1384, 1387, 1390, 1394, 1420, 1426, 1432, 1444, 1452, 1454, 1460, 1472, 1475, 1481, 1493, 1501, 1504, 1514, 1516, 1533, 1535, 1548, 1562, 1573, 1575, 1588, 1602, 1613, 1626, 1636, 1675, 1693, 1714, 1740, 1763, 1781, 1789, 1939, 1960, 1976, 1978, 1997, 2007, 2017, 2032, 2039, 2043, 2720, 2762, 2808, 5869, 5876, 6828, 6862]@{}
http://www.comp.hkbu.edu.hk/v1/?page=sitemap?=sc?=tc?=tc?=tc?=tc?=tc?=tc?=tc@[713, 753, 770, 817, 889, 897, 940, 1071, 1081, 1109, 1114, 1125, 1157, 1163, 1175, 1189, 1208, 1220, 1235, 1253, 1264, 1326, 1330, 1336, 1344, 1356, 1364, 1366, 1372, 1384, 1387, 1390, 1394, 1420, 1426, 1432, 1444, 1452, 1454, 1460, 1472, 1475, 1481, 1493, 1501, 1504, 1514, 1516, 1533, 1535, 1548, 1562, 1573, 1575, 1588, 1602, 1613, 1626, 1636, 1675, 1693, 1714, 1740, 1763, 1781, 1789, 1939, 1960, 1976, 1978, 1997, 2007, 2017, 2032, 2039, 2043, 2720, 2762, 2808, 5883, 5890, 6836, 6870]@{}
http://www.comp.hkbu.edu.hk/v1/?page=sitemap@[259, 299, 316, 363, 435, 443, 486, 617, 627, 655, 660, 671, 703, 709, 721, 735, 754, 766, 781, 799, 810, 872, 876, 882, 890, 902, 910, 912, 918, 930, 933, 936, 940, 966, 972, 978, 990, 998, 1000, 1006, 1018, 1021, 1027, 1039, 1047, 1050, 1060, 1062, 1079, 1081, 1094, 1108, 1119, 1121, 1134, 1148, 1159, 1172, 1182, 1221, 1239, 1260, 1286, 1309, 1327, 1335, 1485, 1506, 1522, 1524, 1543, 1553, 1563, 1578, 1585, 1589, 2266, 2308, 2354, 5699, 5733]@{}
http://www.comp.hkbu.edu.hk/v1/?page=home?=tc?=tc?=tc?=tc?=tc?=tc@[713, 753, 770, 817, 889, 897, 940, 1071, 1081, 1109, 1114, 1125, 1157, 1163, 1175, 1189, 1208, 1220, 1235, 1253, 1264, 1326, 1330, 1336, 1344, 1356, 1364, 1366, 1372, 1384, 1387, 1390, 1394, 1420, 1426, 1432, 1444, 1452, 1454, 1460, 1472, 1475, 1481, 1493, 1501, 1504, 1514, 1516, 1533, 1535, 1548, 1562, 1573, 1575, 1588, 1602, 1613, 1626, 1636, 1675, 1693, 1714, 1740, 1763, 1781, 1789, 1939, 1960, 1976, 1978, 1997, 2007, 2017, 2032, 2039, 2043, 2720, 2762, 2808, 5868, 5875, 6836, 6870]@{}
http://www.comp.hkbu.edu.hk/v1/?page=job_vacancies?=tc?=tc?=tc?=tc?=tc?=tc?=tc?=tc?=tc@[713, 753, 770, 817, 889, 897, 940, 1071, 1081, 1109, 1114, 1125, 1157, 1163, 1175, 1189, 1208, 1220, 1235, 1253, 1264, 1326, 1330, 1336, 1344, 1356, 1364, 1366, 1372, 1384, 1387, 1390, 1394, 1420, 1426, 1432, 1444, 1452, 1454, 1460, 1472, 1475, 1481, 1493, 1501, 1504, 1514, 1516, 1533, 1535, 1548, 1562, 1573, 1575, 1588, 1602, 1613, 1626, 1636, 1675, 1693, 1714, 1740, 1763, 1781, 1789, 1939, 1960, 1976, 1978, 1997, 2007, 2017, 2032, 2039, 2043, 2720, 2762, 2808, 5882, 5889, 6832, 6866]@{}
http://www.comp.hkbu.edu.hk/v1/?page=job_vacancies?=sc?=tc?=tc?=tc?=tc?=tc?=tc?=tc?=tc@[713, 753, 770, 817, 889, 897, 940, 1071, 1081, 1109, 1114, 1125, 1157, 1163, 1175, 1189, 1208, 1220, 1235, 1253, 1264, 1326, 1330, 1336, 1344, 1356, 1364, 1366, 1372, 1384, 1387, 1390, 1394, 1420, 1426, 1432, 1444, 1452, 1454, 1460, 1472, 1475, 1481, 1493, 1501, 1504, 1514, 1516, 1533, 1535, 1548, 1562, 1573, 1575, 1588, 1602, 1613, 1626, 1636, 1675, 1693, 1714, 1740, 1763, 1781, 1789, 1939, 1960, 1976, 1978, 1997, 2007, 2017, 2032, 2039, 2043, 2720, 2762, 2808, 5881, 5888, 6844, 6878]@{}
http://www.comp.hkbu.edu.hk/v1/?page=sitemap?=tc?=tc?=tc?=tc?=tc?=tc?=tc?=tc?=tc@[713, 753, 770, 817, 889, 897, 940, 1071, 1081, 1109, 1114, 1125, 1157, 1163, 1175, 1189, 1208, 1220, 1235, 1253, 1264, 1326, 1330, 1336, 1344, 1356, 1364, 1366, 1372, 1384, 1387, 1390, 1394, 1420, 1426, 1432, 1444, 1452, 1454, 1460, 1472, 1475, 1481, 1493, 1501, 1504, 1514, 1516, 1533, 1535, 1548, 1562, 1573, 1575, 1588, 1602, 1613, 1626, 1636, 1675, 1693, 1714, 1740, 1763, 1781, 1789, 1939, 1960, 1976, 1978, 1997, 2007, 2017, 2032, 2039, 2043, 2720, 2762, 2808, 5866, 5873, 6812, 6846]@{}
http://www.comp.hkbu.edu.hk/v1/?page=sitemap?=sc?=tc?=tc?=tc?=tc?=tc?=tc?=tc?=tc@[713, 753, 770, 817, 889, 897, 940, 1071, 1081, 1109, 1114, 1125, 1157, 1163, 1175, 1189, 1208, 1220, 1235, 1253, 1264, 1326, 1330, 1336, 1344, 1356, 1364, 1366, 1372, 1384, 1387, 1390, 1394, 1420, 1426, 1432, 1444, 1452, 1454, 1460, 1472, 1475, 1481, 1493, 1501, 1504, 1514, 1516, 1533, 1535, 1548, 1562, 1573, 1575, 1588, 1602, 1613, 1626, 1636, 1675, 1693, 1714, 1740, 1763, 1781, 1789, 1939, 1960, 1976, 1978, 1997, 2007, 2017, 2032, 2039, 2043, 2720, 2762, 2808, 5884, 5891, 6838, 6872]@{}
http://www.comp.hkbu.edu.hk/v1/?lang=tc@[713, 753, 770, 817, 889, 897, 940, 1071, 1081, 1109, 1114, 1125, 1157, 1163, 1175, 1189, 1208, 1220, 1235, 1253, 1264, 1326, 1330, 1336, 1344, 1356, 1364, 1366, 1372, 1384, 1387, 1390, 1394, 1420, 1426, 1432, 1444, 1452, 1454, 1460, 1472, 1475, 1481, 1493, 1501, 1504, 1514, 1516, 1533, 1535, 1548, 1562, 1573, 1575, 1588, 1602, 1613, 1626, 1636, 1675, 1693, 1714, 1740, 1763, 1781, 1789, 1939, 1960, 1976, 1978, 1997, 2007, 2017, 2032, 2039, 2043, 2720, 2762, 2808, 5866, 5873, 6840, 6874]@{}
http://www.sci.hkbu.edu.hk/eng/page/?page=prospective-students@[655, 672, 693, 736, 761, 790, 918, 1031, 1782, 1810, 1842, 1866, 1930, 2385, 3153, 3167, 3237, 3633]@{}
http://www.sci.hkbu.edu.hk/eng/page/?page=current-students@[655, 672, 693, 736, 761, 790, 918, 1031, 1782, 1810, 1842, 1866, 1930, 2378, 3289]@{}
http://www.sci.hkbu.edu.hk/eng/page/@[655, 672, 693, 736, 761, 790, 918, 1031, 1782, 1810, 1842, 1866, 1930, 2487, 2492, 2505, 2517, 2525, 2558, 2970, 3392]@{}
http://www.sci.hkbu.edu.hk/eng/about-us/honorary-doctorate@[655, 672, 693, 736, 761, 790, 918, 1031, 1782, 1810, 1842, 1866, 1930, 3923]@{}
http://www.sci.hkbu.edu.hk/eng/about-us/distinguished-professorship/eng/page/?page=prospective-students@[655, 672, 693, 736, 761, 790, 918, 1031, 1782, 1810, 1842, 1866, 1930, 2735, 2929, 2966, 3039, 3997, 4034, 4099, 4129, 4159, 4190, 8088]@{}
http://www.sci.hkbu.edu.hk/eng/about-us/honorary-doctorate/eng/page/?page=prospective-students@[655, 672, 693, 736, 761, 790, 918, 1031, 1782, 1810, 1842, 1866, 1930, 2735, 2929, 2966, 3039, 3997, 4034, 4099, 4129, 4159, 4190, 8088]@{}
http://www.sci.hkbu.edu.hk/eng/about-us/distinguished-professor-of-science@[655, 672, 693, 736, 761, 790, 918, 1031, 1782, 1810, 1842, 1866, 1930, 3739]@{}
http://www.sci.hkbu.edu.hk/eng/about-us/dr-kennedy-wong-distinguished-visiting-professorship-scheme@[655, 672, 693, 736, 761, 790, 918, 1031, 1782, 1810, 1842, 1866, 1930, 3408]@{}
http://www.sci.hkbu.edu.hk/eng/about-us/distinguished-professor-of-science/eng/page/?page=prospective-students@[655, 672, 693, 736, 761, 790, 918, 1031, 1782, 1810, 1842, 1866, 1930, 2735, 2929, 2966, 3039, 3997, 4034, 4099, 4129, 4159, 4190, 8088]@{}
http://www.sci.hkbu.edu.hk/eng/about-us/dr-kennedy-wong-distinguished-visiting-professorship-scheme/eng/page/?page=prospective-students@[655, 672, 693, 736, 761, 790, 918, 1031, 1782, 1810, 1842, 1866, 1930, 2735, 2929, 2966, 3039, 3997, 4034, 4099, 4129, 4159, 4190, 8088]@{}
http://www.sci.hkbu.edu.hk/eng/page/eng/about-us/vision-mission@[655, 672, 693, 736, 761, 790, 918, 1031, 1782, 1810, 1842, 1866, 1930, 2735, 2929, 2966, 3039, 3997, 4034, 4099, 4129, 4159, 4190, 8088]@{}
http://www.sci.hkbu.edu.hk/eng/page/eng/about-us/faculty-advisory-committee@[655, 672, 693, 736, 761, 790, 918, 1031, 1782, 1810, 1842, 1866, 1930, 2735, 2929, 2966, 3039, 3997, 4034, 4099, 4129, 4159, 4190, 8088]@{}
http://www.sci.hkbu.edu.hk/eng@[655, 672, 693, 736, 761, 790, 918, 1031, 1782, 1810, 1842, 1866, 1930, 2735, 2929, 2966, 3039, 3997, 4034, 4099, 4129, 4159, 4190, 8088]@{}
http://www.sci.hkbu.edu.hk/eng/about-us/vision-mission@[655, 672, 693, 736, 761, 790, 918, 1031, 1782, 1810, 1842, 1866, 1930, 3312]@{}
http://www.sci.hkbu.edu.hk/eng/about-us/faculty-advisory-committee@[655, 672, 693, 736, 761, 790, 918, 1031, 1782, 1810, 1842, 1866, 1930, 2688, 4066]@{}
http://www.sci.hkbu.edu.hk/eng/about-us/vision-mission/eng/page/?page=prospective-students@[655, 672, 693, 736, 761, 790, 918, 1031, 1782, 1810, 1842, 1866, 1930, 2735, 2929, 2966, 3039, 3997, 4034, 4099, 4129, 4159, 4190, 8088]@{}
http://www.sci.hkbu.edu.hk/eng/about-us/faculty-advisory-committee/eng/page/?page=prospective-students@[655, 672, 693, 736, 761, 790, 918, 1031, 1782, 1810, 1842, 1866, 1930, 2735, 2929, 2966, 3039, 3997, 4034, 4099, 4129, 4159, 4190, 8088]@{}
http://www.sci.hkbu.edu.hk/eng/about-us/distinguished-professorship@[655, 672, 693, 736, 761, 790, 918, 1031, 1782, 1810, 1842, 1866, 1930, 2957]@{}
