https://iss.hkbu.edu.hk/buam/buam2/reset_pwd/verify_acct.seam@[76, 85]@[76, 85]
https://www.comp.hkbu.edu.hk/v1/?page=head@[133]@[133]
https://www.comp.hkbu.edu.hk/v1/?page=whats_new@[3272, 3274, 3287, 3289, 3297, 3299]@[3272, 3274, 3287, 3289, 3297, 3299]
https://iss.hkbu.edu.hk/buam/buam2/reset_pwd_alumni/verify_acct.seam@[102]@[102]
https://www.comp.hkbu.edu.hk/v1/?page=faculty@[112]@[112]
https://www.comp.hkbu.edu.hk/v1/?page=admin@[123, 270]@[123, 270]
https://www.comp.hkbu.edu.hk/v1/?page=research_staff@[112]@[112]
https://www.comp.hkbu.edu.hk/v1/?page=pg_students@[112]@[112]
https://www.comp.hkbu.edu.hk/v1/?page=research_areas@[118]@[118]
https://www.comp.hkbu.edu.hk/v1/?page=centres@[328]@[328]
https://www.comp.hkbu.edu.hk/v1/?page=funded_projects@[360, 3589]@[360, 3589]
https://www.comp.hkbu.edu.hk/v1/?page=news@[3272, 3274, 3287, 3289, 3297, 3299]@[3272, 3274, 3287, 3289, 3297, 3299]
https://www.comp.hkbu.edu.hk/v1/?page=events@[199, 1187, 2449, 2460, 3153, 4245, 7261, 8145, 8147, 8150]@[199, 1187, 2449, 2460, 3153, 4245, 7261, 8145, 8147, 8150]
https://www.comp.hkbu.edu.hk/v1/?page=highlights@[215, 384, 1223]@[215, 384, 1223]
https://www.comp.hkbu.edu.hk/v1/?page=dlecture@[1181, 1198, 2852, 4182]@[1181, 1198, 2852, 4182]
https://www.comp.hkbu.edu.hk/v1/?file=355@[189, 194, 250, 316, 374, 395, 399, 413, 430, 450, 454, 501, 538, 552, 578, 648, 700, 705, 866, 931, 1005, 1017, 1041, 1102, 1109, 1326, 1349, 1405, 1412, 1444, 1466, 1586, 1587, 1633, 1851, 1860, 1907, 1940, 2020, 2026, 2261, 2262, 2290, 2388, 2402, 2411, 2489, 2563, 2629, 2638, 2703, 2724, 2733, 2747, 2796, 2861, 2899, 2922, 2935, 2945, 2960, 2966, 3020, 3040, 3042, 3059, 3198, 3204, 3301, 3359, 3373, 3419, 3438, 3497, 3518, 3530, 3549, 3669, 3734, 3747, 3758, 3768, 3778, 3851, 3894, 3915, 3970, 4013, 4038, 4203, 4217, 4375, 4379, 4406, 4428, 4567, 4609, 4648, 4699, 4856, 4858, 4877, 4887, 5045, 5046, 5141, 5172, 5218, 5226, 5231, 5318, 5323, 5370, 5401, 5419, 5504, 5779, 5871, 5898, 5929, 5934, 5945, 5950, 5961, 5966, 5977, 5982, 5994, 6003, 6008, 6019, 6024, 6035, 6040, 6051, 6056, 6067, 6074, 6081, 6122, 6235, 6299, 6308, 6322, 6383, 6402, 6514, 6671, 6721, 6795, 6801, 6811, 6813, 6896, 6897, 6933, 6963, 7006, 7040, 7100, 7118, 7129, 7130, 7131, 7198, 7269, 7320, 7399, 7405, 7461, 7520, 7537, 7538, 7539, 7560, 7561, 7562, 7579, 7580, 7581, 7582, 7599, 7600, 7601, 7602, 7619, 7620, 7621, 7639, 8669, 8751]@[]
https://www.comp.hkbu.edu.hk/v1/?file=1431@[1162, 1205, 1240, 1267, 1292, 1493, 1513, 1816, 1851, 1889, 1968, 1969, 1984, 1987, 2025, 2104, 2183, 2187, 2192, 2199, 2200, 2264, 2386, 2426, 2931, 2950, 3051, 3162, 3199, 3271, 3333, 3336, 3356, 3375, 3545, 3580, 3718, 3773, 3835, 3851, 3856, 3864, 3868, 4038, 4084, 4135, 4230, 4320, 4444, 4589, 4620, 4645, 4646, 4790, 4879, 4881, 4919, 4924, 4999, 5005, 5011, 5050, 5064, 5098, 5106, 5149, 5199, 5233, 5249, 5266, 5286, 5617]@[]
https://policies.google.com/terms@[4113, 4169]@[4113, 4169]
https://policies.google.com/privacy@[7614, 7670]@[7614, 7670]
https://myaccount.google.com@[13, 77]@[13, 77]
https://mail.google.com/mail/?tab=wm@[13, 77]@[13, 77]
https://drive.google.com/?tab=wo@[13, 77]@[13, 77]
https://accounts.google.com/SignUp?continue=https%3A%2F%2Fmyaccount.google.com%2Fgeneral-light@[260, 310, 366, 430]@[260, 310, 366, 430]
https://support.google.com/websearch?hl=zh@[110, 111]@[110, 111]
https://support.google.com/accounts/answer/23852?hl=zh-HK@[75, 77]@[75, 77]
