http://library.hkbu.edu.hk/@[29]@{}
http://www.comp.hkbu.edu.hk@[602, 2526, 2541, 2548, 2572, 2579, 2693, 2705, 2819, 2824, 3927, 4640, 6529, 6845, 6953]@{}
http://www.comp.hkbu.edu.hk/v1/?page=hkbu@[11, 23, 69]@{}
http://www.comp.hkbu.edu.hk/v1/?page=sci@[687, 784, 831, 853, 993, 1392, 1405, 1419, 1437, 1450, 1633, 1712, 1836, 2802, 2854, 3120, 3192, 3265, 3414, 3488, 3560, 3627, 3699, 3775, 3870, 3922, 5168, 5180, 5562, 5585, 5698, 6038, 6115, 6159, 7921, 7951, 7976, 7991, 8020, 8111, 8261]@{}
http://www.comp.hkbu.edu.hk/v1/?page=job_vacancies?=tc@[602, 2526, 2541, 2548, 2572, 2579, 2693, 2705, 2819, 2824, 3933, 6508, 6821, 6929]@{}
http://www.comp.hkbu.edu.hk/v1/?page=job_vacancies?=sc@[602, 2526, 2541, 2548, 2572, 2579, 2693, 2705, 2819, 2824, 3933, 4646, 6519, 6830, 6938]@{}
http://www.comp.hkbu.edu.hk/v1/?page=sitemap?=tc@[602, 2526, 2541, 2548, 2572, 2579, 2693, 2705, 2819, 2824, 3933, 4645, 6511, 6833, 6941]@{}
http://www.comp.hkbu.edu.hk/v1/?page=sitemap?=sc@[602, 2526, 2541, 2548, 2572, 2579, 2693, 2705, 2819, 2824, 3933, 6518, 6848, 6956]@{}
http://www.comp.hkbu.edu.hk/v1/?lang=sc@[602, 2526, 2541, 2548, 2572, 2579, 2693, 2705, 2819, 2824, 3927, 4640, 4670, 6510, 6814, 6922]@{}
http://www.comp.hkbu.edu.hk/~alumni/news/../news/@[10, 282, 346, 349, 439, 499, 531, 661, 817, 894, 1093, 1125, 1156, 1169, 1261, 1336, 1370, 1393, 1465, 1499, 1522, 1597, 1631, 1651, 1733, 1786, 1841, 1898, 1933, 1953, 2030, 2115, 2149, 2169, 2251, 2285, 2390, 2444, 2519, 2576, 2611, 2630, 2719, 2799, 2884, 2982, 2985, 3108, 3183, 3274, 3365, 3465, 3555, 3639, 3730, 3733, 3833, 3936, 4003, 4034, 4056, 4159, 4162, 4273, 4286, 4379, 4469, 4532, 4535, 4602, 4661, 4667, 4738, 4804, 4825, 4892, 4910, 4968, 4986, 5048, 5063]@{}
http://www.comp.hkbu.edu.hk/~alumni/news/../scholarship/@[10, 282, 346, 349, 439, 499, 531, 880, 895]@{}
http://www.comp.hkbu.edu.hk/~alumni/news/../donation/@[10, 282, 346, 349, 439, 499, 531, 1370, 1385]@{}
http://www.comp.hkbu.edu.hk/v1/?page=job_vacancies?=tc?=tc@[602, 2526, 2541, 2548, 2572, 2579, 2693, 2705, 2819, 2824, 3935, 6517, 6835, 6943]@{}
http://www.comp.hkbu.edu.hk/v1/?page=job_vacancies?=sc?=tc@[602, 2526, 2541, 2548, 2572, 2579, 2693, 2705, 2819, 2824, 3935, 4647, 6536, 6864, 6972]@{}
http://www.comp.hkbu.edu.hk/v1/?page=sitemap?=tc?=tc@[602, 2526, 2541, 2548, 2572, 2579, 2693, 2705, 2819, 2824, 3935, 6513, 6826, 6934]@{}
http://www.comp.hkbu.edu.hk/v1/?page=sitemap?=sc?=tc@[602, 2526, 2541, 2548, 2572, 2579, 2693, 2705, 2819, 2824, 3935, 4647, 6530, 6853, 6961]@{}
http://www.comp.hkbu.edu.hk/v1/?page=home@[602, 2526, 2541, 2548, 2572, 2579, 2693, 2705, 2819, 2824, 3931, 6506, 6818, 6926]@{}
http://www.comp.hkbu.edu.hk/~alumni/news/../news/../news/@[10, 282, 346, 349, 439, 499, 531, 661, 817, 894, 1093, 1125, 1156, 1169, 1261, 1336, 1370, 1393, 1465, 1499, 1522, 1597, 1631, 1651, 1733, 1786, 1841, 1898, 1933, 1953, 2030, 2115, 2149, 2169, 2251, 2285, 2390, 2444, 2519, 2576, 2611, 2630, 2719, 2799, 2884, 2982, 2985, 3108, 3183, 3274, 3365, 3465, 3555, 3639, 3730, 3733, 3833, 3936, 4003, 4034, 4056, 4159, 4162, 4273, 4286, 4379, 4469, 4532, 4535, 4602, 4661, 4667, 4738, 4804, 4825, 4892, 4910, 4968, 4986, 5048, 5063]@{}
http://www.comp.hkbu.edu.hk/~alumni/news/../scholarship/../news/@[10, 282, 346, 349, 439, 499, 531, 661, 817, 894, 1093, 1125, 1156, 1169, 1261, 1336, 1370, 1393, 1465, 1499, 1522, 1597, 1631, 1651, 1733, 1786, 1841, 1898, 1933, 1953, 2030, 2115, 2149, 2169, 2251, 2285, 2390, 2444, 2519, 2576, 2611, 2630, 2719, 2799, 2884, 2982, 2985, 3108, 3183, 3274, 3365, 3465, 3555, 3639, 3730, 3733, 3833, 3936, 4003, 4034, 4056, 4159, 4162, 4273, 4286, 4379, 4469, 4532, 4535, 4602, 4661, 4667, 4738, 4804, 4825, 4892, 4910, 4968, 4986, 5048, 5063]@{}
http://www.comp.hkbu.edu.hk/~alumni/news/../donation/../news/@[10, 282, 346, 349, 439, 499, 531, 661, 817, 894, 1093, 1125, 1156, 1169, 1261, 1336, 1370, 1393, 1465, 1499, 1522, 1597, 1631, 1651, 1733, 1786, 1841, 1898, 1933, 1953, 2030, 2115, 2149, 2169, 2251, 2285, 2390, 2444, 2519, 2576, 2611, 2630, 2719, 2799, 2884, 2982, 2985, 3108, 3183, 3274, 3365, 3465, 3555, 3639, 3730, 3733, 3833, 3936, 4003, 4034, 4056, 4159, 4162, 4273, 4286, 4379, 4469, 4532, 4535, 4602, 4661, 4667, 4738, 4804, 4825, 4892, 4910, 4968, 4986, 5048, 5063]@{}
http://www.comp.hkbu.edu.hk/v1/?page=job_vacancies?=tc?=tc?=tc@[602, 2526, 2541, 2548, 2572, 2579, 2693, 2705, 2819, 2824, 3937, 4650, 6533, 6861, 6969]@{}
http://www.comp.hkbu.edu.hk/v1/?page=job_vacancies?=sc?=tc?=tc@[602, 2526, 2541, 2548, 2572, 2579, 2693, 2705, 2819, 2824, 3937, 6518, 6830, 6938]@{}
http://www.comp.hkbu.edu.hk/v1/?page=sitemap?=tc?=tc?=tc@[602, 2526, 2541, 2548, 2572, 2579, 2693, 2705, 2819, 2824, 3937, 4650, 4680, 6525, 6858, 6966]@{}
http://www.comp.hkbu.edu.hk/v1/?page=sitemap?=sc?=tc?=tc@[602, 2526, 2541, 2548, 2572, 2579, 2693, 2705, 2819, 2824, 3937, 4650, 6526, 6861, 6969]@{}
http://www.comp.hkbu.edu.hk/v1/?page=library@[29]@{}
http://www.comp.hkbu.edu.hk/v1/?page=home?=tc@[602, 2526, 2541, 2548, 2572, 2579, 2693, 2705, 2819, 2824, 3933, 4645, 6522, 6846, 6954]@{}
http://www.comp.hkbu.edu.hk/~alumni/news/../news/../news/../news/@[10, 282, 346, 349, 439, 499, 531, 661, 817, 894, 1093, 1125, 1156, 1169, 1261, 1336, 1370, 1393, 1465, 1499, 1522, 1597, 1631, 1651, 1733, 1786, 1841, 1898, 1933, 1953, 2030, 2115, 2149, 2169, 2251, 2285, 2390, 2444, 2519, 2576, 2611, 2630, 2719, 2799, 2884, 2982, 2985, 3108, 3183, 3274, 3365, 3465, 3555, 3639, 3730, 3733, 3833, 3936, 4003, 4034, 4056, 4159, 4162, 4273, 4286, 4379, 4469, 4532, 4535, 4602, 4661, 4667, 4738, 4804, 4825, 4892, 4910, 4968, 4986, 5048, 5063]@{}
http://www.comp.hkbu.edu.hk/~alumni/news/../scholarship/../news/../news/@[10, 282, 346, 349, 439, 499, 531, 661, 817, 894, 1093, 1125, 1156, 1169, 1261, 1336, 1370, 1393, 1465, 1499, 1522, 1597, 1631, 1651, 1733, 1786, 1841, 1898, 1933, 1953, 2030, 2115, 2149, 2169, 2251, 2285, 2390, 2444, 2519, 2576, 2611, 2630, 2719, 2799, 2884, 2982, 2985, 3108, 3183, 3274, 3365, 3465, 3555, 3639, 3730, 3733, 3833, 3936, 4003, 4034, 4056, 4159, 4162, 4273, 4286, 4379, 4469, 4532, 4535, 4602, 4661, 4667, 4738, 4804, 4825, 4892, 4910, 4968, 4986, 5048, 5063]@{}
http://www.comp.hkbu.edu.hk/~alumni/news/../donation/../news/../news/@[10, 282, 346, 349, 439, 499, 531, 661, 817, 894, 1093, 1125, 1156, 1169, 1261, 1336, 1370, 1393, 1465, 1499, 1522, 1597, 1631, 1651, 1733, 1786, 1841, 1898, 1933, 1953, 2030, 2115, 2149, 2169, 2251, 2285, 2390, 2444, 2519, 2576, 2611, 2630, 2719, 2799, 2884, 2982, 2985, 3108, 3183, 3274, 3365, 3465, 3555, 3639, 3730, 3733, 3833, 3936, 4003, 4034, 4056, 4159, 4162, 4273, 4286, 4379, 4469, 4532, 4535, 4602, 4661, 4667, 4738, 4804, 4825, 4892, 4910, 4968, 4986, 5048, 5063]@{}
http://www.comp.hkbu.edu.hk/v1/?page=job_vacancies?=tc?=tc?=tc?=tc@[602, 2526, 2541, 2548, 2572, 2579, 2693, 2705, 2819, 2824, 3939, 4652, 6530, 6841, 6949]@{}
http://www.comp.hkbu.edu.hk/v1/?page=job_vacancies?=sc?=tc?=tc?=tc@[602, 2526, 2541, 2548, 2572, 2579, 2693, 2705, 2819, 2824, 3939, 4652, 4692, 6523, 6829, 6937]@{}
http://www.comp.hkbu.edu.hk/v1/?page=sitemap?=tc?=tc?=tc?=tc@[602, 2526, 2541, 2548, 2572, 2579, 2693, 2705, 2819, 2824, 3939, 4651, 6524, 6847, 6955]@{}
http://www.comp.hkbu.edu.hk/v1/?page=sitemap?=sc?=tc?=tc?=tc@[602, 2526, 2541, 2548, 2572, 2579, 2693, 2705, 2819, 2824, 3939, 4651, 4691, 6535, 6855, 6963]@{}
http://www.comp.hkbu.edu.hk/v1/?page=home?=tc?=tc@[602, 2526, 2541, 2548, 2572, 2579, 2693, 2705, 2819, 2824, 3935, 4647, 6528, 6829, 6937]@{}
http://www.comp.hkbu.edu.hk/~alumni/news/../news/../news/../news/../news/@[10, 282, 346, 349, 439, 499, 531, 661, 817, 894, 1093, 1125, 1156, 1169, 1261, 1336, 1370, 1393, 1465, 1499, 1522, 1597, 1631, 1651, 1733, 1786, 1841, 1898, 1933, 1953, 2030, 2115, 2149, 2169, 2251, 2285, 2390, 2444, 2519, 2576, 2611, 2630, 2719, 2799, 2884, 2982, 2985, 3108, 3183, 3274, 3365, 3465, 3555, 3639, 3730, 3733, 3833, 3936, 4003, 4034, 4056, 4159, 4162, 4273, 4286, 4379, 4469, 4532, 4535, 4602, 4661, 4667, 4738, 4804, 4825, 4892, 4910, 4968, 4986, 5048, 5063]@{}
http://www.comp.hkbu.edu.hk/v1/?page=alumni@[10]@{}
http://www.comp.hkbu.edu.hk/~alumni/news/../scholarship/../news/../news/../news/@[10, 282, 346, 349, 439, 499, 531, 661, 817, 894, 1093, 1125, 1156, 1169, 1261, 1336, 1370, 1393, 1465, 1499, 1522, 1597, 1631, 1651, 1733, 1786, 1841, 1898, 1933, 1953, 2030, 2115, 2149, 2169, 2251, 2285, 2390, 2444, 2519, 2576, 2611, 2630, 2719, 2799, 2884, 2982, 2985, 3108, 3183, 3274, 3365, 3465, 3555, 3639, 3730, 3733, 3833, 3936, 4003, 4034, 4056, 4159, 4162, 4273, 4286, 4379, 4469, 4532, 4535, 4602, 4661, 4667, 4738, 4804, 4825, 4892, 4910, 4968, 4986, 5048, 5063]@{}
http://www.comp.hkbu.edu.hk/~alumni/news/../donation/../news/../news/../news/@[10, 282, 346, 349, 439, 499, 531, 661, 817, 894, 1093, 1125, 1156, 1169, 1261, 1336, 1370, 1393, 1465, 1499, 1522, 1597, 1631, 1651, 1733, 1786, 1841, 1898, 1933, 1953, 2030, 2115, 2149, 2169, 2251, 2285, 2390, 2444, 2519, 2576, 2611, 2630, 2719, 2799, 2884, 2982, 2985, 3108, 3183, 3274, 3365, 3465, 3555, 3639, 3730, 3733, 3833, 3936, 4003, 4034, 4056, 4159, 4162, 4273, 4286, 4379, 4469, 4532, 4535, 4602, 4661, 4667, 4738, 4804, 4825, 4892, 4910, 4968, 4986, 5048, 5063]@{}
http://www.comp.hkbu.edu.hk/v1/?page=job_vacancies?=tc?=tc?=tc?=tc?=tc@[602, 2526, 2541, 2548, 2572, 2579, 2693, 2705, 2819, 2824, 3941, 4654, 4694, 6532, 6836, 6944]@{}
http://www.comp.hkbu.edu.hk/v1/?page=job_vacancies?=sc?=tc?=tc?=tc?=tc@[602, 2526, 2541, 2548, 2572, 2579, 2693, 2705, 2819, 2824, 3941, 4679, 6528, 6838, 6946]@{}
http://www.comp.hkbu.edu.hk/v1/?page=sitemap?=tc?=tc?=tc?=tc?=tc@[602, 2526, 2541, 2548, 2572, 2579, 2693, 2705, 2819, 2824, 3941, 6528, 6858, 6966]@{}
http://www.comp.hkbu.edu.hk/v1/?page=sitemap?=sc?=tc?=tc?=tc?=tc@[602, 2526, 2541, 2548, 2572, 2579, 2693, 2705, 2819, 2824, 3941, 4653, 4693, 6536, 6843, 6951]@{}
http://www.comp.hkbu.edu.hk/v1/?page=home?=tc?=tc?=tc@[602, 2526, 2541, 2548, 2572, 2579, 2693, 2705, 2819, 2824, 3937, 6526, 6843, 6951]@{}
http://www.comp.hkbu.edu.hk/~alumni/news/../news/../news/../news/../news/../news/@[10, 282, 346, 349, 439, 499, 531, 661, 817, 894, 1093, 1125, 1156, 1169, 1261, 1336, 1370, 1393, 1465, 1499, 1522, 1597, 1631, 1651, 1733, 1786, 1841, 1898, 1933, 1953, 2030, 2115, 2149, 2169, 2251, 2285, 2390, 2444, 2519, 2576, 2611, 2630, 2719, 2799, 2884, 2982, 2985, 3108, 3183, 3274, 3365, 3465, 3555, 3639, 3730, 3733, 3833, 3936, 4003, 4034, 4056, 4159, 4162, 4273, 4286, 4379, 4469, 4532, 4535, 4602, 4661, 4667, 4738, 4804, 4825, 4892, 4910, 4968, 4986, 5048, 5063]@{}
http://www.comp.hkbu.edu.hk/~alumni/news/../scholarship/../news/../news/../news/../news/@[10, 282, 346, 349, 439, 499, 531, 661, 817, 894, 1093, 1125, 1156, 1169, 1261, 1336, 1370, 1393, 1465, 1499, 1522, 1597, 1631, 1651, 1733, 1786, 1841, 1898, 1933, 1953, 2030, 2115, 2149, 2169, 2251, 2285, 2390, 2444, 2519, 2576, 2611, 2630, 2719, 2799, 2884, 2982, 2985, 3108, 3183, 3274, 3365, 3465, 3555, 3639, 3730, 3733, 3833, 3936, 4003, 4034, 4056, 4159, 4162, 4273, 4286, 4379, 4469, 4532, 4535, 4602, 4661, 4667, 4738, 4804, 4825, 4892, 4910, 4968, 4986, 5048, 5063]@{}
http://www.comp.hkbu.edu.hk/~alumni/news/../donation/../news/../news/../news/../news/@[10, 282, 346, 349, 439, 499, 531, 661, 817, 894, 1093, 1125, 1156, 1169, 1261, 1336, 1370, 1393, 1465, 1499, 1522, 1597, 1631, 1651, 1733, 1786, 1841, 1898, 1933, 1953, 2030, 2115, 2149, 2169, 2251, 2285, 2390, 2444, 2519, 2576, 2611, 2630, 2719, 2799, 2884, 2982, 2985, 3108, 3183, 3274, 3365, 3465, 3555, 3639, 3730, 3733, 3833, 3936, 4003, 4034, 4056, 4159, 4162, 4273, 4286, 4379, 4469, 4532, 4535, 4602, 4661, 4667, 4738, 4804, 4825, 4892, 4910, 4968, 4986, 5048, 5063]@{}
http://www.comp.hkbu.edu.hk/v1/?page=job_vacancies@[150, 2074, 2089, 2096, 2120, 2127, 2241, 2253, 2367, 2372, 3479, 4262, 4296, 4356, 4464]@{}
http://www.comp.hkbu.edu.hk/v1/?page=job_vacancies?=tc?=tc?=tc?=tc?=tc?=tc@[602, 2526, 2541, 2548, 2572, 2579, 2693, 2705, 2819, 2824, 3943, 6526, 6833, 6941]@{}
http://www.comp.hkbu.edu.hk/v1/?page=job_vacancies?=sc?=tc?=tc?=tc?=tc?=tc@[602, 2526, 2541, 2548, 2572, 2579, 2693, 2705, 2819, 2824, 3943, 6534, 6860, 6968]@{}
http://www.comp.hkbu.edu.hk/v1/?page=sitemap?=tc?=tc?=tc?=tc?=tc?=tc@[602, 2526, 2541, 2548, 2572, 2579, 2693, 2705, 2819, 2824, 3943, 4655, 4685, 6523, 6850, 6958]@{}
http://www.comp.hkbu.edu.hk/v1/?page=sitemap?=sc?=tc?=tc?=tc?=tc?=tc@[602, 2526, 2541, 2548, 2572, 2579, 2693, 2705, 2819, 2824, 3943, 4656, 6542, 6860, 6968]@{}
http://www.comp.hkbu.edu.hk/v1/?page=home?=tc?=tc?=tc?=tc@[602, 2526, 2541, 2548, 2572, 2579, 2693, 2705, 2819, 2824, 3939, 4652, 6524, 6844, 6952]@{}
http://www.comp.hkbu.edu.hk/~alumni/news/../news/../news/../news/../news/../news/../news/@[10, 282, 346, 349, 439, 499, 531, 661, 817, 894, 1093, 1125, 1156, 1169, 1261, 1336, 1370, 1393, 1465, 1499, 1522, 1597, 1631, 1651, 1733, 1786, 1841, 1898, 1933, 1953, 2030, 2115, 2149, 2169, 2251, 2285, 2390, 2444, 2519, 2576, 2611, 2630, 2719, 2799, 2884, 2982, 2985, 3108, 3183, 3274, 3365, 3465, 3555, 3639, 3730, 3733, 3833, 3936, 4003, 4034, 4056, 4159, 4162, 4273, 4286, 4379, 4469, 4532, 4535, 4602, 4661, 4667, 4738, 4804, 4825, 4892, 4910, 4968, 4986, 5048, 5063]@{}
http://www.comp.hkbu.edu.hk/~alumni/news/../scholarship/../news/../news/../news/../news/../news/@[10, 282, 346, 349, 439, 499, 531, 661, 817, 894, 1093, 1125, 1156, 1169, 1261, 1336, 1370, 1393, 1465, 1499, 1522, 1597, 1631, 1651, 1733, 1786, 1841, 1898, 1933, 1953, 2030, 2115, 2149, 2169, 2251, 2285, 2390, 2444, 2519, 2576, 2611, 2630, 2719, 2799, 2884, 2982, 2985, 3108, 3183, 3274, 3365, 3465, 3555, 3639, 3730, 3733, 3833, 3936, 4003, 4034, 4056, 4159, 4162, 4273, 4286, 4379, 4469, 4532, 4535, 4602, 4661, 4667, 4738, 4804, 4825, 4892, 4910, 4968, 4986, 5048, 5063]@{}
http://www.comp.hkbu.edu.hk/~alumni/news/../donation/../news/../news/../news/../news/../news/@[10, 282, 346, 349, 439, 499, 531, 661, 817, 894, 1093, 1125, 1156, 1169, 1261, 1336, 1370, 1393, 1465, 1499, 1522, 1597, 1631, 1651, 1733, 1786, 1841, 1898, 1933, 1953, 2030, 2115, 2149, 2169, 2251, 2285, 2390, 2444, 2519, 2576, 2611, 2630, 2719, 2799, 2884, 2982, 2985, 3108, 3183, 3274, 3365, 3465, 3555, 3639, 3730, 3733, 3833, 3936, 4003, 4034, 4056, 4159, 4162, 4273, 4286, 4379, 4469, 4532, 4535, 4602, 4661, 4667, 4738, 4804, 4825, 4892, 4910, 4968, 4986, 5048, 5063]@{}
http://www.comp.hkbu.edu.hk/v1/?page=job_vacancies?=tc?=tc?=tc?=tc?=tc?=tc?=tc@[602, 2526, 2541, 2548, 2572, 2579, 2693, 2705, 2819, 2824, 3945, 6522, 6832, 6940]@{}
http://www.comp.hkbu.edu.hk/v1/?page=job_vacancies?=sc?=tc?=tc?=tc?=tc?=tc?=tc@[602, 2526, 2541, 2548, 2572, 2579, 2693, 2705, 2819, 2824, 3945, 6522, 6852, 6960]@{}
http://www.comp.hkbu.edu.hk/v1/?page=sitemap?=tc?=tc?=tc?=tc?=tc?=tc?=tc@[602, 2526, 2541, 2548, 2572, 2579, 2693, 2705, 2819, 2824, 3945, 6519, 6832, 6940]@{}
http://www.comp.hkbu.edu.hk/v1/?page=sitemap?=sc?=tc?=tc?=tc?=tc?=tc?=tc@[602, 2526, 2541, 2548, 2572, 2579, 2693, 2705, 2819, 2824, 3945, 4657, 6534, 6853, 6961]@{}
http://www.comp.hkbu.edu.hk/v1/?page=home?=tc?=tc?=tc?=tc?=tc@[602, 2526, 2541, 2548, 2572, 2579, 2693, 2705, 2819, 2824, 3941, 6528, 6857, 6965]@{}
http://www.comp.hkbu.edu.hk/~alumni/news/../news/../news/../news/../news/../news/../news/../news/@[10, 282, 346, 349, 439, 499, 531, 661, 817, 894, 1093, 1125, 1156, 1169, 1261, 1336, 1370, 1393, 1465, 1499, 1522, 1597, 1631, 1651, 1733, 1786, 1841, 1898, 1933, 1953, 2030, 2115, 2149, 2169, 2251, 2285, 2390, 2444, 2519, 2576, 2611, 2630, 2719, 2799, 2884, 2982, 2985, 3108, 3183, 3274, 3365, 3465, 3555, 3639, 3730, 3733, 3833, 3936, 4003, 4034, 4056, 4159, 4162, 4273, 4286, 4379, 4469, 4532, 4535, 4602, 4661, 4667, 4738, 4804, 4825, 4892, 4910, 4968, 4986, 5048, 5063]@{}
http://www.comp.hkbu.edu.hk/~alumni/news/../scholarship/../news/../news/../news/../news/../news/../news/@[10, 282, 346, 349, 439, 499, 531, 661, 817, 894, 1093, 1125, 1156, 1169, 1261, 1336, 1370, 1393, 1465, 1499, 1522, 1597, 1631, 1651, 1733, 1786, 1841, 1898, 1933, 1953, 2030, 2115, 2149, 2169, 2251, 2285, 2390, 2444, 2519, 2576, 2611, 2630, 2719, 2799, 2884, 2982, 2985, 3108, 3183, 3274, 3365, 3465, 3555, 3639, 3730, 3733, 3833, 3936, 4003, 4034, 4056, 4159, 4162, 4273, 4286, 4379, 4469, 4532, 4535, 4602, 4661, 4667, 4738, 4804, 4825, 4892, 4910, 4968, 4986, 5048, 5063]@{}
http://www.comp.hkbu.edu.hk/~alumni/news/../donation/../news/../news/../news/../news/../news/../news/@[10, 282, 346, 349, 439, 499, 531, 661, 817, 894, 1093, 1125, 1156, 1169, 1261, 1336, 1370, 1393, 1465, 1499, 1522, 1597, 1631, 1651, 1733, 1786, 1841, 1898, 1933, 1953, 2030, 2115, 2149, 2169, 2251, 2285, 2390, 2444, 2519, 2576, 2611, 2630, 2719, 2799, 2884, 2982, 2985, 3108, 3183, 3274, 3365, 3465, 3555, 3639, 3730, 3733, 3833, 3936, 4003, 4034, 4056, 4159, 4162, 4273, 4286, 4379, 4469, 4532, 4535, 4602, 4661, 4667, 4738, 4804, 4825, 4892, 4910, 4968, 4986, 5048, 5063]@{}
http://www.comp.hkbu.edu.hk/v1/?page=job_vacancies?=tc?=tc?=tc?=tc?=tc?=tc?=tc?=tc@[602, 2526, 2541, 2548, 2572, 2579, 2693, 2705, 2819, 2824, 3947, 4660, 6542, 6875, 6983]@{}
http://www.comp.hkbu.edu.hk/v1/?page=job_vacancies?=sc?=tc?=tc?=tc?=tc?=tc?=tc?=tc@[602, 2526, 2541, 2548, 2572, 2579, 2693, 2705, 2819, 2824, 3947, 6538, 6854, 6962]@{}
http://www.comp.hkbu.edu.hk/v1/?page=sitemap?=tc?=tc?=tc?=tc?=tc?=tc?=tc?=tc@[602, 2526, 2541, 2548, 2572, 2579, 2693, 2705, 2819, 2824, 3947, 6523, 6845, 6953]@{}
http://www.comp.hkbu.edu.hk/v1/?page=sitemap?=sc?=tc?=tc?=tc?=tc?=tc?=tc?=tc@[602, 2526, 2541, 2548, 2572, 2579, 2693, 2705, 2819, 2824, 3947, 4660, 6549, 6853, 6961]@{}
http://www.comp.hkbu.edu.hk/v1/?page=sitemap@[148, 2072, 2087, 2094, 2118, 2125, 2239, 2251, 2365, 2370, 3477, 4811, 5716, 5824]@{}
http://www.comp.hkbu.edu.hk/v1/?page=home?=tc?=tc?=tc?=tc?=tc?=tc@[602, 2526, 2541, 2548, 2572, 2579, 2693, 2705, 2819, 2824, 3943, 4655, 6535, 6853, 6961]@{}
http://www.comp.hkbu.edu.hk/~alumni/news/../news/../news/../news/../news/../news/../news/../news/../news/@[10, 282, 346, 349, 439, 499, 531, 661, 817, 894, 1093, 1125, 1156, 1169, 1261, 1336, 1370, 1393, 1465, 1499, 1522, 1597, 1631, 1651, 1733, 1786, 1841, 1898, 1933, 1953, 2030, 2115, 2149, 2169, 2251, 2285, 2390, 2444, 2519, 2576, 2611, 2630, 2719, 2799, 2884, 2982, 2985, 3108, 3183, 3274, 3365, 3465, 3555, 3639, 3730, 3733, 3833, 3936, 4003, 4034, 4056, 4159, 4162, 4273, 4286, 4379, 4469, 4532, 4535, 4602, 4661, 4667, 4738, 4804, 4825, 4892, 4910, 4968, 4986, 5048, 5063]@{}
http://www.comp.hkbu.edu.hk/~alumni/news/../scholarship/../news/../news/../news/../news/../news/../news/../news/@[10, 282, 346, 349, 439, 499, 531, 661, 817, 894, 1093, 1125, 1156, 1169, 1261, 1336, 1370, 1393, 1465, 1499, 1522, 1597, 1631, 1651, 1733, 1786, 1841, 1898, 1933, 1953, 2030, 2115, 2149, 2169, 2251, 2285, 2390, 2444, 2519, 2576, 2611, 2630, 2719, 2799, 2884, 2982, 2985, 3108, 3183, 3274, 3365, 3465, 3555, 3639, 3730, 3733, 3833, 3936, 4003, 4034, 4056, 4159, 4162, 4273, 4286, 4379, 4469, 4532, 4535, 4602, 4661, 4667, 4738, 4804, 4825, 4892, 4910, 4968, 4986, 5048, 5063]@{}
http://www.comp.hkbu.edu.hk/~alumni/news/../donation/../news/../news/../news/../news/../news/../news/../news/@[10, 282, 346, 349, 439, 499, 531, 661, 817, 894, 1093, 1125, 1156, 1169, 1261, 1336, 1370, 1393, 1465, 1499, 1522, 1597, 1631, 1651, 1733, 1786, 1841, 1898, 1933, 1953, 2030, 2115, 2149, 2169, 2251, 2285, 2390, 2444, 2519, 2576, 2611, 2630, 2719, 2799, 2884, 2982, 2985, 3108, 3183, 3274, 3365, 3465, 3555, 3639, 3730, 3733, 3833, 3936, 4003, 4034, 4056, 4159, 4162, 4273, 4286, 4379, 4469, 4532, 4535, 4602, 4661, 4667, 4738, 4804, 4825, 4892, 4910, 4968, 4986, 5048, 5063]@{}
http://www.comp.hkbu.edu.hk/v1/?page=job_vacancies?=tc?=tc?=tc?=tc?=tc?=tc?=tc?=tc?=tc@[602, 2526, 2541, 2548, 2572, 2579, 2693, 2705, 2819, 2824, 3949, 4662, 6541, 6849, 6957]@{}
http://www.comp.hkbu.edu.hk/v1/?page=job_vacancies?=sc?=tc?=tc?=tc?=tc?=tc?=tc?=tc?=tc@[602, 2526, 2541, 2548, 2572, 2579, 2693, 2705, 2819, 2824, 3949, 4662, 6545, 6861, 6969]@{}
http://www.comp.hkbu.edu.hk/v1/?page=sitemap?=tc?=tc?=tc?=tc?=tc?=tc?=tc?=tc?=tc@[602, 2526, 2541, 2548, 2572, 2579, 2693, 2705, 2819, 2824, 3949, 6523, 6829, 6937]@{}
http://www.comp.hkbu.edu.hk/v1/?page=sitemap?=sc?=tc?=tc?=tc?=tc?=tc?=tc?=tc?=tc@[602, 2526, 2541, 2548, 2572, 2579, 2693, 2705, 2819, 2824, 3949, 4661, 6547, 6855, 6963]@{}
http://www.comp.hkbu.edu.hk/v1/?lang=tc@[602, 2526, 2541, 2548, 2572, 2579, 2693, 2705, 2819, 2824, 3927, 4639, 6535, 6857, 6965]@{}
http://www.comp.hkbu.edu.hk/~alumni/news/@[10, 282, 346, 349, 439, 499, 531, 661, 817, 894, 1093, 1125, 1156, 1169, 1261, 1336, 1370, 1393, 1465, 1499, 1522, 1597, 1631, 1651, 1733, 1786, 1841, 1898, 1933, 1953, 2030, 2115, 2149, 2169, 2251, 2285, 2390, 2444, 2519, 2576, 2611, 2630, 2719, 2799, 2884, 2982, 2985, 3108, 3183, 3274, 3365, 3465, 3555, 3639, 3730, 3733, 3833, 3936, 4003, 4034, 4056, 4159, 4162, 4273, 4286, 4379, 4469, 4532, 4535, 4602, 4661, 4667, 4738, 4804, 4825, 4892, 4910, 4968, 4986, 5048, 5063]@{}
http://www.sci.hkbu.edu.hk/eng/page/?page=prospective-students@[687, 784, 831, 853, 993, 1392, 1405, 1419, 1437, 1450, 1633, 1712, 1836, 2508, 2593, 2649, 2770, 2822, 2874, 2928, 2996, 3185, 3215, 3219, 3257, 3289, 3293, 3466, 3496, 3521, 3536, 3565, 3656, 3806]@{}
http://www.sci.hkbu.edu.hk/eng/page/?page=current-students@[687, 784, 831, 853, 993, 1392, 1405, 1419, 1437, 1450, 1633, 1712, 1836, 2493, 2516, 2552, 2574, 2597, 2627, 2678, 2701, 2748, 2774, 2800, 2846, 2872, 3122, 3152, 3177, 3192, 3221, 3312, 3462]@{}
http://www.sci.hkbu.edu.hk/eng/page/@[687, 784, 831, 853, 993, 1392, 1405, 1419, 1437, 1450, 1633, 1712, 1836, 3225, 3255, 3280, 3295, 3324, 3415, 3565]@{}
http://www.sci.hkbu.edu.hk/eng/about-us/honorary-doctorate@[687, 784, 831, 853, 993, 1392, 1405, 1419, 1437, 1450, 1633, 1712, 1836, 2687, 2751, 2831, 2910, 2991, 3070, 3150, 3229, 3308, 3756, 3786, 3811, 3826, 3855, 3946, 4096]@{}
http://www.sci.hkbu.edu.hk/eng/about-us/distinguished-professorship/eng/page/?page=prospective-students@[687, 784, 831, 853, 993, 1392, 1405, 1419, 1437, 1450, 1633, 1712, 1836, 2802, 2854, 3120, 3192, 3265, 3414, 3488, 3560, 3627, 3699, 3775, 3870, 3922, 5168, 5180, 5562, 5585, 5698, 6038, 6115, 6159, 7921, 7951, 7976, 7991, 8020, 8111, 8261]@{}
http://www.sci.hkbu.edu.hk/eng/about-us/honorary-doctorate/eng/page/?page=prospective-students@[687, 784, 831, 853, 993, 1392, 1405, 1419, 1437, 1450, 1633, 1712, 1836, 2802, 2854, 3120, 3192, 3265, 3414, 3488, 3560, 3627, 3699, 3775, 3870, 3922, 5168, 5180, 5562, 5585, 5698, 6038, 6115, 6159, 7921, 7951, 7976, 7991, 8020, 8111, 8261]@{}
http://www.sci.hkbu.edu.hk/eng/about-us/distinguished-professor-of-science@[687, 784, 831, 853, 993, 1392, 1405, 1419, 1437, 1450, 1633, 1712, 1836, 3572, 3602, 3627, 3642, 3671, 3762, 3912]@{}
http://www.sci.hkbu.edu.hk/eng/about-us/dr-kennedy-wong-distinguished-visiting-professorship-scheme@[687, 784, 831, 853, 993, 1392, 1405, 1419, 1437, 1450, 1633, 1712, 1836, 3241, 3271, 3296, 3311, 3340, 3431, 3581]@{}
http://www.sci.hkbu.edu.hk/eng/about-us/distinguished-professor-of-science/eng/page/?page=prospective-students@[687, 784, 831, 853, 993, 1392, 1405, 1419, 1437, 1450, 1633, 1712, 1836, 2802, 2854, 3120, 3192, 3265, 3414, 3488, 3560, 3627, 3699, 3775, 3870, 3922, 5168, 5180, 5562, 5585, 5698, 6038, 6115, 6159, 7921, 7951, 7976, 7991, 8020, 8111, 8261]@{}
http://www.sci.hkbu.edu.hk/eng/about-us/dr-kennedy-wong-distinguished-visiting-professorship-scheme/eng/page/?page=prospective-students@[687, 784, 831, 853, 993, 1392, 1405, 1419, 1437, 1450, 1633, 1712, 1836, 2802, 2854, 3120, 3192, 3265, 3414, 3488, 3560, 3627, 3699, 3775, 3870, 3922, 5168, 5180, 5562, 5585, 5698, 6038, 6115, 6159, 7921, 7951, 7976, 7991, 8020, 8111, 8261]@{}
http://www.sci.hkbu.edu.hk/eng/page/eng/about-us/vision-mission@[687, 784, 831, 853, 993, 1392, 1405, 1419, 1437, 1450, 1633, 1712, 1836, 2802, 2854, 3120, 3192, 3265, 3414, 3488, 3560, 3627, 3699, 3775, 3870, 3922, 5168, 5180, 5562, 5585, 5698, 6038, 6115, 6159, 7921, 7951, 7976, 7991, 8020, 8111, 8261]@{}
http://www.sci.hkbu.edu.hk/eng/page/eng/about-us/faculty-advisory-committee@[687, 784, 831, 853, 993, 1392, 1405, 1419, 1437, 1450, 1633, 1712, 1836, 2802, 2854, 3120, 3192, 3265, 3414, 3488, 3560, 3627, 3699, 3775, 3870, 3922, 5168, 5180, 5562, 5585, 5698, 6038, 6115, 6159, 7921, 7951, 7976, 7991, 8020, 8111, 8261]@{}
http://www.sci.hkbu.edu.hk/eng@[687, 784, 831, 853, 993, 1392, 1405, 1419, 1437, 1450, 1633, 1712, 1836, 2802, 2854, 3120, 3192, 3265, 3414, 3488, 3560, 3627, 3699, 3775, 3870, 3922, 5168, 5180, 5562, 5585, 5698, 6038, 6115, 6159, 7921, 7951, 7976, 7991, 8020, 8111, 8261]@{}
http://www.sci.hkbu.edu.hk/eng/about-us/vision-mission@[687, 784, 831, 853, 993, 1392, 1405, 1419, 1437, 1450, 1633, 1712, 1836, 3145, 3175, 3200, 3215, 3244, 3335, 3485]@{}
http://www.sci.hkbu.edu.hk/eng/about-us/faculty-advisory-committee@[687, 784, 831, 853, 993, 1392, 1405, 1419, 1437, 1450, 1633, 1712, 1836, 3899, 3929, 3954, 3969, 3998, 4089, 4239]@{}
http://www.sci.hkbu.edu.hk/eng/about-us/vision-mission/eng/page/?page=prospective-students@[687, 784, 831, 853, 993, 1392, 1405, 1419, 1437, 1450, 1633, 1712, 1836, 2802, 2854, 3120, 3192, 3265, 3414, 3488, 3560, 3627, 3699, 3775, 3870, 3922, 5168, 5180, 5562, 5585, 5698, 6038, 6115, 6159, 7921, 7951, 7976, 7991, 8020, 8111, 8261]@{}
http://www.sci.hkbu.edu.hk/eng/about-us/faculty-advisory-committee/eng/page/?page=prospective-students@[687, 784, 831, 853, 993, 1392, 1405, 1419, 1437, 1450, 1633, 1712, 1836, 2802, 2854, 3120, 3192, 3265, 3414, 3488, 3560, 3627, 3699, 3775, 3870, 3922, 5168, 5180, 5562, 5585, 5698, 6038, 6115, 6159, 7921, 7951, 7976, 7991, 8020, 8111, 8261]@{}
http://www.sci.hkbu.edu.hk/eng/about-us/distinguished-professorship@[687, 784, 831, 853, 993, 1392, 1405, 1419, 1437, 1450, 1633, 1712, 1836, 2790, 2820, 2845, 2860, 2889, 2980, 3130]@{}
