http://www.comp.hkbu.edu.hk@[4, 12, 2120, 2600, 2690, 2702, 3924, 4637, 5154, 5566, 5591, 5701, 6843, 6951, 7015]@{}
http://www.comp.hkbu.edu.hk/v1/?page=hkbu@[62]@{}
http://www.comp.hkbu.edu.hk/v1/?page=sci@[18, 220, 250, 537, 829, 990, 1390, 1403, 1416, 1434, 1448, 1631, 2799, 2851, 3867, 3919, 4257, 4268, 4944, 5165, 5177, 5559, 5570, 5582, 5599, 5624, 5649, 5674, 5695, 5825, 6035, 6082, 7919, 7948, 7973, 7989, 8012, 8046, 8061, 8288]@{}
http://www.comp.hkbu.edu.hk/v1/?page=job_vacancies?=tc@[4, 12, 2120, 2600, 2690, 2702, 3930, 5150, 5562, 5587, 5697, 6819, 6927, 6991]@{}
http://www.comp.hkbu.edu.hk/v1/?page=job_vacancies?=sc@[4, 12, 2120, 2600, 2690, 2702, 3930, 5150, 5562, 5587, 5697, 6828, 6936, 7000]@{}
http://www.comp.hkbu.edu.hk/v1/?page=sitemap?=tc@[4, 12, 2120, 2600, 2690, 2702, 3930, 5146, 5558, 5583, 5693, 6831, 6939, 7003]@{}
http://www.comp.hkbu.edu.hk/v1/?page=sitemap?=sc@[4, 12, 2120, 2600, 2690, 2702, 3930, 5145, 5557, 5582, 5692, 6846, 6954, 7018]@{}
http://www.comp.hkbu.edu.hk/v1/?lang=sc@[4, 12, 2120, 2600, 2690, 2702, 3924, 5141, 5553, 5578, 5688, 6812, 6920, 6984]@{}
http://www.comp.hkbu.edu.hk/~alumni/news/../news/@[34, 344, 436, 496, 529, 656, 684, 814, 891, 1258, 1333, 1388, 1462, 1517, 1594, 1649, 1730, 1783, 1838, 1895, 1951, 2027, 2112, 2167, 2248, 2303, 2387, 2441, 2516, 2573, 2629, 2716, 2796, 2881, 2980, 3271, 3362, 3462, 3552, 3636, 3728, 3830, 3933, 4029, 4051, 4157, 4283, 4376, 4466, 4530, 4600, 4658, 4735, 4801, 4822, 4889, 4907, 4965, 4983, 5045, 5061, 5083]@{}
http://www.comp.hkbu.edu.hk/~alumni/news/../scholarship/@[34, 344, 436, 496, 529, 877, 893, 915]@{}
http://www.comp.hkbu.edu.hk/~alumni/news/../donation/@[34, 344, 436, 496, 529, 1367, 1383, 1405]@{}
http://www.comp.hkbu.edu.hk/v1/?page=job_vacancies?=tc?=tc@[4, 12, 2120, 2600, 2690, 2702, 3932, 5147, 5559, 5584, 5694, 6833, 6941, 7005]@{}
http://www.comp.hkbu.edu.hk/v1/?page=job_vacancies?=sc?=tc@[4, 12, 2120, 2600, 2690, 2702, 3932, 4644, 5157, 5569, 5594, 5704, 6862, 6970, 7034]@{}
http://www.comp.hkbu.edu.hk/v1/?page=sitemap?=tc?=tc@[4, 12, 2120, 2600, 2690, 2702, 3932, 5147, 5559, 5584, 5694, 6824, 6932, 6996]@{}
http://www.comp.hkbu.edu.hk/v1/?page=sitemap?=sc?=tc@[4, 12, 2120, 2600, 2690, 2702, 3932, 4644, 5161, 5573, 5598, 5708, 6851, 6959, 7023]@{}
http://www.comp.hkbu.edu.hk/v1/?page=home@[4, 12, 2120, 2600, 2690, 2702, 3928, 5139, 5551, 5576, 5686, 6816, 6924, 6988]@{}
http://www.comp.hkbu.edu.hk/~alumni/news/../news/../news/@[34, 344, 436, 496, 529, 656, 684, 814, 891, 1258, 1333, 1388, 1462, 1517, 1594, 1649, 1730, 1783, 1838, 1895, 1951, 2027, 2112, 2167, 2248, 2303, 2387, 2441, 2516, 2573, 2629, 2716, 2796, 2881, 2980, 3271, 3362, 3462, 3552, 3636, 3728, 3830, 3933, 4029, 4051, 4157, 4283, 4376, 4466, 4530, 4600, 4658, 4735, 4801, 4822, 4889, 4907, 4965, 4983, 5045, 5061, 5083]@{}
http://www.comp.hkbu.edu.hk/~alumni/news/../scholarship/../news/@[34, 344, 436, 496, 529, 656, 684, 814, 891, 1258, 1333, 1388, 1462, 1517, 1594, 1649, 1730, 1783, 1838, 1895, 1951, 2027, 2112, 2167, 2248, 2303, 2387, 2441, 2516, 2573, 2629, 2716, 2796, 2881, 2980, 3271, 3362, 3462, 3552, 3636, 3728, 3830, 3933, 4029, 4051, 4157, 4283, 4376, 4466, 4530, 4600, 4658, 4735, 4801, 4822, 4889, 4907, 4965, 4983, 5045, 5061, 5083]@{}
http://www.comp.hkbu.edu.hk/~alumni/news/../donation/../news/@[34, 344, 436, 496, 529, 656, 684, 814, 891, 1258, 1333, 1388, 1462, 1517, 1594, 1649, 1730, 1783, 1838, 1895, 1951, 2027, 2112, 2167, 2248, 2303, 2387, 2441, 2516, 2573, 2629, 2716, 2796, 2881, 2980, 3271, 3362, 3462, 3552, 3636, 3728, 3830, 3933, 4029, 4051, 4157, 4283, 4376, 4466, 4530, 4600, 4658, 4735, 4801, 4822, 4889, 4907, 4965, 4983, 5045, 5061, 5083]@{}
http://www.comp.hkbu.edu.hk/v1/?page=job_vacancies?=tc?=tc?=tc@[4, 12, 2120, 2600, 2690, 2702, 3934, 4647, 5161, 5573, 5598, 5708, 6859, 6967, 7031]@{}
http://www.comp.hkbu.edu.hk/v1/?page=job_vacancies?=sc?=tc?=tc@[4, 12, 2120, 2600, 2690, 2702, 3934, 5145, 5557, 5582, 5692, 6828, 6936, 7000]@{}
http://www.comp.hkbu.edu.hk/v1/?page=sitemap?=tc?=tc?=tc@[4, 12, 2120, 2600, 2690, 2702, 3934, 5151, 5563, 5588, 5698, 6856, 6964, 7028]@{}
http://www.comp.hkbu.edu.hk/v1/?page=sitemap?=sc?=tc?=tc@[4, 12, 2120, 2600, 2690, 2702, 3934, 5154, 5566, 5591, 5701, 6859, 6967, 7031]@{}
http://www.comp.hkbu.edu.hk/v1/?page=home?=tc@[4, 12, 2120, 2600, 2690, 2702, 3930, 5149, 5561, 5586, 5696, 6844, 6952, 7016]@{}
http://www.comp.hkbu.edu.hk/~alumni/news/../news/../news/../news/@[34, 344, 436, 496, 529, 656, 684, 814, 891, 1258, 1333, 1388, 1462, 1517, 1594, 1649, 1730, 1783, 1838, 1895, 1951, 2027, 2112, 2167, 2248, 2303, 2387, 2441, 2516, 2573, 2629, 2716, 2796, 2881, 2980, 3271, 3362, 3462, 3552, 3636, 3728, 3830, 3933, 4029, 4051, 4157, 4283, 4376, 4466, 4530, 4600, 4658, 4735, 4801, 4822, 4889, 4907, 4965, 4983, 5045, 5061, 5083]@{}
http://www.comp.hkbu.edu.hk/~alumni/news/../scholarship/../news/../news/@[34, 344, 436, 496, 529, 656, 684, 814, 891, 1258, 1333, 1388, 1462, 1517, 1594, 1649, 1730, 1783, 1838, 1895, 1951, 2027, 2112, 2167, 2248, 2303, 2387, 2441, 2516, 2573, 2629, 2716, 2796, 2881, 2980, 3271, 3362, 3462, 3552, 3636, 3728, 3830, 3933, 4029, 4051, 4157, 4283, 4376, 4466, 4530, 4600, 4658, 4735, 4801, 4822, 4889, 4907, 4965, 4983, 5045, 5061, 5083]@{}
http://www.comp.hkbu.edu.hk/~alumni/news/../donation/../news/../news/@[34, 344, 436, 496, 529, 656, 684, 814, 891, 1258, 1333, 1388, 1462, 1517, 1594, 1649, 1730, 1783, 1838, 1895, 1951, 2027, 2112, 2167, 2248, 2303, 2387, 2441, 2516, 2573, 2629, 2716, 2796, 2881, 2980, 3271, 3362, 3462, 3552, 3636, 3728, 3830, 3933, 4029, 4051, 4157, 4283, 4376, 4466, 4530, 4600, 4658, 4735, 4801, 4822, 4889, 4907, 4965, 4983, 5045, 5061, 5083]@{}
http://www.comp.hkbu.edu.hk/v1/?page=job_vacancies?=tc?=tc?=tc?=tc@[4, 12, 2120, 2600, 2690, 2702, 3936, 4649, 5162, 5574, 5599, 5709, 6839, 6947, 7011]@{}
http://www.comp.hkbu.edu.hk/v1/?page=job_vacancies?=sc?=tc?=tc?=tc@[4, 12, 2120, 2600, 2690, 2702, 3936, 4649, 5163, 5575, 5600, 5710, 6827, 6935, 6999]@{}
http://www.comp.hkbu.edu.hk/v1/?page=sitemap?=tc?=tc?=tc?=tc@[4, 12, 2120, 2600, 2690, 2702, 3936, 5151, 5563, 5588, 5698, 6845, 6953, 7017]@{}
http://www.comp.hkbu.edu.hk/v1/?page=sitemap?=sc?=tc?=tc?=tc@[4, 12, 2120, 2600, 2690, 2702, 3936, 4648, 5162, 5574, 5599, 5709, 6853, 6961, 7025]@{}
http://www.comp.hkbu.edu.hk/v1/?page=home?=tc?=tc@[4, 12, 2120, 2600, 2690, 2702, 3932, 5151, 5563, 5588, 5698, 6827, 6935, 6999]@{}
http://www.comp.hkbu.edu.hk/~alumni/news/../news/../news/../news/../news/@[34, 344, 436, 496, 529, 656, 684, 814, 891, 1258, 1333, 1388, 1462, 1517, 1594, 1649, 1730, 1783, 1838, 1895, 1951, 2027, 2112, 2167, 2248, 2303, 2387, 2441, 2516, 2573, 2629, 2716, 2796, 2881, 2980, 3271, 3362, 3462, 3552, 3636, 3728, 3830, 3933, 4029, 4051, 4157, 4283, 4376, 4466, 4530, 4600, 4658, 4735, 4801, 4822, 4889, 4907, 4965, 4983, 5045, 5061, 5083]@{}
http://www.comp.hkbu.edu.hk/v1/?page=alumni@[13, 180]@{}
http://www.comp.hkbu.edu.hk/~alumni/news/../scholarship/../news/../news/../news/@[34, 344, 436, 496, 529, 656, 684, 814, 891, 1258, 1333, 1388, 1462, 1517, 1594, 1649, 1730, 1783, 1838, 1895, 1951, 2027, 2112, 2167, 2248, 2303, 2387, 2441, 2516, 2573, 2629, 2716, 2796, 2881, 2980, 3271, 3362, 3462, 3552, 3636, 3728, 3830, 3933, 4029, 4051, 4157, 4283, 4376, 4466, 4530, 4600, 4658, 4735, 4801, 4822, 4889, 4907, 4965, 4983, 5045, 5061, 5083]@{}
http://www.comp.hkbu.edu.hk/~alumni/news/../donation/../news/../news/../news/@[34, 344, 436, 496, 529, 656, 684, 814, 891, 1258, 1333, 1388, 1462, 1517, 1594, 1649, 1730, 1783, 1838, 1895, 1951, 2027, 2112, 2167, 2248, 2303, 2387, 2441, 2516, 2573, 2629, 2716, 2796, 2881, 2980, 3271, 3362, 3462, 3552, 3636, 3728, 3830, 3933, 4029, 4051, 4157, 4283, 4376, 4466, 4530, 4600, 4658, 4735, 4801, 4822, 4889, 4907, 4965, 4983, 5045, 5061, 5083]@{}
http://www.comp.hkbu.edu.hk/v1/?page=job_vacancies?=tc?=tc?=tc?=tc?=tc@[4, 12, 2120, 2600, 2690, 2702, 3938, 4651, 5165, 5577, 5602, 5712, 6834, 6942, 7006]@{}
http://www.comp.hkbu.edu.hk/v1/?page=job_vacancies?=sc?=tc?=tc?=tc?=tc@[4, 12, 2120, 2600, 2690, 2702, 3938, 5150, 5562, 5587, 5697, 6836, 6944, 7008]@{}
http://www.comp.hkbu.edu.hk/v1/?page=sitemap?=tc?=tc?=tc?=tc?=tc@[4, 12, 2120, 2600, 2690, 2702, 3938, 5158, 5570, 5595, 5705, 6856, 6964, 7028]@{}
http://www.comp.hkbu.edu.hk/v1/?page=sitemap?=sc?=tc?=tc?=tc?=tc@[4, 12, 2120, 2600, 2690, 2702, 3938, 4650, 5164, 5576, 5601, 5711, 6841, 6949, 7013]@{}
http://www.comp.hkbu.edu.hk/v1/?page=home?=tc?=tc?=tc@[4, 12, 2120, 2600, 2690, 2702, 3934, 5149, 5561, 5586, 5696, 6841, 6949, 7013]@{}
http://www.comp.hkbu.edu.hk/~alumni/news/../news/../news/../news/../news/../news/@[34, 344, 436, 496, 529, 656, 684, 814, 891, 1258, 1333, 1388, 1462, 1517, 1594, 1649, 1730, 1783, 1838, 1895, 1951, 2027, 2112, 2167, 2248, 2303, 2387, 2441, 2516, 2573, 2629, 2716, 2796, 2881, 2980, 3271, 3362, 3462, 3552, 3636, 3728, 3830, 3933, 4029, 4051, 4157, 4283, 4376, 4466, 4530, 4600, 4658, 4735, 4801, 4822, 4889, 4907, 4965, 4983, 5045, 5061, 5083]@{}
http://www.comp.hkbu.edu.hk/~alumni/news/../scholarship/../news/../news/../news/../news/@[34, 344, 436, 496, 529, 656, 684, 814, 891, 1258, 1333, 1388, 1462, 1517, 1594, 1649, 1730, 1783, 1838, 1895, 1951, 2027, 2112, 2167, 2248, 2303, 2387, 2441, 2516, 2573, 2629, 2716, 2796, 2881, 2980, 3271, 3362, 3462, 3552, 3636, 3728, 3830, 3933, 4029, 4051, 4157, 4283, 4376, 4466, 4530, 4600, 4658, 4735, 4801, 4822, 4889, 4907, 4965, 4983, 5045, 5061, 5083]@{}
http://www.comp.hkbu.edu.hk/~alumni/news/../donation/../news/../news/../news/../news/@[34, 344, 436, 496, 529, 656, 684, 814, 891, 1258, 1333, 1388, 1462, 1517, 1594, 1649, 1730, 1783, 1838, 1895, 1951, 2027, 2112, 2167, 2248, 2303, 2387, 2441, 2516, 2573, 2629, 2716, 2796, 2881, 2980, 3271, 3362, 3462, 3552, 3636, 3728, 3830, 3933, 4029, 4051, 4157, 4283, 4376, 4466, 4530, 4600, 4658, 4735, 4801, 4822, 4889, 4907, 4965, 4983, 5045, 5061, 5083]@{}
http://www.comp.hkbu.edu.hk/v1/?page=job_vacancies@[4, 12, 1668, 2148, 2238, 2250, 3476, 4260, 4294, 4354, 4462, 4516]@{}
http://www.comp.hkbu.edu.hk/v1/?page=job_vacancies?=tc?=tc?=tc?=tc?=tc?=tc@[4, 12, 2120, 2600, 2690, 2702, 3940, 5153, 5565, 5590, 5700, 6831, 6939, 7003]@{}
http://www.comp.hkbu.edu.hk/v1/?page=job_vacancies?=sc?=tc?=tc?=tc?=tc?=tc@[4, 12, 2120, 2600, 2690, 2702, 3940, 5152, 5564, 5589, 5699, 6858, 6966, 7030]@{}
http://www.comp.hkbu.edu.hk/v1/?page=sitemap?=tc?=tc?=tc?=tc?=tc?=tc@[4, 12, 2120, 2600, 2690, 2702, 3940, 5156, 5568, 5593, 5703, 6848, 6956, 7020]@{}
http://www.comp.hkbu.edu.hk/v1/?page=sitemap?=sc?=tc?=tc?=tc?=tc?=tc@[4, 12, 2120, 2600, 2690, 2702, 3940, 4653, 5174, 5586, 5611, 5721, 6858, 6966, 7030]@{}
http://www.comp.hkbu.edu.hk/v1/?page=home?=tc?=tc?=tc?=tc@[4, 12, 2120, 2600, 2690, 2702, 3936, 5155, 5567, 5592, 5702, 6842, 6950, 7014]@{}
http://www.comp.hkbu.edu.hk/~alumni/news/../news/../news/../news/../news/../news/../news/@[34, 344, 436, 496, 529, 656, 684, 814, 891, 1258, 1333, 1388, 1462, 1517, 1594, 1649, 1730, 1783, 1838, 1895, 1951, 2027, 2112, 2167, 2248, 2303, 2387, 2441, 2516, 2573, 2629, 2716, 2796, 2881, 2980, 3271, 3362, 3462, 3552, 3636, 3728, 3830, 3933, 4029, 4051, 4157, 4283, 4376, 4466, 4530, 4600, 4658, 4735, 4801, 4822, 4889, 4907, 4965, 4983, 5045, 5061, 5083]@{}
http://www.comp.hkbu.edu.hk/~alumni/news/../scholarship/../news/../news/../news/../news/../news/@[34, 344, 436, 496, 529, 656, 684, 814, 891, 1258, 1333, 1388, 1462, 1517, 1594, 1649, 1730, 1783, 1838, 1895, 1951, 2027, 2112, 2167, 2248, 2303, 2387, 2441, 2516, 2573, 2629, 2716, 2796, 2881, 2980, 3271, 3362, 3462, 3552, 3636, 3728, 3830, 3933, 4029, 4051, 4157, 4283, 4376, 4466, 4530, 4600, 4658, 4735, 4801, 4822, 4889, 4907, 4965, 4983, 5045, 5061, 5083]@{}
http://www.comp.hkbu.edu.hk/~alumni/news/../donation/../news/../news/../news/../news/../news/@[34, 344, 436, 496, 529, 656, 684, 814, 891, 1258, 1333, 1388, 1462, 1517, 1594, 1649, 1730, 1783, 1838, 1895, 1951, 2027, 2112, 2167, 2248, 2303, 2387, 2441, 2516, 2573, 2629, 2716, 2796, 2881, 2980, 3271, 3362, 3462, 3552, 3636, 3728, 3830, 3933, 4029, 4051, 4157, 4283, 4376, 4466, 4530, 4600, 4658, 4735, 4801, 4822, 4889, 4907, 4965, 4983, 5045, 5061, 5083]@{}
http://www.comp.hkbu.edu.hk/v1/?page=job_vacancies?=tc?=tc?=tc?=tc?=tc?=tc?=tc@[4, 12, 2120, 2600, 2690, 2702, 3942, 5157, 5569, 5594, 5704, 6830, 6938, 7002]@{}
http://www.comp.hkbu.edu.hk/v1/?page=job_vacancies?=sc?=tc?=tc?=tc?=tc?=tc?=tc@[4, 12, 2120, 2600, 2690, 2702, 3942, 5154, 5566, 5591, 5701, 6850, 6958, 7022]@{}
http://www.comp.hkbu.edu.hk/v1/?page=sitemap?=tc?=tc?=tc?=tc?=tc?=tc?=tc@[4, 12, 2120, 2600, 2690, 2702, 3942, 5156, 5568, 5593, 5703, 6830, 6938, 7002]@{}
http://www.comp.hkbu.edu.hk/v1/?page=sitemap?=sc?=tc?=tc?=tc?=tc?=tc?=tc@[4, 12, 2120, 2600, 2690, 2702, 3942, 5158, 5570, 5595, 5705, 6851, 6959, 7023]@{}
http://www.comp.hkbu.edu.hk/v1/?page=home?=tc?=tc?=tc?=tc?=tc@[4, 12, 2120, 2600, 2690, 2702, 3938, 5158, 5570, 5595, 5705, 6855, 6963, 7027]@{}
http://www.comp.hkbu.edu.hk/~alumni/news/../news/../news/../news/../news/../news/../news/../news/@[34, 344, 436, 496, 529, 656, 684, 814, 891, 1258, 1333, 1388, 1462, 1517, 1594, 1649, 1730, 1783, 1838, 1895, 1951, 2027, 2112, 2167, 2248, 2303, 2387, 2441, 2516, 2573, 2629, 2716, 2796, 2881, 2980, 3271, 3362, 3462, 3552, 3636, 3728, 3830, 3933, 4029, 4051, 4157, 4283, 4376, 4466, 4530, 4600, 4658, 4735, 4801, 4822, 4889, 4907, 4965, 4983, 5045, 5061, 5083]@{}
http://www.comp.hkbu.edu.hk/~alumni/news/../scholarship/../news/../news/../news/../news/../news/../news/@[34, 344, 436, 496, 529, 656, 684, 814, 891, 1258, 1333, 1388, 1462, 1517, 1594, 1649, 1730, 1783, 1838, 1895, 1951, 2027, 2112, 2167, 2248, 2303, 2387, 2441, 2516, 2573, 2629, 2716, 2796, 2881, 2980, 3271, 3362, 3462, 3552, 3636, 3728, 3830, 3933, 4029, 4051, 4157, 4283, 4376, 4466, 4530, 4600, 4658, 4735, 4801, 4822, 4889, 4907, 4965, 4983, 5045, 5061, 5083]@{}
http://www.comp.hkbu.edu.hk/~alumni/news/../donation/../news/../news/../news/../news/../news/../news/@[34, 344, 436, 496, 529, 656, 684, 814, 891, 1258, 1333, 1388, 1462, 1517, 1594, 1649, 1730, 1783, 1838, 1895, 1951, 2027, 2112, 2167, 2248, 2303, 2387, 2441, 2516, 2573, 2629, 2716, 2796, 2881, 2980, 3271, 3362, 3462, 3552, 3636, 3728, 3830, 3933, 4029, 4051, 4157, 4283, 4376, 4466, 4530, 4600, 4658, 4735, 4801, 4822, 4889, 4907, 4965, 4983, 5045, 5061, 5083]@{}
http://www.comp.hkbu.edu.hk/v1/?page=job_vacancies?=tc?=tc?=tc?=tc?=tc?=tc?=tc?=tc@[4, 12, 2120, 2600, 2690, 2702, 3944, 4657, 5173, 5585, 5610, 5720, 6873, 6981, 7045]@{}
http://www.comp.hkbu.edu.hk/v1/?page=job_vacancies?=sc?=tc?=tc?=tc?=tc?=tc?=tc?=tc@[4, 12, 2120, 2600, 2690, 2702, 3944, 5157, 5569, 5594, 5704, 6852, 6960, 7024]@{}
http://www.comp.hkbu.edu.hk/v1/?page=sitemap?=tc?=tc?=tc?=tc?=tc?=tc?=tc?=tc@[4, 12, 2120, 2600, 2690, 2702, 3944, 5160, 5572, 5597, 5707, 6843, 6951, 7015]@{}
http://www.comp.hkbu.edu.hk/v1/?page=sitemap?=sc?=tc?=tc?=tc?=tc?=tc?=tc?=tc@[4, 12, 2120, 2600, 2690, 2702, 3944, 4657, 5174, 5586, 5611, 5721, 6851, 6959, 7023]@{}
http://www.comp.hkbu.edu.hk/v1/?page=sitemap@[4, 12, 1666, 2146, 2236, 2248, 3474, 5714, 5822, 5876]@{}
http://www.comp.hkbu.edu.hk/v1/?page=home?=tc?=tc?=tc?=tc?=tc?=tc@[4, 12, 2120, 2600, 2690, 2702, 3940, 5159, 5571, 5596, 5706, 6851, 6959, 7023]@{}
http://www.comp.hkbu.edu.hk/~alumni/news/../news/../news/../news/../news/../news/../news/../news/../news/@[34, 344, 436, 496, 529, 656, 684, 814, 891, 1258, 1333, 1388, 1462, 1517, 1594, 1649, 1730, 1783, 1838, 1895, 1951, 2027, 2112, 2167, 2248, 2303, 2387, 2441, 2516, 2573, 2629, 2716, 2796, 2881, 2980, 3271, 3362, 3462, 3552, 3636, 3728, 3830, 3933, 4029, 4051, 4157, 4283, 4376, 4466, 4530, 4600, 4658, 4735, 4801, 4822, 4889, 4907, 4965, 4983, 5045, 5061, 5083]@{}
http://www.comp.hkbu.edu.hk/~alumni/news/../scholarship/../news/../news/../news/../news/../news/../news/../news/@[34, 344, 436, 496, 529, 656, 684, 814, 891, 1258, 1333, 1388, 1462, 1517, 1594, 1649, 1730, 1783, 1838, 1895, 1951, 2027, 2112, 2167, 2248, 2303, 2387, 2441, 2516, 2573, 2629, 2716, 2796, 2881, 2980, 3271, 3362, 3462, 3552, 3636, 3728, 3830, 3933, 4029, 4051, 4157, 4283, 4376, 4466, 4530, 4600, 4658, 4735, 4801, 4822, 4889, 4907, 4965, 4983, 5045, 5061, 5083]@{}
http://www.comp.hkbu.edu.hk/~alumni/news/../donation/../news/../news/../news/../news/../news/../news/../news/@[34, 344, 436, 496, 529, 656, 684, 814, 891, 1258, 1333, 1388, 1462, 1517, 1594, 1649, 1730, 1783, 1838, 1895, 1951, 2027, 2112, 2167, 2248, 2303, 2387, 2441, 2516, 2573, 2629, 2716, 2796, 2881, 2980, 3271, 3362, 3462, 3552, 3636, 3728, 3830, 3933, 4029, 4051, 4157, 4283, 4376, 4466, 4530, 4600, 4658, 4735, 4801, 4822, 4889, 4907, 4965, 4983, 5045, 5061, 5083]@{}
http://www.comp.hkbu.edu.hk/v1/?page=job_vacancies?=tc?=tc?=tc?=tc?=tc?=tc?=tc?=tc?=tc@[4, 12, 2120, 2600, 2690, 2702, 3946, 4659, 5173, 5585, 5610, 5720, 6847, 6955, 7019]@{}
http://www.comp.hkbu.edu.hk/v1/?page=job_vacancies?=sc?=tc?=tc?=tc?=tc?=tc?=tc?=tc?=tc@[4, 12, 2120, 2600, 2690, 2702, 3946, 4659, 5172, 5584, 5609, 5719, 6859, 6967, 7031]@{}
http://www.comp.hkbu.edu.hk/v1/?page=sitemap?=tc?=tc?=tc?=tc?=tc?=tc?=tc?=tc?=tc@[4, 12, 2120, 2600, 2690, 2702, 3946, 5157, 5569, 5594, 5704, 6827, 6935, 6999]@{}
http://www.comp.hkbu.edu.hk/v1/?page=sitemap?=sc?=tc?=tc?=tc?=tc?=tc?=tc?=tc?=tc@[4, 12, 2120, 2600, 2690, 2702, 3946, 4658, 5175, 5587, 5612, 5722, 6853, 6961, 7025]@{}
http://www.comp.hkbu.edu.hk/v1/?lang=tc@[4, 12, 2120, 2600, 2690, 2702, 3924, 4636, 5157, 5569, 5594, 5704, 6855, 6963, 7027]@{}
http://www.comp.hkbu.edu.hk/~alumni/news/@[34, 344, 436, 496, 529, 656, 684, 814, 891, 1258, 1333, 1388, 1462, 1517, 1594, 1649, 1730, 1783, 1838, 1895, 1951, 2027, 2112, 2167, 2248, 2303, 2387, 2441, 2516, 2573, 2629, 2716, 2796, 2881, 2980, 3271, 3362, 3462, 3552, 3636, 3728, 3830, 3933, 4029, 4051, 4157, 4283, 4376, 4466, 4530, 4600, 4658, 4735, 4801, 4822, 4889, 4907, 4965, 4983, 5045, 5061, 5083]@{}
http://www.sci.hkbu.edu.hk/eng/page/?page=prospective-students@[18, 220, 250, 537, 829, 990, 1390, 1403, 1416, 1434, 1448, 1631, 2505, 2590, 2647, 2768, 2820, 2871, 2925, 2993, 3183, 3255, 3464, 3493, 3518, 3534, 3557, 3591, 3606, 3833]@{}
http://www.sci.hkbu.edu.hk/eng/page/?page=current-students@[18, 220, 250, 537, 829, 990, 1390, 1403, 1416, 1434, 1448, 1631, 2491, 2514, 2550, 2572, 2595, 2625, 2699, 2772, 2798, 2844, 2870, 3120, 3149, 3174, 3190, 3213, 3247, 3262, 3489]@{}
http://www.sci.hkbu.edu.hk/eng/page/@[18, 220, 250, 537, 829, 990, 1390, 1403, 1416, 1434, 1448, 1631, 3223, 3252, 3277, 3293, 3316, 3350, 3365, 3592]@{}
http://www.sci.hkbu.edu.hk/eng/about-us/honorary-doctorate@[18, 220, 250, 537, 829, 990, 1390, 1403, 1416, 1434, 1448, 1631, 3754, 3783, 3808, 3824, 3847, 3881, 3896, 4123]@{}
http://www.sci.hkbu.edu.hk/eng/about-us/distinguished-professorship/eng/page/?page=prospective-students@[18, 220, 250, 537, 829, 990, 1390, 1403, 1416, 1434, 1448, 1631, 2799, 2851, 3867, 3919, 4257, 4268, 4944, 5165, 5177, 5559, 5570, 5582, 5599, 5624, 5649, 5674, 5695, 5825, 6035, 6082, 7919, 7948, 7973, 7989, 8012, 8046, 8061, 8288]@{}
http://www.sci.hkbu.edu.hk/eng/about-us/honorary-doctorate/eng/page/?page=prospective-students@[18, 220, 250, 537, 829, 990, 1390, 1403, 1416, 1434, 1448, 1631, 2799, 2851, 3867, 3919, 4257, 4268, 4944, 5165, 5177, 5559, 5570, 5582, 5599, 5624, 5649, 5674, 5695, 5825, 6035, 6082, 7919, 7948, 7973, 7989, 8012, 8046, 8061, 8288]@{}
http://www.sci.hkbu.edu.hk/eng/about-us/distinguished-professor-of-science@[18, 220, 250, 537, 829, 990, 1390, 1403, 1416, 1434, 1448, 1631, 3570, 3599, 3624, 3640, 3663, 3697, 3712, 3939]@{}
http://www.sci.hkbu.edu.hk/eng/about-us/dr-kennedy-wong-distinguished-visiting-professorship-scheme@[18, 220, 250, 537, 829, 990, 1390, 1403, 1416, 1434, 1448, 1631, 3239, 3268, 3293, 3309, 3332, 3366, 3381, 3608]@{}
http://www.sci.hkbu.edu.hk/eng/about-us/distinguished-professor-of-science/eng/page/?page=prospective-students@[18, 220, 250, 537, 829, 990, 1390, 1403, 1416, 1434, 1448, 1631, 2799, 2851, 3867, 3919, 4257, 4268, 4944, 5165, 5177, 5559, 5570, 5582, 5599, 5624, 5649, 5674, 5695, 5825, 6035, 6082, 7919, 7948, 7973, 7989, 8012, 8046, 8061, 8288]@{}
http://www.sci.hkbu.edu.hk/eng/about-us/dr-kennedy-wong-distinguished-visiting-professorship-scheme/eng/page/?page=prospective-students@[18, 220, 250, 537, 829, 990, 1390, 1403, 1416, 1434, 1448, 1631, 2799, 2851, 3867, 3919, 4257, 4268, 4944, 5165, 5177, 5559, 5570, 5582, 5599, 5624, 5649, 5674, 5695, 5825, 6035, 6082, 7919, 7948, 7973, 7989, 8012, 8046, 8061, 8288]@{}
http://www.sci.hkbu.edu.hk/eng/page/eng/about-us/vision-mission@[18, 220, 250, 537, 829, 990, 1390, 1403, 1416, 1434, 1448, 1631, 2799, 2851, 3867, 3919, 4257, 4268, 4944, 5165, 5177, 5559, 5570, 5582, 5599, 5624, 5649, 5674, 5695, 5825, 6035, 6082, 7919, 7948, 7973, 7989, 8012, 8046, 8061, 8288]@{}
http://www.sci.hkbu.edu.hk/eng/page/eng/about-us/faculty-advisory-committee@[18, 220, 250, 537, 829, 990, 1390, 1403, 1416, 1434, 1448, 1631, 2799, 2851, 3867, 3919, 4257, 4268, 4944, 5165, 5177, 5559, 5570, 5582, 5599, 5624, 5649, 5674, 5695, 5825, 6035, 6082, 7919, 7948, 7973, 7989, 8012, 8046, 8061, 8288]@{}
http://www.sci.hkbu.edu.hk/eng@[18, 220, 250, 537, 829, 990, 1390, 1403, 1416, 1434, 1448, 1631, 2799, 2851, 3867, 3919, 4257, 4268, 4944, 5165, 5177, 5559, 5570, 5582, 5599, 5624, 5649, 5674, 5695, 5825, 6035, 6082, 7919, 7948, 7973, 7989, 8012, 8046, 8061, 8288]@{}
http://www.sci.hkbu.edu.hk/eng/about-us/vision-mission@[18, 220, 250, 537, 829, 990, 1390, 1403, 1416, 1434, 1448, 1631, 3143, 3172, 3197, 3213, 3236, 3270, 3285, 3512]@{}
http://www.sci.hkbu.edu.hk/eng/about-us/faculty-advisory-committee@[18, 220, 250, 537, 829, 990, 1390, 1403, 1416, 1434, 1448, 1631, 3897, 3926, 3951, 3967, 3990, 4024, 4039, 4266]@{}
http://www.sci.hkbu.edu.hk/eng/about-us/vision-mission/eng/page/?page=prospective-students@[18, 220, 250, 537, 829, 990, 1390, 1403, 1416, 1434, 1448, 1631, 2799, 2851, 3867, 3919, 4257, 4268, 4944, 5165, 5177, 5559, 5570, 5582, 5599, 5624, 5649, 5674, 5695, 5825, 6035, 6082, 7919, 7948, 7973, 7989, 8012, 8046, 8061, 8288]@{}
http://www.sci.hkbu.edu.hk/eng/about-us/faculty-advisory-committee/eng/page/?page=prospective-students@[18, 220, 250, 537, 829, 990, 1390, 1403, 1416, 1434, 1448, 1631, 2799, 2851, 3867, 3919, 4257, 4268, 4944, 5165, 5177, 5559, 5570, 5582, 5599, 5624, 5649, 5674, 5695, 5825, 6035, 6082, 7919, 7948, 7973, 7989, 8012, 8046, 8061, 8288]@{}
http://www.sci.hkbu.edu.hk/eng/about-us/distinguished-professorship@[18, 220, 250, 537, 829, 990, 1390, 1403, 1416, 1434, 1448, 1631, 2788, 2817, 2842, 2858, 2881, 2915, 2930, 3157]@{}
