http://www.comp.hkbu.edu.hk@[54, 310, 352, 534, 717, 953, 975, 1008, 1058, 1098, 1143, 1186, 1232, 1271, 1297, 1645, 1751, 1884, 1893, 1902, 1913, 1922, 1931, 2329, 2399, 2402, 2414, 2426, 2453, 2554, 2585, 2615, 2666, 2771, 2979, 3366, 3426, 3452, 3489, 3515, 3564, 3590, 3646, 3672, 3712, 3738, 3783, 3828, 3843, 3899, 3947, 3988, 4029, 4067, 4105, 4157, 4163, 4264, 4299, 4344, 4386, 4429, 4473, 4518, 4589, 4881, 4926, 5115, 5684, 6136, 6430, 6642, 6832, 6885, 6903, 6915, 6927]@{}
http://www.comp.hkbu.edu.hk/v1/?page=sci@[865, 2404, 2413, 2422, 2431, 2440, 2458, 2486, 2573, 2603, 2632, 2661, 2690, 2811, 2835, 2864, 2889, 3070, 3144, 3217, 3292, 3364, 3439, 3506, 3580, 3650, 3723, 3879, 3903, 3932, 3957, 4117, 4147, 4178, 4207, 5245, 5279, 5313, 5347, 5381, 6007, 6012, 6017, 6022, 6027, 6701, 7939, 8025, 8040, 8055, 8069]@{}
http://www.comp.hkbu.edu.hk/v1/?page=job_vacancies?=tc@[54, 310, 352, 534, 717, 953, 975, 1008, 1058, 1098, 1143, 1186, 1232, 1271, 1297, 1645, 1751, 1884, 1893, 1902, 1913, 1922, 1931, 2329, 2399, 2402, 2414, 2426, 2453, 2554, 2585, 2615, 2666, 2771, 2985, 3372, 3432, 3458, 3495, 3521, 3570, 3596, 3652, 3678, 3718, 3744, 3789, 3834, 3849, 3905, 3953, 3994, 4035, 4073, 4111, 4163, 4169, 4270, 4305, 4350, 4392, 4435, 4479, 4524, 4595, 4877, 4922, 5111, 5680, 6132, 6409, 6621, 6808, 6861, 6879, 6891, 6903]@{}
http://www.comp.hkbu.edu.hk/v1/?page=job_vacancies?=sc@[54, 310, 352, 534, 717, 953, 975, 1008, 1058, 1098, 1143, 1186, 1232, 1271, 1297, 1645, 1751, 1884, 1893, 1902, 1913, 1922, 1931, 2329, 2399, 2402, 2414, 2426, 2453, 2554, 2585, 2615, 2666, 2771, 2985, 3372, 3432, 3458, 3495, 3521, 3570, 3596, 3652, 3678, 3718, 3744, 3789, 3834, 3849, 3905, 3953, 3994, 4035, 4073, 4111, 4163, 4169, 4270, 4305, 4350, 4392, 4435, 4479, 4524, 4595, 4877, 4922, 5111, 5680, 6132, 6420, 6632, 6817, 6870, 6888, 6900, 6912]@{}
http://www.comp.hkbu.edu.hk/v1/?page=sitemap?=tc@[54, 310, 352, 534, 717, 953, 975, 1008, 1058, 1098, 1143, 1186, 1232, 1271, 1297, 1645, 1751, 1884, 1893, 1902, 1913, 1922, 1931, 2329, 2399, 2402, 2414, 2426, 2453, 2554, 2585, 2615, 2666, 2771, 2985, 3372, 3432, 3458, 3495, 3521, 3570, 3596, 3652, 3678, 3718, 3744, 3789, 3834, 3849, 3905, 3953, 3994, 4035, 4073, 4110, 4162, 4168, 4269, 4304, 4349, 4391, 4434, 4478, 4523, 4594, 4873, 4918, 5107, 5676, 6128, 6412, 6624, 6820, 6873, 6891, 6903, 6915]@{}
http://www.comp.hkbu.edu.hk/v1/?page=sitemap?=sc@[54, 310, 352, 534, 717, 953, 975, 1008, 1058, 1098, 1143, 1186, 1232, 1271, 1297, 1645, 1751, 1884, 1893, 1902, 1913, 1922, 1931, 2329, 2399, 2402, 2414, 2426, 2453, 2554, 2585, 2615, 2666, 2771, 2985, 3372, 3432, 3458, 3495, 3521, 3570, 3596, 3652, 3678, 3718, 3744, 3789, 3834, 3849, 3905, 3953, 3994, 4035, 4073, 4110, 4162, 4168, 4269, 4304, 4349, 4391, 4434, 4478, 4523, 4594, 4872, 4917, 5106, 5675, 6127, 6419, 6631, 6835, 6888, 6906, 6918, 6930]@{}
http://www.comp.hkbu.edu.hk/v1/?lang=sc@[54, 310, 352, 534, 717, 953, 975, 1008, 1058, 1098, 1143, 1186, 1232, 1271, 1297, 1645, 1751, 1884, 1893, 1902, 1913, 1922, 1931, 2329, 2399, 2402, 2414, 2426, 2453, 2554, 2585, 2615, 2666, 2771, 2979, 3366, 3426, 3452, 3489, 3515, 3564, 3590, 3646, 3672, 3712, 3738, 3783, 3828, 3843, 3899, 3947, 3988, 4029, 4067, 4105, 4157, 4163, 4264, 4299, 4344, 4386, 4429, 4473, 4518, 4589, 4868, 4913, 5102, 5671, 6123, 6411, 6623, 6801, 6854, 6872, 6884, 6896]@{}
http://www.comp.hkbu.edu.hk/~alumni/news/../news/@[62, 71, 86, 101, 114, 123, 152, 176, 188, 205, 231, 257, 293, 321, 359, 385, 413, 447, 473, 506, 538, 561, 666, 753, 2174, 4039, 5024]@{}
http://www.comp.hkbu.edu.hk/~alumni/news/../scholarship/@[62, 71, 86, 101, 114, 123, 152, 176, 188, 205, 231, 257, 293, 321, 359, 385, 413, 447, 473, 506, 538, 561, 620, 641, 662, 686, 711, 734, 756, 858]@{}
http://www.comp.hkbu.edu.hk/~alumni/news/../donation/@[62, 71, 86, 101, 114, 123, 152, 176, 188, 205, 231, 257, 293, 321, 359, 385, 413, 447, 473, 506, 538, 561, 1346]@{}
http://www.comp.hkbu.edu.hk/v1/?page=job_vacancies?=tc?=tc@[54, 310, 352, 534, 717, 953, 975, 1008, 1058, 1098, 1143, 1186, 1232, 1271, 1297, 1645, 1751, 1884, 1893, 1902, 1913, 1922, 1931, 2329, 2399, 2402, 2414, 2426, 2453, 2554, 2585, 2615, 2666, 2771, 2987, 3374, 3434, 3460, 3497, 3523, 3572, 3598, 3654, 3680, 3720, 3746, 3791, 3836, 3851, 3907, 3955, 3996, 4037, 4075, 4112, 4164, 4170, 4271, 4306, 4351, 4393, 4436, 4480, 4525, 4596, 4874, 4919, 5108, 5677, 6129, 6418, 6630, 6822, 6875, 6893, 6905, 6917]@{}
http://www.comp.hkbu.edu.hk/v1/?page=job_vacancies?=sc?=tc@[54, 310, 352, 534, 717, 953, 975, 1008, 1058, 1098, 1143, 1186, 1232, 1271, 1297, 1645, 1751, 1884, 1893, 1902, 1913, 1922, 1931, 2329, 2399, 2402, 2414, 2426, 2453, 2554, 2585, 2615, 2666, 2771, 2987, 3374, 3434, 3460, 3497, 3523, 3572, 3598, 3654, 3680, 3720, 3746, 3791, 3836, 3851, 3907, 3955, 3996, 4037, 4075, 4112, 4164, 4170, 4271, 4306, 4351, 4393, 4436, 4480, 4525, 4596, 4884, 4929, 5118, 5687, 6139, 6437, 6649, 6851, 6904, 6922, 6934, 6946]@{}
http://www.comp.hkbu.edu.hk/v1/?page=sitemap?=tc?=tc@[54, 310, 352, 534, 717, 953, 975, 1008, 1058, 1098, 1143, 1186, 1232, 1271, 1297, 1645, 1751, 1884, 1893, 1902, 1913, 1922, 1931, 2329, 2399, 2402, 2414, 2426, 2453, 2554, 2585, 2615, 2666, 2771, 2987, 3374, 3434, 3460, 3497, 3523, 3572, 3598, 3654, 3680, 3720, 3746, 3791, 3836, 3851, 3907, 3955, 3996, 4037, 4075, 4112, 4164, 4170, 4271, 4306, 4351, 4393, 4436, 4480, 4525, 4596, 4874, 4919, 5108, 5677, 6129, 6414, 6626, 6813, 6866, 6884, 6896, 6908]@{}
http://www.comp.hkbu.edu.hk/v1/?page=sitemap?=sc?=tc@[54, 310, 352, 534, 717, 953, 975, 1008, 1058, 1098, 1143, 1186, 1232, 1271, 1297, 1645, 1751, 1884, 1893, 1902, 1913, 1922, 1931, 2329, 2399, 2402, 2414, 2426, 2453, 2554, 2585, 2615, 2666, 2771, 2987, 3374, 3434, 3460, 3497, 3523, 3572, 3598, 3654, 3680, 3720, 3746, 3791, 3836, 3851, 3907, 3955, 3996, 4037, 4075, 4112, 4164, 4170, 4271, 4306, 4351, 4393, 4436, 4480, 4525, 4596, 4888, 4933, 5122, 5691, 6143, 6431, 6643, 6840, 6893, 6911, 6923, 6935]@{}
http://www.comp.hkbu.edu.hk/v1/?page=home@[54, 310, 352, 534, 717, 953, 975, 1008, 1058, 1098, 1143, 1186, 1232, 1271, 1297, 1645, 1751, 1884, 1893, 1902, 1913, 1922, 1931, 2329, 2399, 2402, 2414, 2426, 2453, 2554, 2585, 2615, 2666, 2771, 2983, 3370, 3430, 3456, 3493, 3519, 3568, 3594, 3650, 3676, 3716, 3742, 3787, 3832, 3847, 3903, 3951, 3992, 4033, 4071, 4108, 4160, 4166, 4267, 4302, 4347, 4389, 4432, 4476, 4521, 4592, 4866, 4911, 5100, 5669, 6121, 6407, 6619, 6805, 6858, 6876, 6888, 6900]@{}
http://www.comp.hkbu.edu.hk/~alumni/news/../news/../news/@[62, 71, 86, 101, 114, 123, 152, 176, 188, 205, 231, 257, 293, 321, 359, 385, 413, 447, 473, 506, 538, 561, 666, 753, 2174, 4039, 5024]@{}
http://www.comp.hkbu.edu.hk/~alumni/news/../scholarship/../news/@[62, 71, 86, 101, 114, 123, 152, 176, 188, 205, 231, 257, 293, 321, 359, 385, 413, 447, 473, 506, 538, 561, 666, 753, 2174, 4039, 5024]@{}
http://www.comp.hkbu.edu.hk/~alumni/news/../donation/../news/@[62, 71, 86, 101, 114, 123, 152, 176, 188, 205, 231, 257, 293, 321, 359, 385, 413, 447, 473, 506, 538, 561, 666, 753, 2174, 4039, 5024]@{}
http://www.comp.hkbu.edu.hk/v1/?page=job_vacancies?=tc?=tc?=tc@[54, 310, 352, 534, 717, 953, 975, 1008, 1058, 1098, 1143, 1186, 1232, 1271, 1297, 1645, 1751, 1884, 1893, 1902, 1913, 1922, 1931, 2329, 2399, 2402, 2414, 2426, 2453, 2554, 2585, 2615, 2666, 2771, 2989, 3376, 3436, 3462, 3499, 3525, 3574, 3600, 3656, 3682, 3722, 3748, 3793, 3838, 3853, 3909, 3957, 3998, 4039, 4077, 4115, 4167, 4173, 4274, 4309, 4354, 4396, 4439, 4483, 4528, 4599, 4888, 4933, 5122, 5691, 6143, 6434, 6646, 6848, 6901, 6919, 6931, 6943]@{}
http://www.comp.hkbu.edu.hk/v1/?page=job_vacancies?=sc?=tc?=tc@[54, 310, 352, 534, 717, 953, 975, 1008, 1058, 1098, 1143, 1186, 1232, 1271, 1297, 1645, 1751, 1884, 1893, 1902, 1913, 1922, 1931, 2329, 2399, 2402, 2414, 2426, 2453, 2554, 2585, 2615, 2666, 2771, 2989, 3376, 3436, 3462, 3499, 3525, 3574, 3600, 3656, 3682, 3722, 3748, 3793, 3838, 3853, 3909, 3957, 3998, 4039, 4077, 4114, 4166, 4172, 4273, 4308, 4353, 4395, 4438, 4482, 4527, 4598, 4872, 4917, 5106, 5675, 6127, 6419, 6631, 6817, 6870, 6888, 6900, 6912]@{}
http://www.comp.hkbu.edu.hk/v1/?page=sitemap?=tc?=tc?=tc@[54, 310, 352, 534, 717, 953, 975, 1008, 1058, 1098, 1143, 1186, 1232, 1271, 1297, 1645, 1751, 1884, 1893, 1902, 1913, 1922, 1931, 2329, 2399, 2402, 2414, 2426, 2453, 2554, 2585, 2615, 2666, 2771, 2989, 3376, 3436, 3462, 3499, 3525, 3574, 3600, 3656, 3682, 3722, 3748, 3793, 3838, 3853, 3909, 3957, 3998, 4039, 4077, 4115, 4167, 4173, 4274, 4309, 4354, 4396, 4439, 4483, 4528, 4599, 4878, 4923, 5112, 5681, 6133, 6426, 6638, 6845, 6898, 6916, 6928, 6940]@{}
http://www.comp.hkbu.edu.hk/v1/?page=sitemap?=sc?=tc?=tc@[54, 310, 352, 534, 717, 953, 975, 1008, 1058, 1098, 1143, 1186, 1232, 1271, 1297, 1645, 1751, 1884, 1893, 1902, 1913, 1922, 1931, 2329, 2399, 2402, 2414, 2426, 2453, 2554, 2585, 2615, 2666, 2771, 2989, 3376, 3436, 3462, 3499, 3525, 3574, 3600, 3656, 3682, 3722, 3748, 3793, 3838, 3853, 3909, 3957, 3998, 4039, 4077, 4115, 4167, 4173, 4274, 4309, 4354, 4396, 4439, 4483, 4528, 4599, 4881, 4926, 5115, 5684, 6136, 6427, 6639, 6848, 6901, 6919, 6931, 6943]@{}
http://www.comp.hkbu.edu.hk/v1/?page=home?=tc@[54, 310, 352, 534, 717, 953, 975, 1008, 1058, 1098, 1143, 1186, 1232, 1271, 1297, 1645, 1751, 1884, 1893, 1902, 1913, 1922, 1931, 2329, 2399, 2402, 2414, 2426, 2453, 2554, 2585, 2615, 2666, 2771, 2985, 3372, 3432, 3458, 3495, 3521, 3570, 3596, 3652, 3678, 3718, 3744, 3789, 3834, 3849, 3905, 3953, 3994, 4035, 4073, 4110, 4162, 4168, 4269, 4304, 4349, 4391, 4434, 4478, 4523, 4594, 4876, 4921, 5110, 5679, 6131, 6423, 6635, 6833, 6886, 6904, 6916, 6928]@{}
http://www.comp.hkbu.edu.hk/~alumni/news/../news/../news/../news/@[62, 71, 86, 101, 114, 123, 152, 176, 188, 205, 231, 257, 293, 321, 359, 385, 413, 447, 473, 506, 538, 561, 666, 753, 2174, 4039, 5024]@{}
http://www.comp.hkbu.edu.hk/~alumni/news/../scholarship/../news/../news/@[62, 71, 86, 101, 114, 123, 152, 176, 188, 205, 231, 257, 293, 321, 359, 385, 413, 447, 473, 506, 538, 561, 666, 753, 2174, 4039, 5024]@{}
http://www.comp.hkbu.edu.hk/~alumni/news/../donation/../news/../news/@[62, 71, 86, 101, 114, 123, 152, 176, 188, 205, 231, 257, 293, 321, 359, 385, 413, 447, 473, 506, 538, 561, 666, 753, 2174, 4039, 5024]@{}
http://www.comp.hkbu.edu.hk/v1/?page=job_vacancies?=tc?=tc?=tc?=tc@[54, 310, 352, 534, 717, 953, 975, 1008, 1058, 1098, 1143, 1186, 1232, 1271, 1297, 1645, 1751, 1884, 1893, 1902, 1913, 1922, 1931, 2329, 2399, 2402, 2414, 2426, 2453, 2554, 2585, 2615, 2666, 2771, 2991, 3378, 3438, 3464, 3501, 3527, 3576, 3602, 3658, 3684, 3724, 3750, 3795, 3840, 3855, 3911, 3959, 4000, 4041, 4079, 4117, 4169, 4175, 4276, 4311, 4356, 4398, 4441, 4485, 4530, 4601, 4889, 4934, 5123, 5692, 6144, 6431, 6643, 6828, 6881, 6899, 6911, 6923]@{}
http://www.comp.hkbu.edu.hk/v1/?page=job_vacancies?=sc?=tc?=tc?=tc@[54, 310, 352, 534, 717, 953, 975, 1008, 1058, 1098, 1143, 1186, 1232, 1271, 1297, 1645, 1751, 1884, 1893, 1902, 1913, 1922, 1931, 2329, 2399, 2402, 2414, 2426, 2453, 2554, 2585, 2615, 2666, 2771, 2991, 3378, 3438, 3464, 3501, 3527, 3576, 3602, 3658, 3684, 3724, 3750, 3795, 3840, 3855, 3911, 3959, 4000, 4041, 4079, 4117, 4169, 4175, 4276, 4311, 4356, 4398, 4441, 4485, 4530, 4601, 4890, 4935, 5124, 5693, 6145, 6424, 6636, 6816, 6869, 6887, 6899, 6911]@{}
http://www.comp.hkbu.edu.hk/v1/?page=sitemap?=tc?=tc?=tc?=tc@[54, 310, 352, 534, 717, 953, 975, 1008, 1058, 1098, 1143, 1186, 1232, 1271, 1297, 1645, 1751, 1884, 1893, 1902, 1913, 1922, 1931, 2329, 2399, 2402, 2414, 2426, 2453, 2554, 2585, 2615, 2666, 2771, 2991, 3378, 3438, 3464, 3501, 3527, 3576, 3602, 3658, 3684, 3724, 3750, 3795, 3840, 3855, 3911, 3959, 4000, 4041, 4079, 4116, 4168, 4174, 4275, 4310, 4355, 4397, 4440, 4484, 4529, 4600, 4878, 4923, 5112, 5681, 6133, 6425, 6637, 6834, 6887, 6905, 6917, 6929]@{}
http://www.comp.hkbu.edu.hk/v1/?page=sitemap?=sc?=tc?=tc?=tc@[54, 310, 352, 534, 717, 953, 975, 1008, 1058, 1098, 1143, 1186, 1232, 1271, 1297, 1645, 1751, 1884, 1893, 1902, 1913, 1922, 1931, 2329, 2399, 2402, 2414, 2426, 2453, 2554, 2585, 2615, 2666, 2771, 2991, 3378, 3438, 3464, 3501, 3527, 3576, 3602, 3658, 3684, 3724, 3750, 3795, 3840, 3855, 3911, 3959, 4000, 4041, 4079, 4116, 4168, 4174, 4275, 4310, 4355, 4397, 4440, 4484, 4529, 4600, 4889, 4934, 5123, 5692, 6144, 6436, 6648, 6842, 6895, 6913, 6925, 6937]@{}
http://www.comp.hkbu.edu.hk/v1/?page=home?=tc?=tc@[54, 310, 352, 534, 717, 953, 975, 1008, 1058, 1098, 1143, 1186, 1232, 1271, 1297, 1645, 1751, 1884, 1893, 1902, 1913, 1922, 1931, 2329, 2399, 2402, 2414, 2426, 2453, 2554, 2585, 2615, 2666, 2771, 2987, 3374, 3434, 3460, 3497, 3523, 3572, 3598, 3654, 3680, 3720, 3746, 3791, 3836, 3851, 3907, 3955, 3996, 4037, 4075, 4112, 4164, 4170, 4271, 4306, 4351, 4393, 4436, 4480, 4525, 4596, 4878, 4923, 5112, 5681, 6133, 6429, 6641, 6816, 6869, 6887, 6899, 6911]@{}
http://www.comp.hkbu.edu.hk/~alumni/news/../news/../news/../news/../news/@[62, 71, 86, 101, 114, 123, 152, 176, 188, 205, 231, 257, 293, 321, 359, 385, 413, 447, 473, 506, 538, 561, 666, 753, 2174, 4039, 5024]@{}
http://www.comp.hkbu.edu.hk/v1/?page=alumni@[77, 89, 101, 119, 132, 141, 148]@{}
http://www.comp.hkbu.edu.hk/~alumni/news/../scholarship/../news/../news/../news/@[62, 71, 86, 101, 114, 123, 152, 176, 188, 205, 231, 257, 293, 321, 359, 385, 413, 447, 473, 506, 538, 561, 666, 753, 2174, 4039, 5024]@{}
http://www.comp.hkbu.edu.hk/~alumni/news/../donation/../news/../news/../news/@[62, 71, 86, 101, 114, 123, 152, 176, 188, 205, 231, 257, 293, 321, 359, 385, 413, 447, 473, 506, 538, 561, 666, 753, 2174, 4039, 5024]@{}
http://www.comp.hkbu.edu.hk/v1/?page=job_vacancies?=tc?=tc?=tc?=tc?=tc@[54, 310, 352, 534, 717, 953, 975, 1008, 1058, 1098, 1143, 1186, 1232, 1271, 1297, 1645, 1751, 1884, 1893, 1902, 1913, 1922, 1931, 2329, 2399, 2402, 2414, 2426, 2453, 2554, 2585, 2615, 2666, 2771, 2993, 3380, 3440, 3466, 3503, 3529, 3578, 3604, 3660, 3686, 3726, 3752, 3797, 3842, 3857, 3913, 3961, 4002, 4043, 4081, 4119, 4171, 4177, 4278, 4313, 4358, 4400, 4443, 4487, 4532, 4603, 4892, 4937, 5126, 5695, 6147, 6433, 6645, 6823, 6876, 6894, 6906, 6918]@{}
http://www.comp.hkbu.edu.hk/v1/?page=job_vacancies?=sc?=tc?=tc?=tc?=tc@[54, 310, 352, 534, 717, 953, 975, 1008, 1058, 1098, 1143, 1186, 1232, 1271, 1297, 1645, 1751, 1884, 1893, 1902, 1913, 1922, 1931, 2329, 2399, 2402, 2414, 2426, 2453, 2554, 2585, 2615, 2666, 2771, 2993, 3380, 3440, 3466, 3503, 3529, 3578, 3604, 3660, 3686, 3726, 3752, 3797, 3842, 3857, 3913, 3961, 4002, 4043, 4081, 4118, 4170, 4176, 4277, 4312, 4357, 4399, 4442, 4486, 4531, 4602, 4877, 4922, 5111, 5680, 6132, 6429, 6641, 6825, 6878, 6896, 6908, 6920]@{}
http://www.comp.hkbu.edu.hk/v1/?page=sitemap?=tc?=tc?=tc?=tc?=tc@[54, 310, 352, 534, 717, 953, 975, 1008, 1058, 1098, 1143, 1186, 1232, 1271, 1297, 1645, 1751, 1884, 1893, 1902, 1913, 1922, 1931, 2329, 2399, 2402, 2414, 2426, 2453, 2554, 2585, 2615, 2666, 2771, 2993, 3380, 3440, 3466, 3503, 3529, 3578, 3604, 3660, 3686, 3726, 3752, 3797, 3842, 3857, 3913, 3961, 4002, 4043, 4081, 4119, 4171, 4177, 4278, 4313, 4358, 4400, 4443, 4487, 4532, 4603, 4885, 4930, 5119, 5688, 6140, 6429, 6641, 6845, 6898, 6916, 6928, 6940]@{}
http://www.comp.hkbu.edu.hk/v1/?page=sitemap?=sc?=tc?=tc?=tc?=tc@[54, 310, 352, 534, 717, 953, 975, 1008, 1058, 1098, 1143, 1186, 1232, 1271, 1297, 1645, 1751, 1884, 1893, 1902, 1913, 1922, 1931, 2329, 2399, 2402, 2414, 2426, 2453, 2554, 2585, 2615, 2666, 2771, 2993, 3380, 3440, 3466, 3503, 3529, 3578, 3604, 3660, 3686, 3726, 3752, 3797, 3842, 3857, 3913, 3961, 4002, 4043, 4081, 4118, 4170, 4176, 4277, 4312, 4357, 4399, 4442, 4486, 4531, 4602, 4891, 4936, 5125, 5694, 6146, 6437, 6649, 6830, 6883, 6901, 6913, 6925]@{}
http://www.comp.hkbu.edu.hk/v1/?page=home?=tc?=tc?=tc@[54, 310, 352, 534, 717, 953, 975, 1008, 1058, 1098, 1143, 1186, 1232, 1271, 1297, 1645, 1751, 1884, 1893, 1902, 1913, 1922, 1931, 2329, 2399, 2402, 2414, 2426, 2453, 2554, 2585, 2615, 2666, 2771, 2989, 3376, 3436, 3462, 3499, 3525, 3574, 3600, 3656, 3682, 3722, 3748, 3793, 3838, 3853, 3909, 3957, 3998, 4039, 4077, 4114, 4166, 4172, 4273, 4308, 4353, 4395, 4438, 4482, 4527, 4598, 4876, 4921, 5110, 5679, 6131, 6427, 6639, 6830, 6883, 6901, 6913, 6925]@{}
http://www.comp.hkbu.edu.hk/~alumni/news/../news/../news/../news/../news/../news/@[62, 71, 86, 101, 114, 123, 152, 176, 188, 205, 231, 257, 293, 321, 359, 385, 413, 447, 473, 506, 538, 561, 666, 753, 2174, 4039, 5024]@{}
http://www.comp.hkbu.edu.hk/~alumni/news/../scholarship/../news/../news/../news/../news/@[62, 71, 86, 101, 114, 123, 152, 176, 188, 205, 231, 257, 293, 321, 359, 385, 413, 447, 473, 506, 538, 561, 666, 753, 2174, 4039, 5024]@{}
http://www.comp.hkbu.edu.hk/~alumni/news/../donation/../news/../news/../news/../news/@[62, 71, 86, 101, 114, 123, 152, 176, 188, 205, 231, 257, 293, 321, 359, 385, 413, 447, 473, 506, 538, 561, 666, 753, 2174, 4039, 5024]@{}
http://www.comp.hkbu.edu.hk/v1/?page=job_vacancies@[54, 265, 501, 523, 556, 606, 646, 691, 734, 780, 819, 845, 1193, 1299, 1432, 1441, 1450, 1461, 1470, 1479, 1877, 1947, 1950, 1962, 1974, 2001, 2102, 2133, 2163, 2214, 2319, 2531, 2918, 2978, 3004, 3041, 3067, 3116, 3142, 3198, 3224, 3264, 3290, 3335, 3380, 3395, 3451, 3499, 3540, 3581, 3619, 3657, 3709, 3715, 3816, 3851, 3896, 3938, 3981, 4025, 4070, 4109, 4343, 4396, 4414, 4426, 4438]@{}
http://www.comp.hkbu.edu.hk/v1/?page=job_vacancies?=tc?=tc?=tc?=tc?=tc?=tc@[54, 310, 352, 534, 717, 953, 975, 1008, 1058, 1098, 1143, 1186, 1232, 1271, 1297, 1645, 1751, 1884, 1893, 1902, 1913, 1922, 1931, 2329, 2399, 2402, 2414, 2426, 2453, 2554, 2585, 2615, 2666, 2771, 2995, 3382, 3442, 3468, 3505, 3531, 3580, 3606, 3662, 3688, 3728, 3754, 3799, 3844, 3859, 3915, 3963, 4004, 4045, 4083, 4121, 4173, 4179, 4280, 4315, 4360, 4402, 4445, 4489, 4534, 4605, 4880, 4925, 5114, 5683, 6135, 6427, 6639, 6820, 6873, 6891, 6903, 6915]@{}
http://www.comp.hkbu.edu.hk/v1/?page=job_vacancies?=sc?=tc?=tc?=tc?=tc?=tc@[54, 310, 352, 534, 717, 953, 975, 1008, 1058, 1098, 1143, 1186, 1232, 1271, 1297, 1645, 1751, 1884, 1893, 1902, 1913, 1922, 1931, 2329, 2399, 2402, 2414, 2426, 2453, 2554, 2585, 2615, 2666, 2771, 2995, 3382, 3442, 3468, 3505, 3531, 3580, 3606, 3662, 3688, 3728, 3754, 3799, 3844, 3859, 3915, 3963, 4004, 4045, 4083, 4120, 4172, 4178, 4279, 4314, 4359, 4401, 4444, 4488, 4533, 4604, 4879, 4924, 5113, 5682, 6134, 6435, 6647, 6847, 6900, 6918, 6930, 6942]@{}
http://www.comp.hkbu.edu.hk/v1/?page=sitemap?=tc?=tc?=tc?=tc?=tc?=tc@[54, 310, 352, 534, 717, 953, 975, 1008, 1058, 1098, 1143, 1186, 1232, 1271, 1297, 1645, 1751, 1884, 1893, 1902, 1913, 1922, 1931, 2329, 2399, 2402, 2414, 2426, 2453, 2554, 2585, 2615, 2666, 2771, 2995, 3382, 3442, 3468, 3505, 3531, 3580, 3606, 3662, 3688, 3728, 3754, 3799, 3844, 3859, 3915, 3963, 4004, 4045, 4083, 4120, 4172, 4178, 4279, 4314, 4359, 4401, 4444, 4488, 4533, 4604, 4883, 4928, 5117, 5686, 6138, 6424, 6636, 6837, 6890, 6908, 6920, 6932]@{}
http://www.comp.hkbu.edu.hk/v1/?page=sitemap?=sc?=tc?=tc?=tc?=tc?=tc@[54, 310, 352, 534, 717, 953, 975, 1008, 1058, 1098, 1143, 1186, 1232, 1271, 1297, 1645, 1751, 1884, 1893, 1902, 1913, 1922, 1931, 2329, 2399, 2402, 2414, 2426, 2453, 2554, 2585, 2615, 2666, 2771, 2995, 3382, 3442, 3468, 3505, 3531, 3580, 3606, 3662, 3688, 3728, 3754, 3799, 3844, 3859, 3915, 3963, 4004, 4045, 4083, 4121, 4173, 4179, 4280, 4315, 4360, 4402, 4445, 4489, 4534, 4605, 4901, 4946, 5135, 5704, 6156, 6443, 6655, 6847, 6900, 6918, 6930, 6942]@{}
http://www.comp.hkbu.edu.hk/v1/?page=home?=tc?=tc?=tc?=tc@[54, 310, 352, 534, 717, 953, 975, 1008, 1058, 1098, 1143, 1186, 1232, 1271, 1297, 1645, 1751, 1884, 1893, 1902, 1913, 1922, 1931, 2329, 2399, 2402, 2414, 2426, 2453, 2554, 2585, 2615, 2666, 2771, 2991, 3378, 3438, 3464, 3501, 3527, 3576, 3602, 3658, 3684, 3724, 3750, 3795, 3840, 3855, 3911, 3959, 4000, 4041, 4079, 4117, 4169, 4175, 4276, 4311, 4356, 4398, 4441, 4485, 4530, 4601, 4882, 4927, 5116, 5685, 6137, 6425, 6637, 6831, 6884, 6902, 6914, 6926]@{}
http://www.comp.hkbu.edu.hk/~alumni/news/../news/../news/../news/../news/../news/../news/@[62, 71, 86, 101, 114, 123, 152, 176, 188, 205, 231, 257, 293, 321, 359, 385, 413, 447, 473, 506, 538, 561, 666, 753, 2174, 4039, 5024]@{}
http://www.comp.hkbu.edu.hk/~alumni/news/../scholarship/../news/../news/../news/../news/../news/@[62, 71, 86, 101, 114, 123, 152, 176, 188, 205, 231, 257, 293, 321, 359, 385, 413, 447, 473, 506, 538, 561, 666, 753, 2174, 4039, 5024]@{}
http://www.comp.hkbu.edu.hk/~alumni/news/../donation/../news/../news/../news/../news/../news/@[62, 71, 86, 101, 114, 123, 152, 176, 188, 205, 231, 257, 293, 321, 359, 385, 413, 447, 473, 506, 538, 561, 666, 753, 2174, 4039, 5024]@{}
http://www.comp.hkbu.edu.hk/v1/?page=job_vacancies?=tc?=tc?=tc?=tc?=tc?=tc?=tc@[54, 310, 352, 534, 717, 953, 975, 1008, 1058, 1098, 1143, 1186, 1232, 1271, 1297, 1645, 1751, 1884, 1893, 1902, 1913, 1922, 1931, 2329, 2399, 2402, 2414, 2426, 2453, 2554, 2585, 2615, 2666, 2771, 2997, 3384, 3444, 3470, 3507, 3533, 3582, 3608, 3664, 3690, 3730, 3756, 3801, 3846, 3861, 3917, 3965, 4006, 4047, 4085, 4123, 4175, 4181, 4282, 4317, 4362, 4404, 4447, 4491, 4536, 4607, 4884, 4929, 5118, 5687, 6139, 6423, 6635, 6819, 6872, 6890, 6902, 6914]@{}
http://www.comp.hkbu.edu.hk/v1/?page=job_vacancies?=sc?=tc?=tc?=tc?=tc?=tc?=tc@[54, 310, 352, 534, 717, 953, 975, 1008, 1058, 1098, 1143, 1186, 1232, 1271, 1297, 1645, 1751, 1884, 1893, 1902, 1913, 1922, 1931, 2329, 2399, 2402, 2414, 2426, 2453, 2554, 2585, 2615, 2666, 2771, 2997, 3384, 3444, 3470, 3507, 3533, 3582, 3608, 3664, 3690, 3730, 3756, 3801, 3846, 3861, 3917, 3965, 4006, 4047, 4085, 4123, 4175, 4181, 4282, 4317, 4362, 4404, 4447, 4491, 4536, 4607, 4881, 4926, 5115, 5684, 6136, 6423, 6635, 6839, 6892, 6910, 6922, 6934]@{}
http://www.comp.hkbu.edu.hk/v1/?page=sitemap?=tc?=tc?=tc?=tc?=tc?=tc?=tc@[54, 310, 352, 534, 717, 953, 975, 1008, 1058, 1098, 1143, 1186, 1232, 1271, 1297, 1645, 1751, 1884, 1893, 1902, 1913, 1922, 1931, 2329, 2399, 2402, 2414, 2426, 2453, 2554, 2585, 2615, 2666, 2771, 2997, 3384, 3444, 3470, 3507, 3533, 3582, 3608, 3664, 3690, 3730, 3756, 3801, 3846, 3861, 3917, 3965, 4006, 4047, 4085, 4122, 4174, 4180, 4281, 4316, 4361, 4403, 4446, 4490, 4535, 4606, 4883, 4928, 5117, 5686, 6138, 6420, 6632, 6819, 6872, 6890, 6902, 6914]@{}
http://www.comp.hkbu.edu.hk/v1/?page=sitemap?=sc?=tc?=tc?=tc?=tc?=tc?=tc@[54, 310, 352, 534, 717, 953, 975, 1008, 1058, 1098, 1143, 1186, 1232, 1271, 1297, 1645, 1751, 1884, 1893, 1902, 1913, 1922, 1931, 2329, 2399, 2402, 2414, 2426, 2453, 2554, 2585, 2615, 2666, 2771, 2997, 3384, 3444, 3470, 3507, 3533, 3582, 3608, 3664, 3690, 3730, 3756, 3801, 3846, 3861, 3917, 3965, 4006, 4047, 4085, 4122, 4174, 4180, 4281, 4316, 4361, 4403, 4446, 4490, 4535, 4606, 4885, 4930, 5119, 5688, 6140, 6435, 6647, 6840, 6893, 6911, 6923, 6935]@{}
http://www.comp.hkbu.edu.hk/v1/?page=home?=tc?=tc?=tc?=tc?=tc@[54, 310, 352, 534, 717, 953, 975, 1008, 1058, 1098, 1143, 1186, 1232, 1271, 1297, 1645, 1751, 1884, 1893, 1902, 1913, 1922, 1931, 2329, 2399, 2402, 2414, 2426, 2453, 2554, 2585, 2615, 2666, 2771, 2993, 3380, 3440, 3466, 3503, 3529, 3578, 3604, 3660, 3686, 3726, 3752, 3797, 3842, 3857, 3913, 3961, 4002, 4043, 4081, 4119, 4171, 4177, 4278, 4313, 4358, 4400, 4443, 4487, 4532, 4603, 4885, 4930, 5119, 5688, 6140, 6429, 6641, 6844, 6897, 6915, 6927, 6939]@{}
http://www.comp.hkbu.edu.hk/~alumni/news/../news/../news/../news/../news/../news/../news/../news/@[62, 71, 86, 101, 114, 123, 152, 176, 188, 205, 231, 257, 293, 321, 359, 385, 413, 447, 473, 506, 538, 561, 666, 753, 2174, 4039, 5024]@{}
http://www.comp.hkbu.edu.hk/~alumni/news/../scholarship/../news/../news/../news/../news/../news/../news/@[62, 71, 86, 101, 114, 123, 152, 176, 188, 205, 231, 257, 293, 321, 359, 385, 413, 447, 473, 506, 538, 561, 666, 753, 2174, 4039, 5024]@{}
http://www.comp.hkbu.edu.hk/~alumni/news/../donation/../news/../news/../news/../news/../news/../news/@[62, 71, 86, 101, 114, 123, 152, 176, 188, 205, 231, 257, 293, 321, 359, 385, 413, 447, 473, 506, 538, 561, 666, 753, 2174, 4039, 5024]@{}
http://www.comp.hkbu.edu.hk/v1/?page=job_vacancies?=tc?=tc?=tc?=tc?=tc?=tc?=tc?=tc@[54, 310, 352, 534, 717, 953, 975, 1008, 1058, 1098, 1143, 1186, 1232, 1271, 1297, 1645, 1751, 1884, 1893, 1902, 1913, 1922, 1931, 2329, 2399, 2402, 2414, 2426, 2453, 2554, 2585, 2615, 2666, 2771, 2999, 3386, 3446, 3472, 3509, 3535, 3584, 3610, 3666, 3692, 3732, 3758, 3803, 3848, 3863, 3919, 3967, 4008, 4049, 4087, 4125, 4177, 4183, 4284, 4319, 4364, 4406, 4449, 4493, 4538, 4609, 4900, 4945, 5134, 5703, 6155, 6443, 6655, 6862, 6915, 6933, 6945, 6957]@{}
http://www.comp.hkbu.edu.hk/v1/?page=job_vacancies?=sc?=tc?=tc?=tc?=tc?=tc?=tc?=tc@[54, 310, 352, 534, 717, 953, 975, 1008, 1058, 1098, 1143, 1186, 1232, 1271, 1297, 1645, 1751, 1884, 1893, 1902, 1913, 1922, 1931, 2329, 2399, 2402, 2414, 2426, 2453, 2554, 2585, 2615, 2666, 2771, 2999, 3386, 3446, 3472, 3509, 3535, 3584, 3610, 3666, 3692, 3732, 3758, 3803, 3848, 3863, 3919, 3967, 4008, 4049, 4087, 4125, 4177, 4183, 4284, 4319, 4364, 4406, 4449, 4493, 4538, 4609, 4884, 4929, 5118, 5687, 6139, 6439, 6651, 6841, 6894, 6912, 6924, 6936]@{}
http://www.comp.hkbu.edu.hk/v1/?page=sitemap?=tc?=tc?=tc?=tc?=tc?=tc?=tc?=tc@[54, 310, 352, 534, 717, 953, 975, 1008, 1058, 1098, 1143, 1186, 1232, 1271, 1297, 1645, 1751, 1884, 1893, 1902, 1913, 1922, 1931, 2329, 2399, 2402, 2414, 2426, 2453, 2554, 2585, 2615, 2666, 2771, 2999, 3386, 3446, 3472, 3509, 3535, 3584, 3610, 3666, 3692, 3732, 3758, 3803, 3848, 3863, 3919, 3967, 4008, 4049, 4087, 4125, 4177, 4183, 4284, 4319, 4364, 4406, 4449, 4493, 4538, 4609, 4887, 4932, 5121, 5690, 6142, 6424, 6636, 6832, 6885, 6903, 6915, 6927]@{}
http://www.comp.hkbu.edu.hk/v1/?page=sitemap?=sc?=tc?=tc?=tc?=tc?=tc?=tc?=tc@[54, 310, 352, 534, 717, 953, 975, 1008, 1058, 1098, 1143, 1186, 1232, 1271, 1297, 1645, 1751, 1884, 1893, 1902, 1913, 1922, 1931, 2329, 2399, 2402, 2414, 2426, 2453, 2554, 2585, 2615, 2666, 2771, 2999, 3386, 3446, 3472, 3509, 3535, 3584, 3610, 3666, 3692, 3732, 3758, 3803, 3848, 3863, 3919, 3967, 4008, 4049, 4087, 4125, 4177, 4183, 4284, 4319, 4364, 4406, 4449, 4493, 4538, 4609, 4901, 4946, 5135, 5704, 6156, 6450, 6662, 6840, 6893, 6911, 6923, 6935]@{}
http://www.comp.hkbu.edu.hk/v1/?page=sitemap@[54, 263, 499, 521, 554, 604, 644, 689, 732, 778, 817, 843, 1191, 1297, 1430, 1439, 1448, 1459, 1468, 1477, 1875, 1945, 1948, 1960, 1972, 1999, 2100, 2131, 2161, 2212, 2317, 2529, 2916, 2976, 3002, 3039, 3065, 3114, 3140, 3196, 3222, 3262, 3288, 3333, 3378, 3393, 3449, 3497, 3538, 3579, 3617, 3654, 3706, 3712, 3813, 3848, 3893, 3935, 3978, 4022, 4067, 4106, 5703, 5756, 5774, 5786, 5798]@{}
http://www.comp.hkbu.edu.hk/v1/?page=home?=tc?=tc?=tc?=tc?=tc?=tc@[54, 310, 352, 534, 717, 953, 975, 1008, 1058, 1098, 1143, 1186, 1232, 1271, 1297, 1645, 1751, 1884, 1893, 1902, 1913, 1922, 1931, 2329, 2399, 2402, 2414, 2426, 2453, 2554, 2585, 2615, 2666, 2771, 2995, 3382, 3442, 3468, 3505, 3531, 3580, 3606, 3662, 3688, 3728, 3754, 3799, 3844, 3859, 3915, 3963, 4004, 4045, 4083, 4120, 4172, 4178, 4279, 4314, 4359, 4401, 4444, 4488, 4533, 4604, 4886, 4931, 5120, 5689, 6141, 6436, 6648, 6840, 6893, 6911, 6923, 6935]@{}
http://www.comp.hkbu.edu.hk/~alumni/news/../news/../news/../news/../news/../news/../news/../news/../news/@[62, 71, 86, 101, 114, 123, 152, 176, 188, 205, 231, 257, 293, 321, 359, 385, 413, 447, 473, 506, 538, 561, 666, 753, 2174, 4039, 5024]@{}
http://www.comp.hkbu.edu.hk/~alumni/news/../scholarship/../news/../news/../news/../news/../news/../news/../news/@[62, 71, 86, 101, 114, 123, 152, 176, 188, 205, 231, 257, 293, 321, 359, 385, 413, 447, 473, 506, 538, 561, 666, 753, 2174, 4039, 5024]@{}
http://www.comp.hkbu.edu.hk/~alumni/news/../donation/../news/../news/../news/../news/../news/../news/../news/@[62, 71, 86, 101, 114, 123, 152, 176, 188, 205, 231, 257, 293, 321, 359, 385, 413, 447, 473, 506, 538, 561, 666, 753, 2174, 4039, 5024]@{}
http://www.comp.hkbu.edu.hk/v1/?page=job_vacancies?=tc?=tc?=tc?=tc?=tc?=tc?=tc?=tc?=tc@[54, 310, 352, 534, 717, 953, 975, 1008, 1058, 1098, 1143, 1186, 1232, 1271, 1297, 1645, 1751, 1884, 1893, 1902, 1913, 1922, 1931, 2329, 2399, 2402, 2414, 2426, 2453, 2554, 2585, 2615, 2666, 2771, 3001, 3388, 3448, 3474, 3511, 3537, 3586, 3612, 3668, 3694, 3734, 3760, 3805, 3850, 3865, 3921, 3969, 4010, 4051, 4089, 4127, 4179, 4185, 4286, 4321, 4366, 4408, 4451, 4495, 4540, 4611, 4900, 4945, 5134, 5703, 6155, 6442, 6654, 6836, 6889, 6907, 6919, 6931]@{}
http://www.comp.hkbu.edu.hk/v1/?page=job_vacancies?=sc?=tc?=tc?=tc?=tc?=tc?=tc?=tc?=tc@[54, 310, 352, 534, 717, 953, 975, 1008, 1058, 1098, 1143, 1186, 1232, 1271, 1297, 1645, 1751, 1884, 1893, 1902, 1913, 1922, 1931, 2329, 2399, 2402, 2414, 2426, 2453, 2554, 2585, 2615, 2666, 2771, 3001, 3388, 3448, 3474, 3511, 3537, 3586, 3612, 3668, 3694, 3734, 3760, 3805, 3850, 3865, 3921, 3969, 4010, 4051, 4089, 4127, 4179, 4185, 4286, 4321, 4366, 4408, 4451, 4495, 4540, 4611, 4899, 4944, 5133, 5702, 6154, 6446, 6658, 6848, 6901, 6919, 6931, 6943]@{}
http://www.comp.hkbu.edu.hk/v1/?page=sitemap?=tc?=tc?=tc?=tc?=tc?=tc?=tc?=tc?=tc@[54, 310, 352, 534, 717, 953, 975, 1008, 1058, 1098, 1143, 1186, 1232, 1271, 1297, 1645, 1751, 1884, 1893, 1902, 1913, 1922, 1931, 2329, 2399, 2402, 2414, 2426, 2453, 2554, 2585, 2615, 2666, 2771, 3001, 3388, 3448, 3474, 3511, 3537, 3586, 3612, 3668, 3694, 3734, 3760, 3805, 3850, 3865, 3921, 3969, 4010, 4051, 4089, 4126, 4178, 4184, 4285, 4320, 4365, 4407, 4450, 4494, 4539, 4610, 4884, 4929, 5118, 5687, 6139, 6424, 6636, 6816, 6869, 6887, 6899, 6911]@{}
http://www.comp.hkbu.edu.hk/v1/?page=sitemap?=sc?=tc?=tc?=tc?=tc?=tc?=tc?=tc?=tc@[54, 310, 352, 534, 717, 953, 975, 1008, 1058, 1098, 1143, 1186, 1232, 1271, 1297, 1645, 1751, 1884, 1893, 1902, 1913, 1922, 1931, 2329, 2399, 2402, 2414, 2426, 2453, 2554, 2585, 2615, 2666, 2771, 3001, 3388, 3448, 3474, 3511, 3537, 3586, 3612, 3668, 3694, 3734, 3760, 3805, 3850, 3865, 3921, 3969, 4010, 4051, 4089, 4126, 4178, 4184, 4285, 4320, 4365, 4407, 4450, 4494, 4539, 4610, 4902, 4947, 5136, 5705, 6157, 6448, 6660, 6842, 6895, 6913, 6925, 6937]@{}
http://www.comp.hkbu.edu.hk/v1/?lang=tc@[54, 310, 352, 534, 717, 953, 975, 1008, 1058, 1098, 1143, 1186, 1232, 1271, 1297, 1645, 1751, 1884, 1893, 1902, 1913, 1922, 1931, 2329, 2399, 2402, 2414, 2426, 2453, 2554, 2585, 2615, 2666, 2771, 2979, 3366, 3426, 3452, 3489, 3515, 3564, 3590, 3646, 3672, 3712, 3738, 3783, 3828, 3843, 3899, 3947, 3988, 4029, 4067, 4104, 4156, 4162, 4263, 4298, 4343, 4385, 4428, 4472, 4517, 4588, 4884, 4929, 5118, 5687, 6139, 6436, 6648, 6844, 6897, 6915, 6927, 6939]@{}
http://www.comp.hkbu.edu.hk/~alumni/news/@[62, 71, 86, 101, 114, 123, 152, 176, 188, 205, 231, 257, 293, 321, 359, 385, 413, 447, 473, 506, 538, 561, 666, 753, 2174, 4039, 5024]@{}
http://www.sci.hkbu.edu.hk/eng/page/?page=prospective-students@[865, 2438, 2487, 2532, 2572, 2629, 2671, 2712, 2750, 2802, 2853, 2907, 2975, 3102, 3484, 3570, 3585, 3600, 3614]@{}
http://www.sci.hkbu.edu.hk/eng/page/?page=current-students@[865, 3140, 3226, 3241, 3256, 3270]@{}
http://www.sci.hkbu.edu.hk/eng/page/@[865, 3243, 3329, 3344, 3359, 3373]@{}
http://www.sci.hkbu.edu.hk/eng/about-us/honorary-doctorate@[865, 2673, 2737, 2817, 2896, 2977, 3056, 3136, 3215, 3294, 3774, 3860, 3875, 3890, 3904]@{}
http://www.sci.hkbu.edu.hk/eng/about-us/distinguished-professorship/eng/page/?page=prospective-students@[865, 2404, 2413, 2422, 2431, 2440, 2458, 2486, 2573, 2603, 2632, 2661, 2690, 2811, 2835, 2864, 2889, 3070, 3144, 3217, 3292, 3364, 3439, 3506, 3580, 3650, 3723, 3879, 3903, 3932, 3957, 4117, 4147, 4178, 4207, 5245, 5279, 5313, 5347, 5381, 6007, 6012, 6017, 6022, 6027, 6701, 7939, 8025, 8040, 8055, 8069]@{}
http://www.sci.hkbu.edu.hk/eng/about-us/honorary-doctorate/eng/page/?page=prospective-students@[865, 2404, 2413, 2422, 2431, 2440, 2458, 2486, 2573, 2603, 2632, 2661, 2690, 2811, 2835, 2864, 2889, 3070, 3144, 3217, 3292, 3364, 3439, 3506, 3580, 3650, 3723, 3879, 3903, 3932, 3957, 4117, 4147, 4178, 4207, 5245, 5279, 5313, 5347, 5381, 6007, 6012, 6017, 6022, 6027, 6701, 7939, 8025, 8040, 8055, 8069]@{}
http://www.sci.hkbu.edu.hk/eng/about-us/distinguished-professor-of-science@[865, 2751, 2837, 2937, 3015, 3106, 3186, 3284, 3360, 3590, 3676, 3691, 3706, 3720]@{}
http://www.sci.hkbu.edu.hk/eng/about-us/dr-kennedy-wong-distinguished-visiting-professorship-scheme@[865, 2685, 2797, 2906, 3006, 3259, 3345, 3360, 3375, 3389]@{}
http://www.sci.hkbu.edu.hk/eng/about-us/distinguished-professor-of-science/eng/page/?page=prospective-students@[865, 2404, 2413, 2422, 2431, 2440, 2458, 2486, 2573, 2603, 2632, 2661, 2690, 2811, 2835, 2864, 2889, 3070, 3144, 3217, 3292, 3364, 3439, 3506, 3580, 3650, 3723, 3879, 3903, 3932, 3957, 4117, 4147, 4178, 4207, 5245, 5279, 5313, 5347, 5381, 6007, 6012, 6017, 6022, 6027, 6701, 7939, 8025, 8040, 8055, 8069]@{}
http://www.sci.hkbu.edu.hk/eng/about-us/dr-kennedy-wong-distinguished-visiting-professorship-scheme/eng/page/?page=prospective-students@[865, 2404, 2413, 2422, 2431, 2440, 2458, 2486, 2573, 2603, 2632, 2661, 2690, 2811, 2835, 2864, 2889, 3070, 3144, 3217, 3292, 3364, 3439, 3506, 3580, 3650, 3723, 3879, 3903, 3932, 3957, 4117, 4147, 4178, 4207, 5245, 5279, 5313, 5347, 5381, 6007, 6012, 6017, 6022, 6027, 6701, 7939, 8025, 8040, 8055, 8069]@{}
http://www.sci.hkbu.edu.hk/eng/page/eng/about-us/vision-mission@[865, 2404, 2413, 2422, 2431, 2440, 2458, 2486, 2573, 2603, 2632, 2661, 2690, 2811, 2835, 2864, 2889, 3070, 3144, 3217, 3292, 3364, 3439, 3506, 3580, 3650, 3723, 3879, 3903, 3932, 3957, 4117, 4147, 4178, 4207, 5245, 5279, 5313, 5347, 5381, 6007, 6012, 6017, 6022, 6027, 6701, 7939, 8025, 8040, 8055, 8069]@{}
http://www.sci.hkbu.edu.hk/eng/page/eng/about-us/faculty-advisory-committee@[865, 2404, 2413, 2422, 2431, 2440, 2458, 2486, 2573, 2603, 2632, 2661, 2690, 2811, 2835, 2864, 2889, 3070, 3144, 3217, 3292, 3364, 3439, 3506, 3580, 3650, 3723, 3879, 3903, 3932, 3957, 4117, 4147, 4178, 4207, 5245, 5279, 5313, 5347, 5381, 6007, 6012, 6017, 6022, 6027, 6701, 7939, 8025, 8040, 8055, 8069]@{}
http://www.sci.hkbu.edu.hk/eng@[865, 2404, 2413, 2422, 2431, 2440, 2458, 2486, 2573, 2603, 2632, 2661, 2690, 2811, 2835, 2864, 2889, 3070, 3144, 3217, 3292, 3364, 3439, 3506, 3580, 3650, 3723, 3879, 3903, 3932, 3957, 4117, 4147, 4178, 4207, 5245, 5279, 5313, 5347, 5381, 6007, 6012, 6017, 6022, 6027, 6701, 7939, 8025, 8040, 8055, 8069]@{}
http://www.sci.hkbu.edu.hk/eng/about-us/vision-mission@[865, 2636, 2672, 2759, 3163, 3249, 3264, 3279, 3293]@{}
http://www.sci.hkbu.edu.hk/eng/about-us/faculty-advisory-committee@[865, 3917, 4003, 4018, 4033, 4047]@{}
http://www.sci.hkbu.edu.hk/eng/about-us/vision-mission/eng/page/?page=prospective-students@[865, 2404, 2413, 2422, 2431, 2440, 2458, 2486, 2573, 2603, 2632, 2661, 2690, 2811, 2835, 2864, 2889, 3070, 3144, 3217, 3292, 3364, 3439, 3506, 3580, 3650, 3723, 3879, 3903, 3932, 3957, 4117, 4147, 4178, 4207, 5245, 5279, 5313, 5347, 5381, 6007, 6012, 6017, 6022, 6027, 6701, 7939, 8025, 8040, 8055, 8069]@{}
http://www.sci.hkbu.edu.hk/eng/about-us/faculty-advisory-committee/eng/page/?page=prospective-students@[865, 2404, 2413, 2422, 2431, 2440, 2458, 2486, 2573, 2603, 2632, 2661, 2690, 2811, 2835, 2864, 2889, 3070, 3144, 3217, 3292, 3364, 3439, 3506, 3580, 3650, 3723, 3879, 3903, 3932, 3957, 4117, 4147, 4178, 4207, 5245, 5279, 5313, 5347, 5381, 6007, 6012, 6017, 6022, 6027, 6701, 7939, 8025, 8040, 8055, 8069]@{}
http://www.sci.hkbu.edu.hk/eng/about-us/distinguished-professorship@[865, 2808, 2894, 2909, 2924, 2938]@{}
