http://www.comp.hkbu.edu.hk@[72, 77]@[72, 77]
https://www.comp.hkbu.edu.hk/v1/?page=buniport@[1, 39]@[39]
https://www.comp.hkbu.edu.hk/v1/?page=job_vacancies@[66, 71]@[66, 71]
https://www.comp.hkbu.edu.hk/v1/?page=intranet@[65, 70]@[65, 70]
https://www.comp.hkbu.edu.hk/v1/?page=sitemap@[65, 70, 166, 312, 319, 353, 357, 366, 498, 503]@[65, 70, 166, 312, 319, 353, 357, 366, 498, 503]
https://www.comp.hkbu.edu.hk/v1/?page=home@[72, 77]@[72, 77]
https://www.comp.hkbu.edu.hk/v1/?page=about_us@[66, 71]@[66, 71]
https://iss.hkbu.edu.hk/buam/buam2/reset_pwd/verify_acct.seam@[103]@[103]
https://iss.hkbu.edu.hk/buam/buam2/change_pwd/index.seam@[154]@[154]
https://www.comp.hkbu.edu.hk/v1/?page=people@[65, 70]@[65, 70]
https://www.comp.hkbu.edu.hk/v1/?page=research@[64, 69]@[64, 69]
https://www.comp.hkbu.edu.hk/v1/?page=prospective_students@[66, 71, 186, 193]@[66, 71, 186, 193]
https://www.comp.hkbu.edu.hk/v1/?page=current_students@[66, 71, 111, 116]@[66, 71, 111, 116]
https://www.comp.hkbu.edu.hk/v1/?page=facilities@[65, 70]@[65, 70]
https://www.comp.hkbu.edu.hk/v1/?page=head@[67, 72, 137, 140, 144, 202, 220, 236, 281, 286, 292, 341, 347, 354, 360]@[67, 72, 137, 140, 144, 202, 220, 236, 281, 286, 292, 341, 347, 354, 360]
https://www.comp.hkbu.edu.hk/v1/?page=whats_new@[66, 71, 154, 202, 231, 300, 347, 359, 400, 464, 502, 588, 663, 680, 702, 728, 765, 772, 780, 862, 889, 934, 943, 969, 1030, 1062, 1166, 1176, 1251, 1441, 1529, 1573, 1640, 1668, 1711, 1724, 1733, 1750, 1835, 1896, 1901, 1978, 1988, 2049, 2146, 2151, 2164, 2178, 2203, 2214, 2350, 2413, 2456, 2562, 2570, 2591, 2638, 2704, 2837, 2859, 2946, 2992, 3009, 3019, 3027, 3074, 3164, 3185, 3214, 3226, 3246, 3261, 3270, 3285, 3295, 3324, 3402, 3407, 3426, 3462, 3469, 3493, 3532, 3561, 3570, 3657, 3676, 3689, 3708, 3713, 3756, 3797, 3848, 3864, 3911, 3921, 3943, 3983, 3992, 3997, 4006, 4037, 4049, 4079, 4115]@[66, 71, 154, 202, 231, 300, 347, 359, 400, 464, 502, 588, 663, 680, 702, 728, 765, 772, 780, 862, 889, 934, 943, 969, 1030, 1062, 1166, 1176, 1251, 1441, 1529, 1573, 1640, 1668, 1711, 1724, 1733, 1750, 1835, 1896, 1901, 1978, 1988, 2049, 2146, 2151, 2164, 2178, 2203, 2214, 2350, 2413, 2456, 2562, 2570, 2591, 2638, 2704, 2837, 2859, 2946, 2992, 3009, 3019, 3027, 3074, 3164, 3185, 3214, 3226, 3246, 3261, 3270, 3285, 3295, 3324, 3402, 3407, 3426, 3462, 3469, 3493, 3532, 3561, 3570, 3657, 3676, 3689, 3708, 3713, 3756, 3797, 3848, 3864, 3911, 3921, 3943, 3983, 3992, 3997, 4006, 4037, 4049, 4079, 4115]
https://iss.hkbu.edu.hk/buam/buam2/reset_pwd_alumni/verify_acct.seam@[179, 220]@[179, 220]
https://iss.hkbu.edu.hk/buam/buam2/sign_in/index.seam@[1, 39]@[39]
https://www.comp.hkbu.edu.hk/v1/?page=achievements@[66, 71]@[66, 71]
https://www.comp.hkbu.edu.hk/v1/?page=newsletter@[65, 70]@[65, 70]
https://www.comp.hkbu.edu.hk/v1/?page=dept_profile@[65, 70]@[65, 70]
https://www.comp.hkbu.edu.hk/v1/?page=video_introduction@[66, 71, 117]@[66, 71, 117]
https://www.comp.hkbu.edu.hk/v1/?page=contact@[66, 71]@[66, 71]
https://www.comp.hkbu.edu.hk/v1/?page=faculty@[66, 71, 244, 253, 263, 299, 440, 486]@[66, 71, 244, 253, 263, 299, 440, 486]
https://www.comp.hkbu.edu.hk/v1/?page=admin@[66, 71]@[66, 71]
https://aao.hkbu.edu.hk/en/contact/index.php@[37, 49, 141, 149, 162, 174]@[37, 49, 141, 149, 162, 174]
https://iss.hkbu.edu.hk/buam/buam2/activation/index.seam@[53]@[53]
https://www.comp.hkbu.edu.hk/v1/?page=research_staff@[66, 71]@[66, 71]
https://www.comp.hkbu.edu.hk/v1/?page=pg_students@[66, 71]@[66, 71]
https://www.comp.hkbu.edu.hk/v1/?page=research_areas@[65, 70]@[65, 70]
https://www.comp.hkbu.edu.hk/v1/?page=centres@[67, 72, 174, 196, 229, 288, 352]@[67, 72, 174, 196, 229, 288, 352]
https://www.comp.hkbu.edu.hk/v1/?page=funded_projects@[66, 71, 359, 522, 611, 644, 722, 752, 803, 863, 950, 999, 1064, 1142, 1170, 1290, 1379, 1418, 1429, 1554, 1587, 1989, 2201, 2328, 2371, 2503, 2572, 2592, 2660, 2710, 2768, 2810, 2904, 2921, 2964, 3023, 3051, 3117, 3169, 3231, 3371, 3498, 3513, 3750, 3864, 3894]@[66, 71, 359, 522, 611, 644, 722, 752, 803, 863, 950, 999, 1064, 1142, 1170, 1290, 1379, 1418, 1429, 1554, 1587, 1989, 2201, 2328, 2371, 2503, 2572, 2592, 2660, 2710, 2768, 2810, 2904, 2921, 2964, 3023, 3051, 3117, 3169, 3231, 3371, 3498, 3513, 3750, 3864, 3894]
https://www.comp.hkbu.edu.hk/v1/?page=journal_editorship@[66, 71, 112, 343]@[66, 71, 112, 343]
https://www.comp.hkbu.edu.hk/v1/?page=technical_reports@[66, 71, 113, 140]@[66, 71, 113, 140]
https://www.comp.hkbu.edu.hk/v1/?pid=32@[65, 70]@[65, 70]
https://www.comp.hkbu.edu.hk/v1/?page=4_prospective_stud_ug_prog@[4, 9, 82, 87, 114, 119]@[82, 87, 114, 119]
https://www.comp.hkbu.edu.hk/v1/?page=4_prospective_stud_ug_prog_nj@[5, 10, 79, 84, 111, 116]@[79, 84, 111, 116]
https://www.comp.hkbu.edu.hk/v1/?page=prospective_stud_pg@[65, 70]@[65, 70]
https://www.comp.hkbu.edu.hk/v1/?page=mscais@[1, 7, 77, 84, 114, 136, 141, 147, 249]@[1, 7, 77, 84, 114, 136, 141, 147, 249]
https://www.comp.hkbu.edu.hk/v1/?page=mscitm@[1, 8, 78, 85, 91, 110, 115, 121, 223]@[1, 8, 78, 85, 91, 110, 115, 121, 223]
https://www.comp.hkbu.edu.hk/v1/?page=current_stud_ug@[65, 70, 118, 125, 145, 152, 168, 174, 178, 187]@[65, 70, 118, 125, 145, 152, 168, 174, 178, 187]
https://www.comp.hkbu.edu.hk/v1/?page=current_stud_pg@[65, 70]@[65, 70]
https://www.comp.hkbu.edu.hk/v1/?pid=273@[1, 7, 77, 84, 114, 136, 141, 147, 249]@[1, 7, 77, 84, 114, 136, 141, 147, 249]
https://www.comp.hkbu.edu.hk/v1/?pid=95@[1, 8, 78, 85, 91, 110, 115, 121, 223]@[1, 8, 78, 85, 91, 110, 115, 121, 223]
https://www.comp.hkbu.edu.hk/v1/?pid=128@[65, 70, 110, 174]@[65, 70, 110, 174]
https://www.comp.hkbu.edu.hk/v1/?pid=174@[67, 72]@[67, 72]
https://www.comp.hkbu.edu.hk/v1/?pid=175@[70, 75]@[70, 75]
https://www.comp.hkbu.edu.hk@[72, 77]@[72, 77]
https://www.comp.hkbu.edu.hk/v1/?page=facilities_teaching@[66, 71, 121, 125, 246, 277, 319, 411]@[66, 71, 121, 125, 246, 277, 319, 411]
https://www.comp.hkbu.edu.hk/v1/?page=facilities_research@[65, 70, 118, 170, 208, 271]@[65, 70, 118, 170, 208, 271]
https://www.comp.hkbu.edu.hk/msc@[13, 24]@[]
https://www.comp.hkbu.edu.hk/msc/itm/en@[1, 8, 78, 85, 91, 110, 115, 121, 223]@[1, 8, 78, 85, 91, 110, 115, 121, 223]
https://www.comp.hkbu.edu.hk/v1/?page=news@[66, 71, 154, 202, 231, 300, 347, 359, 400, 464, 502, 588, 663, 680, 702, 728, 765, 772, 780, 862, 889, 934, 943, 969, 1030, 1062, 1166, 1176, 1251, 1441, 1529, 1573, 1640, 1668, 1711, 1724, 1733, 1750, 1835, 1896, 1901, 1978, 1988, 2049, 2146, 2151, 2164, 2178, 2203, 2214, 2350, 2413, 2456, 2562, 2570, 2591, 2638, 2704, 2837, 2859, 2946, 2992, 3009, 3019, 3027, 3074, 3164, 3185, 3214, 3226, 3246, 3261, 3270, 3285, 3295, 3324, 3402, 3407, 3426, 3462, 3469, 3493, 3532, 3561, 3570, 3657, 3676, 3689, 3708, 3713, 3756, 3797, 3848, 3864, 3911, 3921, 3943, 3983, 3992, 3997, 4006, 4037, 4049, 4079, 4115]@[66, 71, 154, 202, 231, 300, 347, 359, 400, 464, 502, 588, 663, 680, 702, 728, 765, 772, 780, 862, 889, 934, 943, 969, 1030, 1062, 1166, 1176, 1251, 1441, 1529, 1573, 1640, 1668, 1711, 1724, 1733, 1750, 1835, 1896, 1901, 1978, 1988, 2049, 2146, 2151, 2164, 2178, 2203, 2214, 2350, 2413, 2456, 2562, 2570, 2591, 2638, 2704, 2837, 2859, 2946, 2992, 3009, 3019, 3027, 3074, 3164, 3185, 3214, 3226, 3246, 3261, 3270, 3285, 3295, 3324, 3402, 3407, 3426, 3462, 3469, 3493, 3532, 3561, 3570, 3657, 3676, 3689, 3708, 3713, 3756, 3797, 3848, 3864, 3911, 3921, 3943, 3983, 3992, 3997, 4006, 4037, 4049, 4079, 4115]
https://www.comp.hkbu.edu.hk/v1/?page=events@[65, 70, 185, 537, 551, 581, 590, 620, 651, 721, 955, 1004, 1193, 1219, 1354, 1525, 1581, 1639, 1706, 1739, 1752, 1892, 1917, 1935, 1980, 2162, 2188, 2203, 2216, 2247, 2401, 2448, 2459, 2489, 2520, 2583, 2630, 2637, 2657, 2856, 2939, 2960, 2968, 3006, 3041, 3062, 3098, 3158, 3180, 3238, 3298, 3440, 3489, 3498, 3539, 3583, 3624, 3663, 3673, 3711, 3766, 3869, 3892, 3909, 3919, 3980, 4018, 4086, 4125, 4277, 4343, 4351, 4428, 4438, 4632, 4657, 4665, 4688, 4933, 4953, 4972, 5023, 5036, 5068, 5088, 5132, 5174, 5210, 5238, 5295, 5361, 5387, 5445, 5463, 5543, 5660, 5742, 5764, 5806, 5954, 5996, 6040, 6088, 6106, 6123, 6142, 6205, 6221, 6242, 6266, 6312, 6462, 6499, 6585, 6593, 6612, 6618, 6634, 6643, 6652, 6682, 6691, 6710, 6793, 6811, 6860, 6906, 7089, 7099, 7127, 7142, 7149, 7171, 7180, 7324, 7342, 7376, 7397, 7487, 7528, 7553, 7603, 7707, 7743, 8161, 8180]@[65, 70, 185, 537, 551, 581, 590, 620, 651, 721, 955, 1004, 1193, 1219, 1354, 1525, 1581, 1639, 1706, 1739, 1752, 1892, 1917, 1935, 1980, 2162, 2188, 2203, 2216, 2247, 2401, 2448, 2459, 2489, 2520, 2583, 2630, 2637, 2657, 2856, 2939, 2960, 2968, 3006, 3041, 3062, 3098, 3158, 3180, 3238, 3298, 3440, 3489, 3498, 3539, 3583, 3624, 3663, 3673, 3711, 3766, 3869, 3892, 3909, 3919, 3980, 4018, 4086, 4125, 4277, 4343, 4351, 4428, 4438, 4632, 4657, 4665, 4688, 4933, 4953, 4972, 5023, 5036, 5068, 5088, 5132, 5174, 5210, 5238, 5295, 5361, 5387, 5445, 5463, 5543, 5660, 5742, 5764, 5806, 5954, 5996, 6040, 6088, 6106, 6123, 6142, 6205, 6221, 6242, 6266, 6312, 6462, 6499, 6585, 6593, 6612, 6618, 6634, 6643, 6652, 6682, 6691, 6710, 6793, 6811, 6860, 6906, 7089, 7099, 7127, 7142, 7149, 7171, 7180, 7324, 7342, 7376, 7397, 7487, 7528, 7553, 7603, 7707, 7743, 8161, 8180]
https://www.comp.hkbu.edu.hk/v1/?page=awards_and_scholarships@[67, 72]@[67, 72]
https://www.comp.hkbu.edu.hk/v1/?pid=14@[66, 71, 117]@[66, 71, 117]
https://www.comp.hkbu.edu.hk/v1/?page=highlights@[65, 70, 218, 258, 333, 378, 517, 538, 567, 721, 755, 808, 1033, 1048, 1088, 1173, 1231, 1343, 1388, 1444, 1816, 1933]@[65, 70, 218, 258, 333, 378, 517, 538, 567, 721, 755, 808, 1033, 1048, 1088, 1173, 1231, 1343, 1388, 1444, 1816, 1933]
https://www.comp.hkbu.edu.hk/v1/?pid=16@[66, 71]@[66, 71]
https://www.comp.hkbu.edu.hk/v1/?page=career_wt@[67, 72]@[67, 72]
https://www.comp.hkbu.edu.hk/v1/?page=seminars@[68, 73, 191]@[68, 73, 191]
https://www.comp.hkbu.edu.hk/v1/?page=dlecture@[106, 113, 118, 121, 130, 136, 154, 158, 195, 206, 224, 236, 286, 307, 317, 322, 333, 339, 349, 401, 615, 641, 663, 677, 691, 706, 740, 771, 795, 802, 816, 834, 882, 915, 1000, 1040, 1169, 1177, 1194, 1240, 1301, 1306, 1313, 1316, 1321, 1326, 1456, 1469, 1490, 1549, 1555, 1581, 1614, 1626, 1638, 1656, 1685, 1692, 1717, 1721, 1732, 1766, 1790, 1843, 1848, 1854, 1866, 1871, 1922, 2128, 2151, 2191, 2263, 2270, 2294, 2310, 2316, 2386, 2400, 2486, 2494, 2502, 2516, 2578, 2589, 2599, 2608, 2617, 2623, 2635, 2642, 2697, 2716, 2729, 2746, 2782, 2787, 2828, 2946, 3052, 3076, 3084, 3137, 3158, 3177, 3258, 3328, 3458, 3539, 3631, 3642, 3645, 3675, 3699, 3717, 3728, 3739, 3801, 3946, 3956, 3978, 4021, 4064, 4075, 4141, 4169, 4197, 4209, 4227, 4263, 4313, 4329, 4372, 4401, 4433, 4458, 4476, 4640, 4690, 4697, 4702, 4705, 4714, 4720, 4738, 4742, 4779, 4790, 4808, 4820]@[106, 113, 118, 121, 130, 136, 154, 158, 195, 206, 224, 236, 286, 307, 317, 322, 333, 339, 349, 401, 615, 641, 663, 677, 691, 706, 740, 771, 795, 802, 816, 834, 882, 915, 1000, 1040, 1169, 1177, 1194, 1240, 1301, 1306, 1313, 1316, 1321, 1326, 1456, 1469, 1490, 1549, 1555, 1581, 1614, 1626, 1638, 1656, 1685, 1692, 1717, 1721, 1732, 1766, 1790, 1843, 1848, 1854, 1866, 1871, 1922, 2128, 2151, 2191, 2263, 2270, 2294, 2310, 2316, 2386, 2400, 2486, 2494, 2502, 2516, 2578, 2589, 2599, 2608, 2617, 2623, 2635, 2642, 2697, 2716, 2729, 2746, 2782, 2787, 2828, 2946, 3052, 3076, 3084, 3137, 3158, 3177, 3258, 3328, 3458, 3539, 3631, 3642, 3645, 3675, 3699, 3717, 3728, 3739, 3801, 3946, 3956, 3978, 4021, 4064, 4075, 4141, 4169, 4197, 4209, 4227, 4263, 4313, 4329, 4372, 4401, 4433, 4458, 4476, 4640, 4690, 4697, 4702, 4705, 4714, 4720, 4738, 4742, 4779, 4790, 4808, 4820]
https://www.comp.hkbu.edu.hk/v1/?page=conferences@[65, 70]@[65, 70]
https://www.comp.hkbu.edu.hk/v1/?pid=77@[65, 70, 129, 146, 168, 202, 268, 311, 327, 367, 435, 497, 514, 538, 569, 587, 606, 639, 668, 789, 809, 865, 914, 943, 976, 992, 1049, 1077, 1092, 1121, 1136, 1151]@[65, 70, 129, 146, 168, 202, 268, 311, 327, 367, 435, 497, 514, 538, 569, 587, 606, 639, 668, 789, 809, 865, 914, 943, 976, 992, 1049, 1077, 1092, 1121, 1136, 1151]
https://www.comp.hkbu.edu.hk/v1/?page=driving_direction@[66, 71, 156]@[66, 71, 156]
https://forms.gle/DjStXN8kEpUVwTW38@[24, 29, 36, 41, 67, 80]@[]
https://www.hkstp.org/en/about-us/event-and-activities/hong-kong-science-park-career-expo-2020-18-april-2020@[62, 133, 322, 441, 476, 519]@[62, 133, 322, 441, 476, 519]
https://www.comp.hkbu.edu.hk/v1/?pid=124@[71, 76, 280, 301, 305, 328]@[71, 76, 280, 301, 305, 328]
https://policies.google.com/terms@[69, 73, 76, 119, 242, 256, 268, 285, 472, 490, 494, 497, 608, 651, 674, 772, 819, 897, 1046, 1050, 1144, 1154, 1305, 1323, 1455, 1509, 1520, 1552, 1608, 1663, 1712, 1790, 1977, 2032, 2041, 2103, 2129, 2159, 2227, 2252, 2269, 2305, 2380, 2477, 2558, 2590, 2612, 2618, 2710, 2713, 2888, 2937, 3063, 3196, 3287, 3307, 3323, 3333, 3399, 3463, 3543, 3560, 3636, 3711, 3883, 3992, 4008, 4082]@[69, 73, 76, 119, 242, 256, 268, 285, 472, 490, 494, 497, 608, 651, 674, 772, 819, 897, 1046, 1050, 1144, 1154, 1305, 1323, 1455, 1509, 1520, 1552, 1608, 1663, 1712, 1790, 1977, 2032, 2041, 2103, 2129, 2159, 2227, 2252, 2269, 2305, 2380, 2477, 2558, 2590, 2612, 2618, 2710, 2713, 2888, 2937, 3063, 3196, 3287, 3307, 3323, 3333, 3399, 3463, 3543, 3560, 3636, 3711, 3883, 3992, 4008, 4082]
https://policies.google.com/privacy@[124, 233, 280, 355, 508, 549, 614, 873, 1015, 1100, 1149, 1151, 1170, 1317, 1402, 1419, 1773, 1809, 1927, 1943, 2015, 2086, 2136, 2147, 2154, 2173, 2221, 2242, 2369, 2552, 2653, 2679, 2702, 2831, 2849, 2866, 2895, 3000, 3031, 3083, 3166, 3276, 3418, 3478, 3536, 3656, 3689, 3767, 3845, 3901, 4058, 4186, 4261, 4316, 4354, 4378, 4392, 4449, 4457, 4709, 4846, 5186, 5236, 5242, 5245, 5316, 5574, 5601, 5649, 5669, 5696, 5716, 5811, 5927, 5986, 5990, 6031, 6057, 6072, 6356, 6553, 6574, 6819, 6906, 6931, 7173, 7213, 7322, 7368, 7566, 7576]@[124, 233, 280, 355, 508, 549, 614, 873, 1015, 1100, 1149, 1151, 1170, 1317, 1402, 1419, 1773, 1809, 1927, 1943, 2015, 2086, 2136, 2147, 2154, 2173, 2221, 2242, 2369, 2552, 2653, 2679, 2702, 2831, 2849, 2866, 2895, 3000, 3031, 3083, 3166, 3276, 3418, 3478, 3536, 3656, 3689, 3767, 3845, 3901, 4058, 4186, 4261, 4316, 4354, 4378, 4392, 4449, 4457, 4709, 4846, 5186, 5236, 5242, 5245, 5316, 5574, 5601, 5649, 5669, 5696, 5716, 5811, 5927, 5986, 5990, 6031, 6057, 6072, 6356, 6553, 6574, 6819, 6906, 6931, 7173, 7213, 7322, 7368, 7566, 7576]
https://www.hkstp.org/en@[58, 129, 318, 437, 548, 698, 764, 882]@[58, 129, 318, 437, 548, 698, 764, 882]
https://www.hkstp.org@[58, 129, 318, 437, 548, 698, 764, 882]@[58, 129, 318, 437, 548, 698, 764, 882]
https://www.hkstp.org/en/about-us/who-we-are@[64, 135, 324, 443, 490, 528, 622, 745, 759, 776, 933, 964, 972, 1049, 1100, 1134, 1268]@[64, 135, 324, 443, 490, 528, 622, 745, 759, 776, 933, 964, 972, 1049, 1100, 1134, 1268]
https://www.hkstp.org/about-us/who-we-are@[64, 135, 324, 443, 490, 528, 622, 745, 759, 776, 933, 964, 972, 1049, 1100, 1134, 1268]@[64, 135, 324, 443, 490, 528, 622, 745, 759, 776, 933, 964, 972, 1049, 1100, 1134, 1268]
https://news.google.com/?tab=wn@[41, 92, 99, 105, 337, 348, 498, 540, 542, 704, 725, 737, 943, 960, 964, 1048, 1061, 1172, 1214, 1245, 1285, 1330, 1635, 1763, 1799, 1810, 1893, 1954]@[337, 348, 498, 540, 542, 704, 725, 737, 943, 960, 964, 1048, 1061, 1172, 1214, 1245, 1285, 1330, 1635, 1763, 1799, 1810, 1893, 1954]
https://www.hkstp.org/en/about-us/our-milestones@[63, 134, 323, 442, 464, 508, 540, 756, 797, 870]@[63, 134, 323, 442, 464, 508, 540, 756, 797, 870]
https://www.hkstp.org/en/about-us/our-footprint@[63, 134, 323, 442, 467, 492, 539, 589, 639, 670, 696, 726, 758, 769, 777, 916, 925, 990, 997, 1003]@[63, 134, 323, 442, 467, 492, 539, 589, 639, 670, 696, 726, 758, 769, 777, 916, 925, 990, 997, 1003]
https://www.hkstp.org/about-us/our-milestones@[63, 134, 323, 442, 464, 508, 540, 756, 797, 870]@[63, 134, 323, 442, 464, 508, 540, 756, 797, 870]
https://news.google.com/?tab=nn@[41, 92, 99, 105, 206, 219, 498, 589, 652, 716, 792, 799, 840, 888, 1017, 1102, 1115, 1248, 1268, 1325, 1348, 1373, 1404, 1444, 1489, 1710, 1771, 1899, 1935, 1946, 2029, 2090]@[206, 219, 498, 589, 652, 716, 792, 799, 840, 888, 1017, 1102, 1115, 1248, 1268, 1325, 1348, 1373, 1404, 1444, 1489, 1710, 1771, 1899, 1935, 1946, 2029, 2090]
https://itunes.apple.com/app/google-search/id284815942?mt=8@[57, 74, 142, 145, 242, 264, 309, 314, 330, 1013]@[57, 74, 142, 145, 242, 264, 309, 314, 330, 1013]
https://play.google.com/store/apps/details?id=com.google.android.googlequicksearchbox@[15, 201, 269, 272, 376, 615]@[15, 201, 269, 272, 376, 615]
