https://www.comp.hkbu.edu.hk/v1/?page=head@[489]@[489]
https://www.comp.hkbu.edu.hk/v1/?page=whats_new@[982, 1589, 1663, 3521, 4150]@[982, 1589, 1663, 3521, 4150]
https://www.comp.hkbu.edu.hk/v1/?page=funded_projects@[2657]@[2657]
https://www.comp.hkbu.edu.hk/v1/?page=news@[982, 1589, 1663, 3521, 4150]@[982, 1589, 1663, 3521, 4150]
https://www.comp.hkbu.edu.hk/v1/?page=events@[2277, 2375]@[2277, 2375]
https://www.comp.hkbu.edu.hk/v1/?page=highlights@[1278]@[1278]
https://www.comp.hkbu.edu.hk/v1/?page=dlecture@[2328, 2977]@[2328, 2977]
https://www.comp.hkbu.edu.hk/v1/?file=355@[209, 245, 274, 341, 428, 457, 490, 521, 544, 547, 681, 826, 874, 875, 881, 885, 894, 923, 927, 943, 964, 978, 1050, 1079, 1152, 1266, 1295, 1322, 1324, 1340, 1358, 1397, 1428, 1462, 1501, 1506, 1521, 1577, 1611, 1645, 1723, 1759, 1775, 1880, 1957, 1983, 2033, 2043, 2049, 2079, 2161, 2186, 2198, 2282, 2346, 2389, 2391, 2515, 2535, 2560, 2600, 2650, 2669, 2684, 2720, 2745, 2777, 2797, 2806, 2845, 2920, 2953, 3007, 3008, 3025, 3026, 3050, 3060, 3071, 3087, 3142, 3149, 3244, 3247, 3256, 3262, 3269, 3278, 3293, 3306, 3335, 3347, 3428, 3435, 3478, 3488, 3510, 3512, 3560, 3629, 3630, 3692, 3695, 3744, 3788, 3795, 3883, 3913, 3926, 3943, 3962, 4002, 4012, 4048, 4067, 4115, 4135, 4137, 4140, 4162, 4193, 4198, 4208, 4251, 4355, 4421, 4453, 4480, 4546, 4576, 4660, 4662, 4687, 4753, 4860, 4909, 5088, 5117, 5247, 5284, 5476, 5559, 5562, 5576, 5657, 5661, 5665, 5669, 5673, 5677, 5681, 5685, 5689, 5693, 5697, 5701, 5705, 5709, 5713, 5717, 5721, 5725, 5729, 5733, 5764, 5820, 5822, 5833, 5876, 6143, 6171, 6173, 6243, 6267, 6301, 6356, 6362, 6370, 6377, 6477, 6485, 6518, 6546, 6562, 6594, 6636, 6638, 6687, 6695, 6724, 6748, 6752, 6775, 6843, 6872, 6904, 6954, 6972, 7016, 7073, 7087, 7103, 7162, 7176, 7202, 7233, 7263, 7308, 7377, 7396, 7404, 7450, 7473, 7479, 7485, 7492, 7658, 8356]@[]
https://www.comp.hkbu.edu.hk/v1/?file=1431@[1161, 1315, 1332, 1350, 1402, 1503, 1537, 1811, 1825, 1885, 1913, 1953, 2063, 2131, 2143, 2181, 2194, 2814, 2819, 2890, 2968, 3044, 3066, 3088, 3123, 3130, 3168, 3331, 3496, 3577, 3646, 3820, 3838, 3866, 3920, 3944, 3978, 4007, 4147, 4166, 4191, 4243, 4251, 4274, 4275, 4285, 4297, 4388, 4396, 4397, 4479, 4506, 4514, 4528, 4571, 4595, 4596, 4655, 4710, 4738, 4774, 4777, 4829, 4838, 4849, 4863, 4878, 4927, 4929, 4935, 4943, 5061, 5067, 5081, 5093, 5096, 5117, 5166, 5218, 5240, 5242, 5314, 5343, 7827, 7880, 7933, 7986, 8039, 8092, 8145, 8198, 8251, 8304, 8357, 8410, 8463, 8516, 8569, 8622, 8675, 8728, 8781, 8834, 8887, 8940, 8993, 9046, 9099, 9152, 9205, 9258, 9311, 9364, 9417, 9470, 9602, 9655, 9708, 9761, 9814, 9867, 9920, 9973, 10026, 10079, 10132, 10210, 10263, 10316, 10369, 10422, 10475]@[]
https://news.google.com/?tab=wn@[1208]@[1208]
https://www.hkstp.org/en/about-us/our-milestones@[743, 761]@[743, 761]
https://www.hkstp.org/about-us/our-milestones@[743, 761]@[743, 761]
https://news.google.com/?tab=nn@[1367]@[1367]
