http://www.comp.hkbu.edu.hk@[652, 746, 759, 852, 860, 900, 902, 907, 909, 1015, 1065, 1084, 1129, 1178, 1201, 1224, 1246, 1280, 1306, 1338, 1361, 1414, 1449, 1485, 1496, 1638, 1718, 1743, 1767, 1800, 1823, 1837, 1874, 1983, 1986, 2460, 2728, 2755, 2921, 2924, 4508, 5819, 6047, 6822, 6853]@{}
http://www.comp.hkbu.edu.hk/v1/?page=sci@[644, 657, 674, 695, 714, 726, 751, 776, 815, 895, 944, 963, 1013, 1020, 1080, 1145, 1148, 1217, 1230, 1367, 1379, 1461, 1473, 1539, 1550, 1668, 1680, 1744, 1757, 1868, 1871, 1932, 1935, 1987, 1990, 2012, 2015, 2041, 2044, 2718, 2728, 2731, 2759, 2974, 3023, 3028, 3101, 3104, 3173, 3176, 3246, 3249, 3323, 3326, 3395, 3398, 3469, 3472, 3541, 3544, 3608, 3611, 3680, 3683, 3756, 3759, 3828, 4042, 4223, 7906, 7909, 7912, 7915, 7932, 8085, 8095]@{}
http://www.comp.hkbu.edu.hk/v1/?page=job_vacancies?=tc@[652, 746, 759, 852, 860, 900, 902, 907, 909, 1015, 1065, 1084, 1129, 1178, 1201, 1224, 1246, 1280, 1306, 1338, 1361, 1414, 1449, 1485, 1496, 1638, 1718, 1743, 1767, 1800, 1823, 1837, 1874, 1983, 1986, 2460, 2728, 2755, 2921, 2924, 4514, 5815, 6043, 6798, 6829]@{}
http://www.comp.hkbu.edu.hk/v1/?page=job_vacancies?=sc@[652, 746, 759, 852, 860, 900, 902, 907, 909, 1015, 1065, 1084, 1129, 1178, 1201, 1224, 1246, 1280, 1306, 1338, 1361, 1414, 1449, 1485, 1496, 1638, 1718, 1743, 1767, 1800, 1823, 1837, 1874, 1983, 1986, 2460, 2728, 2755, 2921, 2924, 4514, 5815, 6043, 6807, 6838]@{}
http://www.comp.hkbu.edu.hk/v1/?page=sitemap?=tc@[652, 746, 759, 852, 860, 900, 902, 907, 909, 1015, 1065, 1084, 1129, 1178, 1201, 1224, 1246, 1280, 1306, 1338, 1361, 1414, 1449, 1485, 1496, 1638, 1718, 1743, 1767, 1800, 1823, 1837, 1874, 1983, 1986, 2460, 2728, 2755, 2921, 2924, 4513, 5811, 6039, 6810, 6841]@{}
http://www.comp.hkbu.edu.hk/v1/?page=sitemap?=sc@[652, 746, 759, 852, 860, 900, 902, 907, 909, 1015, 1065, 1084, 1129, 1178, 1201, 1224, 1246, 1280, 1306, 1338, 1361, 1414, 1449, 1485, 1496, 1638, 1718, 1743, 1767, 1800, 1823, 1837, 1874, 1983, 1986, 2460, 2728, 2755, 2921, 2924, 4513, 5810, 6038, 6825, 6856]@{}
http://www.comp.hkbu.edu.hk/v1/?lang=sc@[652, 746, 759, 852, 860, 900, 902, 907, 909, 1015, 1065, 1084, 1129, 1178, 1201, 1224, 1246, 1280, 1306, 1338, 1361, 1414, 1449, 1485, 1496, 1638, 1718, 1743, 1767, 1800, 1823, 1837, 1874, 1983, 1986, 2460, 2728, 2755, 2921, 2924, 4508, 5806, 6034, 6791, 6822]@{}
http://www.comp.hkbu.edu.hk/v1/?page=job_vacancies?=tc?=tc@[652, 746, 759, 852, 860, 900, 902, 907, 909, 1015, 1065, 1084, 1129, 1178, 1201, 1224, 1246, 1280, 1306, 1338, 1361, 1414, 1449, 1485, 1496, 1638, 1718, 1743, 1767, 1800, 1823, 1837, 1874, 1983, 1986, 2460, 2728, 2755, 2921, 2924, 4515, 5812, 6040, 6812, 6843]@{}
http://www.comp.hkbu.edu.hk/v1/?page=job_vacancies?=sc?=tc@[652, 746, 759, 852, 860, 900, 902, 907, 909, 1015, 1065, 1084, 1129, 1178, 1201, 1224, 1246, 1280, 1306, 1338, 1361, 1414, 1449, 1485, 1496, 1638, 1718, 1743, 1767, 1800, 1823, 1837, 1874, 1983, 1986, 2460, 2728, 2755, 2921, 2924, 4515, 5822, 6050, 6841, 6872]@{}
http://www.comp.hkbu.edu.hk/v1/?page=sitemap?=tc?=tc@[652, 746, 759, 852, 860, 900, 902, 907, 909, 1015, 1065, 1084, 1129, 1178, 1201, 1224, 1246, 1280, 1306, 1338, 1361, 1414, 1449, 1485, 1496, 1638, 1718, 1743, 1767, 1800, 1823, 1837, 1874, 1983, 1986, 2460, 2728, 2755, 2921, 2924, 4515, 5812, 6040, 6803, 6834]@{}
http://www.comp.hkbu.edu.hk/v1/?page=sitemap?=sc?=tc@[652, 746, 759, 852, 860, 900, 902, 907, 909, 1015, 1065, 1084, 1129, 1178, 1201, 1224, 1246, 1280, 1306, 1338, 1361, 1414, 1449, 1485, 1496, 1638, 1718, 1743, 1767, 1800, 1823, 1837, 1874, 1983, 1986, 2460, 2728, 2755, 2921, 2924, 4515, 5826, 6054, 6830, 6861]@{}
http://www.comp.hkbu.edu.hk/v1/?page=home@[652, 746, 759, 852, 860, 900, 902, 907, 909, 1015, 1065, 1084, 1129, 1178, 1201, 1224, 1246, 1280, 1306, 1338, 1361, 1414, 1449, 1485, 1496, 1638, 1718, 1743, 1767, 1800, 1823, 1837, 1874, 1983, 1986, 2460, 2728, 2755, 2921, 2924, 4511, 5804, 6032, 6795, 6826]@{}
http://www.comp.hkbu.edu.hk/v1/?page=job_vacancies?=tc?=tc?=tc@[652, 746, 759, 852, 860, 900, 902, 907, 909, 1015, 1065, 1084, 1129, 1178, 1201, 1224, 1246, 1280, 1306, 1338, 1361, 1414, 1449, 1485, 1496, 1638, 1718, 1743, 1767, 1800, 1823, 1837, 1874, 1983, 1986, 2460, 2728, 2755, 2921, 2924, 4518, 5826, 6054, 6838, 6869]@{}
http://www.comp.hkbu.edu.hk/v1/?page=job_vacancies?=sc?=tc?=tc@[652, 746, 759, 852, 860, 900, 902, 907, 909, 1015, 1065, 1084, 1129, 1178, 1201, 1224, 1246, 1280, 1306, 1338, 1361, 1414, 1449, 1485, 1496, 1638, 1718, 1743, 1767, 1800, 1823, 1837, 1874, 1983, 1986, 2460, 2728, 2755, 2921, 2924, 4517, 5810, 6038, 6807, 6838]@{}
http://www.comp.hkbu.edu.hk/v1/?page=sitemap?=tc?=tc?=tc@[652, 746, 759, 852, 860, 900, 902, 907, 909, 1015, 1065, 1084, 1129, 1178, 1201, 1224, 1246, 1280, 1306, 1338, 1361, 1414, 1449, 1485, 1496, 1638, 1718, 1743, 1767, 1800, 1823, 1837, 1874, 1983, 1986, 2460, 2728, 2755, 2921, 2924, 4518, 5816, 6044, 6835, 6866]@{}
http://www.comp.hkbu.edu.hk/v1/?page=sitemap?=sc?=tc?=tc@[652, 746, 759, 852, 860, 900, 902, 907, 909, 1015, 1065, 1084, 1129, 1178, 1201, 1224, 1246, 1280, 1306, 1338, 1361, 1414, 1449, 1485, 1496, 1638, 1718, 1743, 1767, 1800, 1823, 1837, 1874, 1983, 1986, 2460, 2728, 2755, 2921, 2924, 4518, 5819, 6047, 6838, 6869]@{}
http://www.comp.hkbu.edu.hk/v1/?page=home?=tc@[652, 746, 759, 852, 860, 900, 902, 907, 909, 1015, 1065, 1084, 1129, 1178, 1201, 1224, 1246, 1280, 1306, 1338, 1361, 1414, 1449, 1485, 1496, 1638, 1718, 1743, 1767, 1800, 1823, 1837, 1874, 1983, 1986, 2460, 2728, 2755, 2921, 2924, 4513, 5814, 6042, 6823, 6854]@{}
http://www.comp.hkbu.edu.hk/v1/?page=job_vacancies?=tc?=tc?=tc?=tc@[652, 746, 759, 852, 860, 900, 902, 907, 909, 1015, 1065, 1084, 1129, 1178, 1201, 1224, 1246, 1280, 1306, 1338, 1361, 1414, 1449, 1485, 1496, 1638, 1718, 1743, 1767, 1800, 1823, 1837, 1874, 1983, 1986, 2460, 2728, 2755, 2921, 2924, 4520, 5827, 6055, 6818, 6849]@{}
http://www.comp.hkbu.edu.hk/v1/?page=job_vacancies?=sc?=tc?=tc?=tc@[652, 746, 759, 852, 860, 900, 902, 907, 909, 1015, 1065, 1084, 1129, 1178, 1201, 1224, 1246, 1280, 1306, 1338, 1361, 1414, 1449, 1485, 1496, 1638, 1718, 1743, 1767, 1800, 1823, 1837, 1874, 1983, 1986, 2460, 2728, 2755, 2921, 2924, 4520, 5828, 6056, 6806, 6837]@{}
http://www.comp.hkbu.edu.hk/v1/?page=sitemap?=tc?=tc?=tc?=tc@[652, 746, 759, 852, 860, 900, 902, 907, 909, 1015, 1065, 1084, 1129, 1178, 1201, 1224, 1246, 1280, 1306, 1338, 1361, 1414, 1449, 1485, 1496, 1638, 1718, 1743, 1767, 1800, 1823, 1837, 1874, 1983, 1986, 2460, 2728, 2755, 2921, 2924, 4519, 5816, 6044, 6824, 6855]@{}
http://www.comp.hkbu.edu.hk/v1/?page=sitemap?=sc?=tc?=tc?=tc@[652, 746, 759, 852, 860, 900, 902, 907, 909, 1015, 1065, 1084, 1129, 1178, 1201, 1224, 1246, 1280, 1306, 1338, 1361, 1414, 1449, 1485, 1496, 1638, 1718, 1743, 1767, 1800, 1823, 1837, 1874, 1983, 1986, 2460, 2728, 2755, 2921, 2924, 4519, 5827, 6055, 6832, 6863]@{}
http://www.comp.hkbu.edu.hk/v1/?page=home?=tc?=tc@[652, 746, 759, 852, 860, 900, 902, 907, 909, 1015, 1065, 1084, 1129, 1178, 1201, 1224, 1246, 1280, 1306, 1338, 1361, 1414, 1449, 1485, 1496, 1638, 1718, 1743, 1767, 1800, 1823, 1837, 1874, 1983, 1986, 2460, 2728, 2755, 2921, 2924, 4515, 5816, 6044, 6806, 6837]@{}
http://www.comp.hkbu.edu.hk/v1/?page=job_vacancies?=tc?=tc?=tc?=tc?=tc@[652, 746, 759, 852, 860, 900, 902, 907, 909, 1015, 1065, 1084, 1129, 1178, 1201, 1224, 1246, 1280, 1306, 1338, 1361, 1414, 1449, 1485, 1496, 1638, 1718, 1743, 1767, 1800, 1823, 1837, 1874, 1983, 1986, 2460, 2728, 2755, 2921, 2924, 4522, 5830, 6058, 6813, 6844]@{}
http://www.comp.hkbu.edu.hk/v1/?page=job_vacancies?=sc?=tc?=tc?=tc?=tc@[652, 746, 759, 852, 860, 900, 902, 907, 909, 1015, 1065, 1084, 1129, 1178, 1201, 1224, 1246, 1280, 1306, 1338, 1361, 1414, 1449, 1485, 1496, 1638, 1718, 1743, 1767, 1800, 1823, 1837, 1874, 1983, 1986, 2460, 2728, 2755, 2921, 2924, 4521, 5815, 6043, 6815, 6846]@{}
http://www.comp.hkbu.edu.hk/v1/?page=sitemap?=tc?=tc?=tc?=tc?=tc@[652, 746, 759, 852, 860, 900, 902, 907, 909, 1015, 1065, 1084, 1129, 1178, 1201, 1224, 1246, 1280, 1306, 1338, 1361, 1414, 1449, 1485, 1496, 1638, 1718, 1743, 1767, 1800, 1823, 1837, 1874, 1983, 1986, 2460, 2728, 2755, 2921, 2924, 4522, 5823, 6051, 6835, 6866]@{}
http://www.comp.hkbu.edu.hk/v1/?page=sitemap?=sc?=tc?=tc?=tc?=tc@[652, 746, 759, 852, 860, 900, 902, 907, 909, 1015, 1065, 1084, 1129, 1178, 1201, 1224, 1246, 1280, 1306, 1338, 1361, 1414, 1449, 1485, 1496, 1638, 1718, 1743, 1767, 1800, 1823, 1837, 1874, 1983, 1986, 2460, 2728, 2755, 2921, 2924, 4521, 5829, 6057, 6820, 6851]@{}
http://www.comp.hkbu.edu.hk/v1/?page=home?=tc?=tc?=tc@[652, 746, 759, 852, 860, 900, 902, 907, 909, 1015, 1065, 1084, 1129, 1178, 1201, 1224, 1246, 1280, 1306, 1338, 1361, 1414, 1449, 1485, 1496, 1638, 1718, 1743, 1767, 1800, 1823, 1837, 1874, 1983, 1986, 2460, 2728, 2755, 2921, 2924, 4517, 5814, 6042, 6820, 6851]@{}
http://www.comp.hkbu.edu.hk/v1/?page=job_vacancies@[200, 294, 307, 400, 408, 448, 450, 455, 457, 563, 613, 632, 677, 726, 749, 772, 794, 828, 854, 886, 909, 962, 997, 1033, 1044, 1186, 1266, 1291, 1315, 1348, 1371, 1385, 1422, 1531, 1534, 2008, 2276, 2303, 2469, 2472, 4060, 4333, 4364]@{}
http://www.comp.hkbu.edu.hk/v1/?page=job_vacancies?=tc?=tc?=tc?=tc?=tc?=tc@[652, 746, 759, 852, 860, 900, 902, 907, 909, 1015, 1065, 1084, 1129, 1178, 1201, 1224, 1246, 1280, 1306, 1338, 1361, 1414, 1449, 1485, 1496, 1638, 1718, 1743, 1767, 1800, 1823, 1837, 1874, 1983, 1986, 2460, 2728, 2755, 2921, 2924, 4524, 5818, 6046, 6810, 6841]@{}
http://www.comp.hkbu.edu.hk/v1/?page=job_vacancies?=sc?=tc?=tc?=tc?=tc?=tc@[652, 746, 759, 852, 860, 900, 902, 907, 909, 1015, 1065, 1084, 1129, 1178, 1201, 1224, 1246, 1280, 1306, 1338, 1361, 1414, 1449, 1485, 1496, 1638, 1718, 1743, 1767, 1800, 1823, 1837, 1874, 1983, 1986, 2460, 2728, 2755, 2921, 2924, 4523, 5817, 6045, 6837, 6868]@{}
http://www.comp.hkbu.edu.hk/v1/?page=sitemap?=tc?=tc?=tc?=tc?=tc?=tc@[652, 746, 759, 852, 860, 900, 902, 907, 909, 1015, 1065, 1084, 1129, 1178, 1201, 1224, 1246, 1280, 1306, 1338, 1361, 1414, 1449, 1485, 1496, 1638, 1718, 1743, 1767, 1800, 1823, 1837, 1874, 1983, 1986, 2460, 2728, 2755, 2921, 2924, 4523, 5821, 6049, 6827, 6858]@{}
http://www.comp.hkbu.edu.hk/v1/?page=sitemap?=sc?=tc?=tc?=tc?=tc?=tc@[652, 746, 759, 852, 860, 900, 902, 907, 909, 1015, 1065, 1084, 1129, 1178, 1201, 1224, 1246, 1280, 1306, 1338, 1361, 1414, 1449, 1485, 1496, 1638, 1718, 1743, 1767, 1800, 1823, 1837, 1874, 1983, 1986, 2460, 2728, 2755, 2921, 2924, 4524, 5839, 6067, 6837, 6868]@{}
http://www.comp.hkbu.edu.hk/v1/?page=home?=tc?=tc?=tc?=tc@[652, 746, 759, 852, 860, 900, 902, 907, 909, 1015, 1065, 1084, 1129, 1178, 1201, 1224, 1246, 1280, 1306, 1338, 1361, 1414, 1449, 1485, 1496, 1638, 1718, 1743, 1767, 1800, 1823, 1837, 1874, 1983, 1986, 2460, 2728, 2755, 2921, 2924, 4520, 5820, 6048, 6821, 6852]@{}
http://www.comp.hkbu.edu.hk/v1/?page=job_vacancies?=tc?=tc?=tc?=tc?=tc?=tc?=tc@[652, 746, 759, 852, 860, 900, 902, 907, 909, 1015, 1065, 1084, 1129, 1178, 1201, 1224, 1246, 1280, 1306, 1338, 1361, 1414, 1449, 1485, 1496, 1638, 1718, 1743, 1767, 1800, 1823, 1837, 1874, 1983, 1986, 2460, 2728, 2755, 2921, 2924, 4526, 5822, 6050, 6809, 6840]@{}
http://www.comp.hkbu.edu.hk/v1/?page=job_vacancies?=sc?=tc?=tc?=tc?=tc?=tc?=tc@[652, 746, 759, 852, 860, 900, 902, 907, 909, 1015, 1065, 1084, 1129, 1178, 1201, 1224, 1246, 1280, 1306, 1338, 1361, 1414, 1449, 1485, 1496, 1638, 1718, 1743, 1767, 1800, 1823, 1837, 1874, 1983, 1986, 2460, 2728, 2755, 2921, 2924, 4526, 5819, 6047, 6829, 6860]@{}
http://www.comp.hkbu.edu.hk/v1/?page=sitemap?=tc?=tc?=tc?=tc?=tc?=tc?=tc@[652, 746, 759, 852, 860, 900, 902, 907, 909, 1015, 1065, 1084, 1129, 1178, 1201, 1224, 1246, 1280, 1306, 1338, 1361, 1414, 1449, 1485, 1496, 1638, 1718, 1743, 1767, 1800, 1823, 1837, 1874, 1983, 1986, 2460, 2728, 2755, 2921, 2924, 4525, 5821, 6049, 6809, 6840]@{}
http://www.comp.hkbu.edu.hk/v1/?page=sitemap?=sc?=tc?=tc?=tc?=tc?=tc?=tc@[652, 746, 759, 852, 860, 900, 902, 907, 909, 1015, 1065, 1084, 1129, 1178, 1201, 1224, 1246, 1280, 1306, 1338, 1361, 1414, 1449, 1485, 1496, 1638, 1718, 1743, 1767, 1800, 1823, 1837, 1874, 1983, 1986, 2460, 2728, 2755, 2921, 2924, 4525, 5823, 6051, 6830, 6861]@{}
http://www.comp.hkbu.edu.hk/v1/?page=home?=tc?=tc?=tc?=tc?=tc@[652, 746, 759, 852, 860, 900, 902, 907, 909, 1015, 1065, 1084, 1129, 1178, 1201, 1224, 1246, 1280, 1306, 1338, 1361, 1414, 1449, 1485, 1496, 1638, 1718, 1743, 1767, 1800, 1823, 1837, 1874, 1983, 1986, 2460, 2728, 2755, 2921, 2924, 4522, 5823, 6051, 6834, 6865]@{}
http://www.comp.hkbu.edu.hk/v1/?page=job_vacancies?=tc?=tc?=tc?=tc?=tc?=tc?=tc?=tc@[652, 746, 759, 852, 860, 900, 902, 907, 909, 1015, 1065, 1084, 1129, 1178, 1201, 1224, 1246, 1280, 1306, 1338, 1361, 1414, 1449, 1485, 1496, 1638, 1718, 1743, 1767, 1800, 1823, 1837, 1874, 1983, 1986, 2460, 2728, 2755, 2921, 2924, 4528, 5838, 6066, 6852, 6883]@{}
http://www.comp.hkbu.edu.hk/v1/?page=job_vacancies?=sc?=tc?=tc?=tc?=tc?=tc?=tc?=tc@[652, 746, 759, 852, 860, 900, 902, 907, 909, 1015, 1065, 1084, 1129, 1178, 1201, 1224, 1246, 1280, 1306, 1338, 1361, 1414, 1449, 1485, 1496, 1638, 1718, 1743, 1767, 1800, 1823, 1837, 1874, 1983, 1986, 2460, 2728, 2755, 2921, 2924, 4528, 5822, 6050, 6831, 6862]@{}
http://www.comp.hkbu.edu.hk/v1/?page=sitemap?=tc?=tc?=tc?=tc?=tc?=tc?=tc?=tc@[652, 746, 759, 852, 860, 900, 902, 907, 909, 1015, 1065, 1084, 1129, 1178, 1201, 1224, 1246, 1280, 1306, 1338, 1361, 1414, 1449, 1485, 1496, 1638, 1718, 1743, 1767, 1800, 1823, 1837, 1874, 1983, 1986, 2460, 2728, 2755, 2921, 2924, 4528, 5825, 6053, 6822, 6853]@{}
http://www.comp.hkbu.edu.hk/v1/?page=sitemap?=sc?=tc?=tc?=tc?=tc?=tc?=tc?=tc@[652, 746, 759, 852, 860, 900, 902, 907, 909, 1015, 1065, 1084, 1129, 1178, 1201, 1224, 1246, 1280, 1306, 1338, 1361, 1414, 1449, 1485, 1496, 1638, 1718, 1743, 1767, 1800, 1823, 1837, 1874, 1983, 1986, 2460, 2728, 2755, 2921, 2924, 4528, 5839, 6067, 6830, 6861]@{}
http://www.comp.hkbu.edu.hk/v1/?page=sitemap@[198, 292, 305, 398, 406, 446, 448, 453, 455, 561, 611, 630, 675, 724, 747, 770, 792, 826, 852, 884, 907, 960, 995, 1031, 1042, 1184, 1264, 1289, 1313, 1346, 1369, 1383, 1420, 1529, 1532, 2006, 2274, 2301, 2467, 2470, 4057, 5693, 5724]@{}
http://www.comp.hkbu.edu.hk/v1/?page=home?=tc?=tc?=tc?=tc?=tc?=tc@[652, 746, 759, 852, 860, 900, 902, 907, 909, 1015, 1065, 1084, 1129, 1178, 1201, 1224, 1246, 1280, 1306, 1338, 1361, 1414, 1449, 1485, 1496, 1638, 1718, 1743, 1767, 1800, 1823, 1837, 1874, 1983, 1986, 2460, 2728, 2755, 2921, 2924, 4523, 5824, 6052, 6830, 6861]@{}
http://www.comp.hkbu.edu.hk/v1/?page=job_vacancies?=tc?=tc?=tc?=tc?=tc?=tc?=tc?=tc?=tc@[652, 746, 759, 852, 860, 900, 902, 907, 909, 1015, 1065, 1084, 1129, 1178, 1201, 1224, 1246, 1280, 1306, 1338, 1361, 1414, 1449, 1485, 1496, 1638, 1718, 1743, 1767, 1800, 1823, 1837, 1874, 1983, 1986, 2460, 2728, 2755, 2921, 2924, 4530, 5838, 6066, 6826, 6857]@{}
http://www.comp.hkbu.edu.hk/v1/?page=job_vacancies?=sc?=tc?=tc?=tc?=tc?=tc?=tc?=tc?=tc@[652, 746, 759, 852, 860, 900, 902, 907, 909, 1015, 1065, 1084, 1129, 1178, 1201, 1224, 1246, 1280, 1306, 1338, 1361, 1414, 1449, 1485, 1496, 1638, 1718, 1743, 1767, 1800, 1823, 1837, 1874, 1983, 1986, 2460, 2728, 2755, 2921, 2924, 4530, 5837, 6065, 6838, 6869]@{}
http://www.comp.hkbu.edu.hk/v1/?page=sitemap?=tc?=tc?=tc?=tc?=tc?=tc?=tc?=tc?=tc@[652, 746, 759, 852, 860, 900, 902, 907, 909, 1015, 1065, 1084, 1129, 1178, 1201, 1224, 1246, 1280, 1306, 1338, 1361, 1414, 1449, 1485, 1496, 1638, 1718, 1743, 1767, 1800, 1823, 1837, 1874, 1983, 1986, 2460, 2728, 2755, 2921, 2924, 4529, 5822, 6050, 6806, 6837]@{}
http://www.comp.hkbu.edu.hk/v1/?page=sitemap?=sc?=tc?=tc?=tc?=tc?=tc?=tc?=tc?=tc@[652, 746, 759, 852, 860, 900, 902, 907, 909, 1015, 1065, 1084, 1129, 1178, 1201, 1224, 1246, 1280, 1306, 1338, 1361, 1414, 1449, 1485, 1496, 1638, 1718, 1743, 1767, 1800, 1823, 1837, 1874, 1983, 1986, 2460, 2728, 2755, 2921, 2924, 4529, 5840, 6068, 6832, 6863]@{}
http://www.comp.hkbu.edu.hk/v1/?lang=tc@[652, 746, 759, 852, 860, 900, 902, 907, 909, 1015, 1065, 1084, 1129, 1178, 1201, 1224, 1246, 1280, 1306, 1338, 1361, 1414, 1449, 1485, 1496, 1638, 1718, 1743, 1767, 1800, 1823, 1837, 1874, 1983, 1986, 2460, 2728, 2755, 2921, 2924, 4507, 5822, 6050, 6834, 6865]@{}
http://www.sci.hkbu.edu.hk/eng/page/?page=prospective-students@[644, 657, 674, 695, 714, 726, 751, 776, 815, 895, 944, 963, 1013, 1020, 1080, 1145, 1148, 1217, 1230, 1367, 1379, 1461, 1473, 1539, 1550, 1668, 1680, 1744, 1757, 1868, 1871, 1932, 1935, 1987, 1990, 2012, 2015, 2041, 2044, 2377, 2390, 2396, 2399, 2431, 2451, 2480, 2500, 2525, 2545, 2565, 2585, 2622, 2642, 2664, 2684, 2705, 2725, 2743, 2763, 2795, 2815, 2846, 2866, 2900, 2920, 2968, 2988, 3095, 3115, 3164, 3234, 3451, 3454, 3457, 3460, 3477, 3630, 3640]@{}
http://www.sci.hkbu.edu.hk/eng/page/?page=current-students@[644, 657, 674, 695, 714, 726, 751, 776, 815, 895, 944, 963, 1013, 1020, 1080, 1145, 1148, 1217, 1230, 1367, 1379, 1461, 1473, 1539, 1550, 1668, 1680, 1744, 1757, 1868, 1871, 1932, 1935, 1987, 1990, 2012, 2015, 2041, 2044, 2383, 2389, 2392, 2400, 2406, 2425, 2447, 2471, 2474, 2481, 2504, 2531, 2534, 2540, 2562, 2585, 2611, 2646, 2666, 2687, 2722, 2725, 2736, 2739, 2762, 2765, 2788, 2791, 2821, 2824, 2834, 2837, 2860, 2863, 2905, 2908, 2920, 2923, 3107, 3110, 3113, 3116, 3133, 3286, 3296]@{}
http://www.sci.hkbu.edu.hk/eng/page/@[644, 657, 674, 695, 714, 726, 751, 776, 815, 895, 944, 963, 1013, 1020, 1080, 1145, 1148, 1217, 1230, 1367, 1379, 1461, 1473, 1539, 1550, 1668, 1680, 1744, 1757, 1868, 1871, 1932, 1935, 1987, 1990, 2012, 2015, 2041, 2044, 2489, 2513, 2519, 2522, 2530, 3210, 3213, 3216, 3219, 3236, 3389, 3399]@{}
http://www.sci.hkbu.edu.hk/eng/about-us/honorary-doctorate@[644, 657, 674, 695, 714, 726, 751, 776, 815, 895, 944, 963, 1013, 1020, 1080, 1145, 1148, 1217, 1230, 1367, 1379, 1461, 1473, 1539, 1550, 1668, 1680, 1744, 1757, 1868, 1871, 1932, 1935, 1987, 1990, 2012, 2015, 2041, 2044, 2363, 2366, 2635, 2645, 2655, 2657, 2680, 2719, 2721, 2744, 2779, 2789, 2799, 2801, 2824, 2858, 2868, 2878, 2880, 2903, 2939, 2949, 2959, 2961, 2984, 3018, 3028, 3038, 3040, 3063, 3098, 3108, 3118, 3120, 3143, 3177, 3187, 3197, 3199, 3222, 3256, 3266, 3276, 3278, 3301, 3336, 3351, 3363, 3379, 3392, 3405, 3419, 3435, 3453, 3473, 3489, 3506, 3524, 3539, 3556, 3568, 3581, 3741, 3744, 3747, 3750, 3767, 3920, 3930]@{}
http://www.sci.hkbu.edu.hk/eng/about-us/distinguished-professorship/eng/page/?page=prospective-students@[644, 657, 674, 695, 714, 726, 751, 776, 815, 895, 944, 963, 1013, 1020, 1080, 1145, 1148, 1217, 1230, 1367, 1379, 1461, 1473, 1539, 1550, 1668, 1680, 1744, 1757, 1868, 1871, 1932, 1935, 1987, 1990, 2012, 2015, 2041, 2044, 2718, 2728, 2731, 2759, 2974, 3023, 3028, 3101, 3104, 3173, 3176, 3246, 3249, 3323, 3326, 3395, 3398, 3469, 3472, 3541, 3544, 3608, 3611, 3680, 3683, 3756, 3759, 3828, 4042, 4223, 7906, 7909, 7912, 7915, 7932, 8085, 8095]@{}
http://www.sci.hkbu.edu.hk/eng/about-us/honorary-doctorate/eng/page/?page=prospective-students@[644, 657, 674, 695, 714, 726, 751, 776, 815, 895, 944, 963, 1013, 1020, 1080, 1145, 1148, 1217, 1230, 1367, 1379, 1461, 1473, 1539, 1550, 1668, 1680, 1744, 1757, 1868, 1871, 1932, 1935, 1987, 1990, 2012, 2015, 2041, 2044, 2718, 2728, 2731, 2759, 2974, 3023, 3028, 3101, 3104, 3173, 3176, 3246, 3249, 3323, 3326, 3395, 3398, 3469, 3472, 3541, 3544, 3608, 3611, 3680, 3683, 3756, 3759, 3828, 4042, 4223, 7906, 7909, 7912, 7915, 7932, 8085, 8095]@{}
http://www.sci.hkbu.edu.hk/eng/about-us/distinguished-professor-of-science@[644, 657, 674, 695, 714, 726, 751, 776, 815, 895, 944, 963, 1013, 1020, 1080, 1145, 1148, 1217, 1230, 1367, 1379, 1461, 1473, 1539, 1550, 1668, 1680, 1744, 1757, 1868, 1871, 1932, 1935, 1987, 1990, 2012, 2015, 2041, 2044, 2363, 2366, 2719, 2722, 2732, 2735, 2767, 2818, 2821, 2851, 2906, 2909, 2919, 2921, 2953, 2997, 2999, 3031, 3075, 3078, 3088, 3090, 3122, 3168, 3170, 3202, 3253, 3256, 3266, 3268, 3300, 3342, 3344, 3376, 3557, 3560, 3563, 3566, 3583, 3736, 3746]@{}
http://www.sci.hkbu.edu.hk/eng/about-us/dr-kennedy-wong-distinguished-visiting-professorship-scheme@[644, 657, 674, 695, 714, 726, 751, 776, 815, 895, 944, 963, 1013, 1020, 1080, 1145, 1148, 1217, 1230, 1367, 1379, 1461, 1473, 1539, 1550, 1668, 1680, 1744, 1757, 1868, 1871, 1932, 1935, 1987, 1990, 2012, 2015, 2041, 2044, 2363, 2366, 2638, 2654, 2657, 2667, 2669, 2699, 2750, 2766, 2769, 2779, 2781, 2811, 2859, 2875, 2878, 2888, 2890, 2920, 2959, 2975, 2978, 2988, 2990, 3023, 3226, 3229, 3232, 3235, 3252, 3405, 3415]@{}
http://www.sci.hkbu.edu.hk/eng/about-us/distinguished-professor-of-science/eng/page/?page=prospective-students@[644, 657, 674, 695, 714, 726, 751, 776, 815, 895, 944, 963, 1013, 1020, 1080, 1145, 1148, 1217, 1230, 1367, 1379, 1461, 1473, 1539, 1550, 1668, 1680, 1744, 1757, 1868, 1871, 1932, 1935, 1987, 1990, 2012, 2015, 2041, 2044, 2718, 2728, 2731, 2759, 2974, 3023, 3028, 3101, 3104, 3173, 3176, 3246, 3249, 3323, 3326, 3395, 3398, 3469, 3472, 3541, 3544, 3608, 3611, 3680, 3683, 3756, 3759, 3828, 4042, 4223, 7906, 7909, 7912, 7915, 7932, 8085, 8095]@{}
http://www.sci.hkbu.edu.hk/eng/about-us/dr-kennedy-wong-distinguished-visiting-professorship-scheme/eng/page/?page=prospective-students@[644, 657, 674, 695, 714, 726, 751, 776, 815, 895, 944, 963, 1013, 1020, 1080, 1145, 1148, 1217, 1230, 1367, 1379, 1461, 1473, 1539, 1550, 1668, 1680, 1744, 1757, 1868, 1871, 1932, 1935, 1987, 1990, 2012, 2015, 2041, 2044, 2718, 2728, 2731, 2759, 2974, 3023, 3028, 3101, 3104, 3173, 3176, 3246, 3249, 3323, 3326, 3395, 3398, 3469, 3472, 3541, 3544, 3608, 3611, 3680, 3683, 3756, 3759, 3828, 4042, 4223, 7906, 7909, 7912, 7915, 7932, 8085, 8095]@{}
http://www.sci.hkbu.edu.hk/eng/page/eng/about-us/vision-mission@[644, 657, 674, 695, 714, 726, 751, 776, 815, 895, 944, 963, 1013, 1020, 1080, 1145, 1148, 1217, 1230, 1367, 1379, 1461, 1473, 1539, 1550, 1668, 1680, 1744, 1757, 1868, 1871, 1932, 1935, 1987, 1990, 2012, 2015, 2041, 2044, 2718, 2728, 2731, 2759, 2974, 3023, 3028, 3101, 3104, 3173, 3176, 3246, 3249, 3323, 3326, 3395, 3398, 3469, 3472, 3541, 3544, 3608, 3611, 3680, 3683, 3756, 3759, 3828, 4042, 4223, 7906, 7909, 7912, 7915, 7932, 8085, 8095]@{}
http://www.sci.hkbu.edu.hk/eng/page/eng/about-us/faculty-advisory-committee@[644, 657, 674, 695, 714, 726, 751, 776, 815, 895, 944, 963, 1013, 1020, 1080, 1145, 1148, 1217, 1230, 1367, 1379, 1461, 1473, 1539, 1550, 1668, 1680, 1744, 1757, 1868, 1871, 1932, 1935, 1987, 1990, 2012, 2015, 2041, 2044, 2718, 2728, 2731, 2759, 2974, 3023, 3028, 3101, 3104, 3173, 3176, 3246, 3249, 3323, 3326, 3395, 3398, 3469, 3472, 3541, 3544, 3608, 3611, 3680, 3683, 3756, 3759, 3828, 4042, 4223, 7906, 7909, 7912, 7915, 7932, 8085, 8095]@{}
http://www.sci.hkbu.edu.hk/eng@[644, 657, 674, 695, 714, 726, 751, 776, 815, 895, 944, 963, 1013, 1020, 1080, 1145, 1148, 1217, 1230, 1367, 1379, 1461, 1473, 1539, 1550, 1668, 1680, 1744, 1757, 1868, 1871, 1932, 1935, 1987, 1990, 2012, 2015, 2041, 2044, 2718, 2728, 2731, 2759, 2974, 3023, 3028, 3101, 3104, 3173, 3176, 3246, 3249, 3323, 3326, 3395, 3398, 3469, 3472, 3541, 3544, 3608, 3611, 3680, 3683, 3756, 3759, 3828, 4042, 4223, 7906, 7909, 7912, 7915, 7932, 8085, 8095]@{}
http://www.sci.hkbu.edu.hk/eng/about-us/vision-mission@[644, 657, 674, 695, 714, 726, 751, 776, 815, 895, 944, 963, 1013, 1020, 1080, 1145, 1148, 1217, 1230, 1367, 1379, 1461, 1473, 1539, 1550, 1668, 1680, 1744, 1757, 1868, 1871, 1932, 1935, 1987, 1990, 2012, 2015, 2041, 2044, 2363, 2366, 2632, 2653, 2666, 2684, 2687, 2730, 2740, 2753, 2775, 2788, 2791, 2826, 2838, 2841, 2875, 2886, 2889, 2907, 2910, 3130, 3133, 3136, 3139, 3156, 3309, 3319]@{}
http://www.sci.hkbu.edu.hk/eng/about-us/faculty-advisory-committee@[644, 657, 674, 695, 714, 726, 751, 776, 815, 895, 944, 963, 1013, 1020, 1080, 1145, 1148, 1217, 1230, 1367, 1379, 1461, 1473, 1539, 1550, 1668, 1680, 1744, 1757, 1868, 1871, 1932, 1935, 1987, 1990, 2012, 2015, 2041, 2044, 2363, 2366, 2710, 2797, 2873, 3884, 3887, 3890, 3893, 3910, 4063, 4073]@{}
http://www.sci.hkbu.edu.hk/eng/about-us/vision-mission/eng/page/?page=prospective-students@[644, 657, 674, 695, 714, 726, 751, 776, 815, 895, 944, 963, 1013, 1020, 1080, 1145, 1148, 1217, 1230, 1367, 1379, 1461, 1473, 1539, 1550, 1668, 1680, 1744, 1757, 1868, 1871, 1932, 1935, 1987, 1990, 2012, 2015, 2041, 2044, 2718, 2728, 2731, 2759, 2974, 3023, 3028, 3101, 3104, 3173, 3176, 3246, 3249, 3323, 3326, 3395, 3398, 3469, 3472, 3541, 3544, 3608, 3611, 3680, 3683, 3756, 3759, 3828, 4042, 4223, 7906, 7909, 7912, 7915, 7932, 8085, 8095]@{}
http://www.sci.hkbu.edu.hk/eng/about-us/faculty-advisory-committee/eng/page/?page=prospective-students@[644, 657, 674, 695, 714, 726, 751, 776, 815, 895, 944, 963, 1013, 1020, 1080, 1145, 1148, 1217, 1230, 1367, 1379, 1461, 1473, 1539, 1550, 1668, 1680, 1744, 1757, 1868, 1871, 1932, 1935, 1987, 1990, 2012, 2015, 2041, 2044, 2718, 2728, 2731, 2759, 2974, 3023, 3028, 3101, 3104, 3173, 3176, 3246, 3249, 3323, 3326, 3395, 3398, 3469, 3472, 3541, 3544, 3608, 3611, 3680, 3683, 3756, 3759, 3828, 4042, 4223, 7906, 7909, 7912, 7915, 7932, 8085, 8095]@{}
http://www.sci.hkbu.edu.hk/eng/about-us/distinguished-professorship@[644, 657, 674, 695, 714, 726, 751, 776, 815, 895, 944, 963, 1013, 1020, 1080, 1145, 1148, 1217, 1230, 1367, 1379, 1461, 1473, 1539, 1550, 1668, 1680, 1744, 1757, 1868, 1871, 1932, 1935, 1987, 1990, 2012, 2015, 2041, 2044, 2363, 2366, 2775, 2778, 2781, 2784, 2801, 2954, 2964]@{}
