http://www.comp.hkbu.edu.hk@[2338, 2641, 2818, 2832, 2846, 2860, 2874, 2888, 2901, 2913, 3018, 3022, 3068, 3072, 3119, 3123, 3169, 3172, 3216, 3219, 3264, 3267, 3312, 3316, 3374, 3382, 3390, 3396, 3402, 3408, 3415, 3460, 3467, 3474, 3480, 3523, 3528, 3534, 3541, 3548, 3598, 3605, 3613, 3619, 3631, 3680, 3686, 3767, 3774, 3883, 3972, 4013, 4054, 4092, 4310, 4355, 4440, 4549, 4551, 4679, 4715, 4751, 4785, 4932, 4957, 4983, 5019, 5047, 5121, 5167, 5690, 6142, 6167, 6193, 6208, 6249, 6275, 6290, 6326, 6352, 6368, 6436, 6476, 6584, 6648, 6673, 6695, 6709, 6743, 6765, 6780]@{}
http://www.comp.hkbu.edu.hk/v1/?page=sci@[651, 652, 668, 669, 732, 733, 757, 758, 1778, 1779, 1806, 1807, 2301, 2881, 2882, 3949, 3950, 7955, 7956, 7980, 7981]@{}
http://www.comp.hkbu.edu.hk/v1/?page=job_vacancies?=tc@[2338, 2641, 2818, 2832, 2846, 2860, 2874, 2888, 2901, 2913, 2942, 2958, 3024, 3028, 3074, 3078, 3125, 3129, 3175, 3178, 3222, 3225, 3270, 3273, 3318, 3322, 3380, 3388, 3396, 3402, 3408, 3414, 3421, 3466, 3473, 3480, 3486, 3529, 3534, 3540, 3547, 3554, 3604, 3611, 3619, 3625, 3637, 3686, 3692, 3773, 3780, 3889, 3978, 4019, 4060, 4098, 4316, 4361, 4446, 4555, 4557, 4643, 4671, 4711, 4747, 4781, 4928, 4953, 4979, 5015, 5043, 5117, 5163, 5686, 6138, 6163, 6189, 6203, 6233, 6259, 6275, 6310, 6336, 6350, 6415, 6455, 6563, 6627, 6652, 6674, 6690, 6730, 6751, 6762]@{}
http://www.comp.hkbu.edu.hk/v1/?page=job_vacancies?=sc@[2338, 2641, 2818, 2832, 2846, 2860, 2874, 2888, 2901, 2913, 2942, 2958, 3024, 3028, 3074, 3078, 3125, 3129, 3175, 3178, 3222, 3225, 3270, 3273, 3318, 3322, 3380, 3388, 3396, 3402, 3408, 3414, 3421, 3466, 3473, 3480, 3486, 3529, 3534, 3540, 3547, 3554, 3604, 3611, 3619, 3625, 3637, 3686, 3692, 3773, 3780, 3889, 3978, 4019, 4060, 4098, 4316, 4361, 4446, 4555, 4557, 4711, 4747, 4781, 4928, 4953, 4979, 5015, 5043, 5117, 5163, 5686, 6138, 6163, 6189, 6203, 6240, 6266, 6280, 6314, 6340, 6354, 6426, 6466, 6574, 6638, 6663, 6685, 6699, 6739, 6760, 6771]@{}
http://www.comp.hkbu.edu.hk/v1/?page=sitemap?=tc@[2338, 2641, 2818, 2832, 2846, 2860, 2874, 2888, 2901, 2913, 2942, 2958, 3024, 3028, 3074, 3078, 3125, 3129, 3175, 3178, 3222, 3225, 3270, 3273, 3318, 3322, 3380, 3388, 3396, 3402, 3408, 3414, 3421, 3466, 3473, 3480, 3486, 3529, 3534, 3540, 3547, 3554, 3604, 3611, 3619, 3625, 3637, 3686, 3692, 3773, 3780, 3889, 3978, 4019, 4060, 4098, 4315, 4360, 4445, 4554, 4556, 4674, 4707, 4743, 4777, 4924, 4949, 4975, 5011, 5039, 5113, 5159, 5682, 6134, 6159, 6185, 6199, 6235, 6261, 6276, 6313, 6339, 6353, 6418, 6458, 6566, 6630, 6655, 6677, 6693, 6733, 6755, 6769]@{}
http://www.comp.hkbu.edu.hk/v1/?page=sitemap?=sc@[2338, 2641, 2818, 2832, 2846, 2860, 2874, 2888, 2901, 2913, 2942, 2958, 3024, 3028, 3074, 3078, 3125, 3129, 3175, 3178, 3222, 3225, 3270, 3273, 3318, 3322, 3380, 3388, 3396, 3402, 3408, 3414, 3421, 3466, 3473, 3480, 3486, 3529, 3534, 3540, 3547, 3554, 3604, 3611, 3619, 3625, 3637, 3686, 3692, 3773, 3780, 3889, 3978, 4019, 4060, 4098, 4315, 4360, 4445, 4554, 4556, 4642, 4706, 4742, 4776, 4923, 4948, 4974, 5010, 5038, 5112, 5158, 5681, 6133, 6158, 6184, 6198, 6239, 6265, 6279, 6315, 6341, 6356, 6425, 6465, 6573, 6637, 6662, 6684, 6698, 6744, 6766, 6781]@{}
http://www.comp.hkbu.edu.hk/v1/?lang=sc@[2338, 2641, 2818, 2832, 2846, 2860, 2874, 2888, 2901, 2913, 3018, 3022, 3068, 3072, 3119, 3123, 3169, 3172, 3216, 3219, 3264, 3267, 3312, 3316, 3374, 3382, 3390, 3396, 3402, 3408, 3415, 3460, 3467, 3474, 3480, 3523, 3528, 3534, 3541, 3548, 3598, 3605, 3613, 3619, 3631, 3680, 3686, 3767, 3774, 3883, 3972, 4013, 4054, 4092, 4310, 4355, 4440, 4549, 4551, 4667, 4702, 4738, 4772, 4919, 4944, 4970, 5006, 5034, 5108, 5154, 5677, 6129, 6154, 6180, 6195, 6229, 6255, 6271, 6311, 6337, 6351, 6417, 6457, 6565, 6629, 6654, 6675, 6686, 6714, 6736, 6750]@{}
http://www.comp.hkbu.edu.hk/~alumni/news/../news/@[1340, 2034, 2523, 2888, 3112, 3187, 3469, 3643, 4295, 5005]@{}
http://www.comp.hkbu.edu.hk/~alumni/news/../scholarship/@[839]@{}
http://www.comp.hkbu.edu.hk/~alumni/news/../donation/@[1327]@{}
http://www.comp.hkbu.edu.hk/v1/?page=job_vacancies?=tc?=tc@[2338, 2641, 2818, 2832, 2846, 2860, 2874, 2888, 2901, 2913, 2942, 2959, 3026, 3030, 3076, 3080, 3127, 3131, 3177, 3180, 3224, 3227, 3272, 3275, 3320, 3324, 3382, 3390, 3398, 3404, 3410, 3416, 3423, 3468, 3475, 3482, 3488, 3531, 3536, 3542, 3549, 3556, 3606, 3613, 3621, 3627, 3639, 3688, 3694, 3775, 3782, 3891, 3980, 4021, 4062, 4100, 4317, 4362, 4447, 4556, 4558, 4644, 4672, 4708, 4744, 4778, 4925, 4950, 4976, 5012, 5040, 5114, 5160, 5683, 6135, 6160, 6186, 6202, 6241, 6267, 6282, 6316, 6342, 6357, 6424, 6464, 6572, 6636, 6661, 6683, 6697, 6726, 6748, 6764]@{}
http://www.comp.hkbu.edu.hk/v1/?page=job_vacancies?=sc?=tc@[2338, 2641, 2818, 2832, 2846, 2860, 2874, 2888, 2901, 2913, 2942, 2959, 3026, 3030, 3076, 3080, 3127, 3131, 3177, 3180, 3224, 3227, 3272, 3275, 3320, 3324, 3382, 3390, 3398, 3404, 3410, 3416, 3423, 3468, 3475, 3482, 3488, 3531, 3536, 3542, 3549, 3556, 3606, 3613, 3621, 3627, 3639, 3688, 3694, 3775, 3782, 3891, 3980, 4021, 4062, 4100, 4317, 4362, 4447, 4556, 4558, 4684, 4718, 4754, 4788, 4935, 4960, 4986, 5022, 5050, 5124, 5170, 5693, 6145, 6170, 6196, 6210, 6247, 6273, 6289, 6328, 6354, 6369, 6443, 6483, 6591, 6655, 6680, 6702, 6718, 6757, 6779, 6793]@{}
http://www.comp.hkbu.edu.hk/v1/?page=sitemap?=tc?=tc@[2338, 2641, 2818, 2832, 2846, 2860, 2874, 2888, 2901, 2913, 2942, 2959, 3026, 3030, 3076, 3080, 3127, 3131, 3177, 3180, 3224, 3227, 3272, 3275, 3320, 3324, 3382, 3390, 3398, 3404, 3410, 3416, 3423, 3468, 3475, 3482, 3488, 3531, 3536, 3542, 3549, 3556, 3606, 3613, 3621, 3627, 3639, 3688, 3694, 3775, 3782, 3891, 3980, 4021, 4062, 4100, 4317, 4362, 4447, 4556, 4558, 4644, 4672, 4708, 4744, 4778, 4925, 4950, 4976, 5012, 5040, 5114, 5160, 5683, 6135, 6160, 6186, 6200, 6240, 6266, 6280, 6312, 6338, 6353, 6420, 6460, 6568, 6632, 6657, 6678, 6689, 6717, 6739, 6755]@{}
http://www.comp.hkbu.edu.hk/v1/?page=sitemap?=sc?=tc@[2338, 2641, 2818, 2832, 2846, 2860, 2874, 2888, 2901, 2913, 2942, 2959, 3026, 3030, 3076, 3080, 3127, 3131, 3177, 3180, 3224, 3227, 3272, 3275, 3320, 3324, 3382, 3390, 3398, 3404, 3410, 3416, 3423, 3468, 3475, 3482, 3488, 3531, 3536, 3542, 3549, 3556, 3606, 3613, 3621, 3627, 3639, 3688, 3694, 3775, 3782, 3891, 3980, 4021, 4062, 4100, 4317, 4362, 4447, 4556, 4558, 4686, 4722, 4758, 4792, 4939, 4964, 4990, 5026, 5054, 5128, 5174, 5697, 6149, 6174, 6200, 6216, 6256, 6282, 6296, 6326, 6352, 6367, 6437, 6477, 6585, 6649, 6674, 6696, 6712, 6749, 6771, 6787]@{}
http://www.comp.hkbu.edu.hk/v1/?page=home@[2338, 2641, 2818, 2832, 2846, 2860, 2874, 2888, 2901, 2913, 2942, 2957, 3022, 3026, 3072, 3076, 3123, 3127, 3173, 3176, 3220, 3223, 3268, 3271, 3316, 3320, 3378, 3386, 3394, 3400, 3406, 3412, 3419, 3464, 3471, 3478, 3484, 3527, 3532, 3538, 3545, 3552, 3602, 3609, 3617, 3623, 3635, 3684, 3690, 3771, 3778, 3887, 3976, 4017, 4058, 4096, 4313, 4358, 4443, 4552, 4554, 4640, 4666, 4700, 4736, 4770, 4917, 4942, 4968, 5004, 5032, 5106, 5152, 5675, 6127, 6152, 6178, 6193, 6227, 6253, 6267, 6307, 6333, 6347, 6413, 6453, 6561, 6625, 6650, 6672, 6687, 6722, 6744, 6758]@{}
http://www.comp.hkbu.edu.hk/~alumni/news/../news/../news/@[1340, 2034, 2523, 2888, 3112, 3187, 3469, 3643, 4295, 5005]@{}
http://www.comp.hkbu.edu.hk/~alumni/news/../scholarship/../news/@[1340, 2034, 2523, 2888, 3112, 3187, 3469, 3643, 4295, 5005]@{}
http://www.comp.hkbu.edu.hk/~alumni/news/../donation/../news/@[1340, 2034, 2523, 2888, 3112, 3187, 3469, 3643, 4295, 5005]@{}
http://www.comp.hkbu.edu.hk/v1/?page=job_vacancies?=tc?=tc?=tc@[2338, 2641, 2818, 2832, 2846, 2860, 2874, 2888, 2901, 2913, 2942, 2960, 3028, 3032, 3078, 3082, 3129, 3133, 3179, 3182, 3226, 3229, 3274, 3277, 3322, 3326, 3384, 3392, 3400, 3406, 3412, 3418, 3425, 3470, 3477, 3484, 3490, 3533, 3538, 3544, 3551, 3558, 3608, 3615, 3623, 3629, 3641, 3690, 3696, 3777, 3784, 3893, 3982, 4023, 4064, 4102, 4320, 4365, 4450, 4559, 4561, 4689, 4722, 4758, 4792, 4939, 4964, 4990, 5026, 5054, 5128, 5174, 5697, 6149, 6174, 6200, 6215, 6251, 6277, 6291, 6330, 6356, 6372, 6440, 6480, 6588, 6652, 6677, 6699, 6713, 6753, 6775, 6791]@{}
http://www.comp.hkbu.edu.hk/v1/?page=job_vacancies?=sc?=tc?=tc@[2338, 2641, 2818, 2832, 2846, 2860, 2874, 2888, 2901, 2913, 2942, 2960, 3028, 3032, 3078, 3082, 3129, 3133, 3179, 3182, 3226, 3229, 3274, 3277, 3322, 3326, 3384, 3392, 3400, 3406, 3412, 3418, 3425, 3470, 3477, 3484, 3490, 3533, 3538, 3544, 3551, 3558, 3608, 3615, 3623, 3629, 3641, 3690, 3696, 3777, 3784, 3893, 3982, 4023, 4064, 4102, 4319, 4364, 4449, 4558, 4560, 4646, 4672, 4706, 4742, 4776, 4923, 4948, 4974, 5010, 5038, 5112, 5158, 5681, 6133, 6158, 6184, 6200, 6239, 6265, 6279, 6312, 6338, 6352, 6425, 6465, 6573, 6637, 6662, 6683, 6694, 6722, 6744, 6760]@{}
http://www.comp.hkbu.edu.hk/v1/?page=sitemap?=tc?=tc?=tc@[2338, 2641, 2818, 2832, 2846, 2860, 2874, 2888, 2901, 2913, 2942, 2960, 3028, 3032, 3078, 3082, 3129, 3133, 3179, 3182, 3226, 3229, 3274, 3277, 3322, 3326, 3384, 3392, 3400, 3406, 3412, 3418, 3425, 3470, 3477, 3484, 3490, 3533, 3538, 3544, 3551, 3558, 3608, 3615, 3623, 3629, 3641, 3690, 3696, 3777, 3784, 3893, 3982, 4023, 4064, 4102, 4320, 4365, 4450, 4559, 4561, 4677, 4712, 4748, 4782, 4929, 4954, 4980, 5016, 5044, 5118, 5164, 5687, 6139, 6164, 6190, 6206, 6245, 6271, 6287, 6327, 6353, 6367, 6432, 6472, 6580, 6644, 6669, 6691, 6705, 6745, 6767, 6781]@{}
http://www.comp.hkbu.edu.hk/v1/?page=sitemap?=sc?=tc?=tc@[2338, 2641, 2818, 2832, 2846, 2860, 2874, 2888, 2901, 2913, 2942, 2960, 3028, 3032, 3078, 3082, 3129, 3133, 3179, 3182, 3226, 3229, 3274, 3277, 3322, 3326, 3384, 3392, 3400, 3406, 3412, 3418, 3425, 3470, 3477, 3484, 3490, 3533, 3538, 3544, 3551, 3558, 3608, 3615, 3623, 3629, 3641, 3690, 3696, 3777, 3784, 3893, 3982, 4023, 4064, 4102, 4320, 4365, 4450, 4559, 4561, 4715, 4751, 4785, 4932, 4957, 4983, 5019, 5047, 5121, 5167, 5690, 6142, 6167, 6193, 6209, 6249, 6275, 6290, 6325, 6351, 6366, 6433, 6473, 6581, 6645, 6670, 6692, 6706, 6752, 6774, 6789]@{}
http://www.comp.hkbu.edu.hk/v1/?page=home?=tc@[2338, 2641, 2818, 2832, 2846, 2860, 2874, 2888, 2901, 2913, 2942, 2958, 3024, 3028, 3074, 3078, 3125, 3129, 3175, 3178, 3222, 3225, 3270, 3273, 3318, 3322, 3380, 3388, 3396, 3402, 3408, 3414, 3421, 3466, 3473, 3480, 3486, 3529, 3534, 3540, 3547, 3554, 3604, 3611, 3619, 3625, 3637, 3686, 3692, 3773, 3780, 3889, 3978, 4019, 4060, 4098, 4315, 4360, 4445, 4554, 4556, 4674, 4710, 4746, 4780, 4927, 4952, 4978, 5014, 5042, 5116, 5162, 5685, 6137, 6162, 6188, 6202, 6238, 6264, 6280, 6320, 6346, 6362, 6429, 6469, 6577, 6641, 6666, 6688, 6704, 6743, 6765, 6780]@{}
http://www.comp.hkbu.edu.hk/~alumni/news/../news/../news/../news/@[1340, 2034, 2523, 2888, 3112, 3187, 3469, 3643, 4295, 5005]@{}
http://www.comp.hkbu.edu.hk/~alumni/news/../scholarship/../news/../news/@[1340, 2034, 2523, 2888, 3112, 3187, 3469, 3643, 4295, 5005]@{}
http://www.comp.hkbu.edu.hk/~alumni/news/../donation/../news/../news/@[1340, 2034, 2523, 2888, 3112, 3187, 3469, 3643, 4295, 5005]@{}
http://www.comp.hkbu.edu.hk/v1/?page=job_vacancies?=tc?=tc?=tc?=tc@[2338, 2641, 2818, 2832, 2846, 2860, 2874, 2888, 2901, 2913, 2942, 2961, 3030, 3034, 3080, 3084, 3131, 3135, 3181, 3184, 3228, 3231, 3276, 3279, 3324, 3328, 3386, 3394, 3402, 3408, 3414, 3420, 3427, 3472, 3479, 3486, 3492, 3535, 3540, 3546, 3553, 3560, 3610, 3617, 3625, 3631, 3643, 3692, 3698, 3779, 3786, 3895, 3984, 4025, 4066, 4104, 4322, 4367, 4452, 4561, 4563, 4689, 4723, 4759, 4793, 4940, 4965, 4991, 5027, 5055, 5129, 5175, 5698, 6150, 6175, 6201, 6217, 6254, 6280, 6294, 6331, 6357, 6371, 6437, 6477, 6585, 6649, 6674, 6696, 6710, 6740, 6762, 6776]@{}
http://www.comp.hkbu.edu.hk/v1/?page=job_vacancies?=sc?=tc?=tc?=tc@[2338, 2641, 2818, 2832, 2846, 2860, 2874, 2888, 2901, 2913, 2942, 2961, 3030, 3034, 3080, 3084, 3131, 3135, 3181, 3184, 3228, 3231, 3276, 3279, 3324, 3328, 3386, 3394, 3402, 3408, 3414, 3420, 3427, 3472, 3479, 3486, 3492, 3535, 3540, 3546, 3553, 3560, 3610, 3617, 3625, 3631, 3643, 3692, 3698, 3779, 3786, 3895, 3984, 4025, 4066, 4104, 4322, 4367, 4452, 4561, 4563, 4689, 4724, 4760, 4794, 4941, 4966, 4992, 5028, 5056, 5130, 5176, 5699, 6151, 6176, 6202, 6217, 6251, 6277, 6291, 6321, 6347, 6362, 6430, 6470, 6578, 6642, 6667, 6689, 6704, 6738, 6759, 6770]@{}
http://www.comp.hkbu.edu.hk/v1/?page=sitemap?=tc?=tc?=tc?=tc@[2338, 2641, 2818, 2832, 2846, 2860, 2874, 2888, 2901, 2913, 2942, 2961, 3030, 3034, 3080, 3084, 3131, 3135, 3181, 3184, 3228, 3231, 3276, 3279, 3324, 3328, 3386, 3394, 3402, 3408, 3414, 3420, 3427, 3472, 3479, 3486, 3492, 3535, 3540, 3546, 3553, 3560, 3610, 3617, 3625, 3631, 3643, 3692, 3698, 3779, 3786, 3895, 3984, 4025, 4066, 4104, 4321, 4366, 4451, 4560, 4562, 4678, 4712, 4748, 4782, 4929, 4954, 4980, 5016, 5044, 5118, 5164, 5687, 6139, 6164, 6190, 6204, 6243, 6269, 6283, 6319, 6345, 6361, 6431, 6471, 6579, 6643, 6668, 6690, 6704, 6738, 6760, 6776]@{}
http://www.comp.hkbu.edu.hk/v1/?page=sitemap?=sc?=tc?=tc?=tc@[2338, 2641, 2818, 2832, 2846, 2860, 2874, 2888, 2901, 2913, 2942, 2961, 3030, 3034, 3080, 3084, 3131, 3135, 3181, 3184, 3228, 3231, 3276, 3279, 3324, 3328, 3386, 3394, 3402, 3408, 3414, 3420, 3427, 3472, 3479, 3486, 3492, 3535, 3540, 3546, 3553, 3560, 3610, 3617, 3625, 3631, 3643, 3692, 3698, 3779, 3786, 3895, 3984, 4025, 4066, 4104, 4321, 4366, 4451, 4560, 4562, 4688, 4723, 4759, 4793, 4940, 4965, 4991, 5027, 5055, 5129, 5175, 5698, 6150, 6175, 6201, 6215, 6254, 6280, 6296, 6335, 6361, 6375, 6442, 6482, 6590, 6654, 6679, 6701, 6717, 6752, 6774, 6790]@{}
http://www.comp.hkbu.edu.hk/v1/?page=home?=tc?=tc@[2338, 2641, 2818, 2832, 2846, 2860, 2874, 2888, 2901, 2913, 2942, 2959, 3026, 3030, 3076, 3080, 3127, 3131, 3177, 3180, 3224, 3227, 3272, 3275, 3320, 3324, 3382, 3390, 3398, 3404, 3410, 3416, 3423, 3468, 3475, 3482, 3488, 3531, 3536, 3542, 3549, 3556, 3606, 3613, 3621, 3627, 3639, 3688, 3694, 3775, 3782, 3891, 3980, 4021, 4062, 4100, 4317, 4362, 4447, 4556, 4558, 4712, 4748, 4782, 4929, 4954, 4980, 5016, 5044, 5118, 5164, 5687, 6139, 6164, 6190, 6206, 6246, 6272, 6288, 6327, 6353, 6368, 6435, 6475, 6583, 6647, 6672, 6693, 6704, 6732, 6754, 6768]@{}
http://www.comp.hkbu.edu.hk/~alumni/news/../news/../news/../news/../news/@[1340, 2034, 2523, 2888, 3112, 3187, 3469, 3643, 4295, 5005]@{}
http://www.comp.hkbu.edu.hk/~alumni/news/../scholarship/../news/../news/../news/@[1340, 2034, 2523, 2888, 3112, 3187, 3469, 3643, 4295, 5005]@{}
http://www.comp.hkbu.edu.hk/~alumni/news/../donation/../news/../news/../news/@[1340, 2034, 2523, 2888, 3112, 3187, 3469, 3643, 4295, 5005]@{}
http://www.comp.hkbu.edu.hk/v1/?page=job_vacancies?=tc?=tc?=tc?=tc?=tc@[2338, 2641, 2818, 2832, 2846, 2860, 2874, 2888, 2901, 2913, 2942, 2962, 3032, 3036, 3082, 3086, 3133, 3137, 3183, 3186, 3230, 3233, 3278, 3281, 3326, 3330, 3388, 3396, 3404, 3410, 3416, 3422, 3429, 3474, 3481, 3488, 3494, 3537, 3542, 3548, 3555, 3562, 3612, 3619, 3627, 3633, 3645, 3694, 3700, 3781, 3788, 3897, 3986, 4027, 4068, 4106, 4324, 4369, 4454, 4563, 4565, 4691, 4726, 4762, 4796, 4943, 4968, 4994, 5030, 5058, 5132, 5178, 5701, 6153, 6178, 6204, 6218, 6255, 6281, 6295, 6331, 6357, 6372, 6439, 6479, 6587, 6651, 6676, 6698, 6712, 6745, 6766, 6777]@{}
http://www.comp.hkbu.edu.hk/v1/?page=job_vacancies?=sc?=tc?=tc?=tc?=tc@[2338, 2641, 2818, 2832, 2846, 2860, 2874, 2888, 2901, 2913, 2942, 2962, 3032, 3036, 3082, 3086, 3133, 3137, 3183, 3186, 3230, 3233, 3278, 3281, 3326, 3330, 3388, 3396, 3404, 3410, 3416, 3422, 3429, 3474, 3481, 3488, 3494, 3537, 3542, 3548, 3555, 3562, 3612, 3619, 3627, 3633, 3645, 3694, 3700, 3781, 3788, 3897, 3986, 4027, 4068, 4106, 4323, 4368, 4453, 4562, 4564, 4650, 4676, 4711, 4747, 4781, 4928, 4953, 4979, 5015, 5043, 5117, 5163, 5686, 6138, 6163, 6189, 6203, 6242, 6268, 6284, 6323, 6349, 6365, 6435, 6475, 6583, 6647, 6672, 6694, 6708, 6738, 6760, 6774]@{}
http://www.comp.hkbu.edu.hk/v1/?page=sitemap?=tc?=tc?=tc?=tc?=tc@[2338, 2641, 2818, 2832, 2846, 2860, 2874, 2888, 2901, 2913, 2942, 2962, 3032, 3036, 3082, 3086, 3133, 3137, 3183, 3186, 3230, 3233, 3278, 3281, 3326, 3330, 3388, 3396, 3404, 3410, 3416, 3422, 3429, 3474, 3481, 3488, 3494, 3537, 3542, 3548, 3555, 3562, 3612, 3619, 3627, 3633, 3645, 3694, 3700, 3781, 3788, 3897, 3986, 4027, 4068, 4106, 4324, 4369, 4454, 4563, 4565, 4651, 4679, 4719, 4755, 4789, 4936, 4961, 4987, 5023, 5051, 5125, 5171, 5694, 6146, 6171, 6197, 6211, 6244, 6270, 6286, 6325, 6351, 6365, 6435, 6475, 6583, 6647, 6672, 6694, 6708, 6752, 6774, 6788]@{}
http://www.comp.hkbu.edu.hk/v1/?page=sitemap?=sc?=tc?=tc?=tc?=tc@[2338, 2641, 2818, 2832, 2846, 2860, 2874, 2888, 2901, 2913, 2942, 2962, 3032, 3036, 3082, 3086, 3133, 3137, 3183, 3186, 3230, 3233, 3278, 3281, 3326, 3330, 3388, 3396, 3404, 3410, 3416, 3422, 3429, 3474, 3481, 3488, 3494, 3537, 3542, 3548, 3555, 3562, 3612, 3619, 3627, 3633, 3645, 3694, 3700, 3781, 3788, 3897, 3986, 4027, 4068, 4106, 4323, 4368, 4453, 4562, 4564, 4690, 4725, 4761, 4795, 4942, 4967, 4993, 5029, 5057, 5131, 5177, 5700, 6152, 6177, 6203, 6219, 6258, 6284, 6298, 6332, 6358, 6373, 6443, 6483, 6591, 6655, 6680, 6701, 6712, 6740, 6762, 6776]@{}
http://www.comp.hkbu.edu.hk/v1/?page=home?=tc?=tc?=tc@[2338, 2641, 2818, 2832, 2846, 2860, 2874, 2888, 2901, 2913, 2942, 2960, 3028, 3032, 3078, 3082, 3129, 3133, 3179, 3182, 3226, 3229, 3274, 3277, 3322, 3326, 3384, 3392, 3400, 3406, 3412, 3418, 3425, 3470, 3477, 3484, 3490, 3533, 3538, 3544, 3551, 3558, 3608, 3615, 3623, 3629, 3641, 3690, 3696, 3777, 3784, 3893, 3982, 4023, 4064, 4102, 4319, 4364, 4449, 4558, 4560, 4646, 4710, 4746, 4780, 4927, 4952, 4978, 5014, 5042, 5116, 5162, 5685, 6137, 6162, 6188, 6204, 6243, 6269, 6283, 6319, 6345, 6359, 6433, 6473, 6581, 6645, 6670, 6691, 6702, 6730, 6752, 6766]@{}
http://www.comp.hkbu.edu.hk/~alumni/news/../news/../news/../news/../news/../news/@[1340, 2034, 2523, 2888, 3112, 3187, 3469, 3643, 4295, 5005]@{}
http://www.comp.hkbu.edu.hk/~alumni/news/../scholarship/../news/../news/../news/../news/@[1340, 2034, 2523, 2888, 3112, 3187, 3469, 3643, 4295, 5005]@{}
http://www.comp.hkbu.edu.hk/~alumni/news/../donation/../news/../news/../news/../news/@[1340, 2034, 2523, 2888, 3112, 3187, 3469, 3643, 4295, 5005]@{}
http://www.comp.hkbu.edu.hk/v1/?page=job_vacancies@[1886, 2189, 2366, 2380, 2394, 2408, 2422, 2436, 2449, 2461, 2490, 2505, 2570, 2574, 2620, 2624, 2671, 2675, 2721, 2724, 2768, 2771, 2816, 2819, 2864, 2868, 2926, 2934, 2942, 2948, 2954, 2960, 2967, 3012, 3019, 3026, 3032, 3075, 3080, 3086, 3093, 3100, 3150, 3157, 3165, 3171, 3183, 3232, 3238, 3319, 3326, 3435, 3524, 3565, 3606, 3644, 3862, 3907, 3992, 4101, 4144, 4175, 4251]@{}
http://www.comp.hkbu.edu.hk/v1/?page=job_vacancies?=tc?=tc?=tc?=tc?=tc?=tc@[2338, 2641, 2818, 2832, 2846, 2860, 2874, 2888, 2901, 2913, 2942, 2963, 3034, 3038, 3084, 3088, 3135, 3139, 3185, 3188, 3232, 3235, 3280, 3283, 3328, 3332, 3390, 3398, 3406, 3412, 3418, 3424, 3431, 3476, 3483, 3490, 3496, 3539, 3544, 3550, 3557, 3564, 3614, 3621, 3629, 3635, 3647, 3696, 3702, 3783, 3790, 3899, 3988, 4029, 4070, 4108, 4326, 4371, 4456, 4565, 4567, 4653, 4681, 4714, 4750, 4784, 4931, 4956, 4982, 5018, 5046, 5120, 5166, 5689, 6141, 6166, 6192, 6208, 6247, 6273, 6288, 6324, 6350, 6364, 6433, 6473, 6581, 6645, 6670, 6691, 6702, 6730, 6752, 6766]@{}
http://www.comp.hkbu.edu.hk/v1/?page=job_vacancies?=sc?=tc?=tc?=tc?=tc?=tc@[2338, 2641, 2818, 2832, 2846, 2860, 2874, 2888, 2901, 2913, 2942, 2963, 3034, 3038, 3084, 3088, 3135, 3139, 3185, 3188, 3232, 3235, 3280, 3283, 3328, 3332, 3390, 3398, 3406, 3412, 3418, 3424, 3431, 3476, 3483, 3490, 3496, 3539, 3544, 3550, 3557, 3564, 3614, 3621, 3629, 3635, 3647, 3696, 3702, 3783, 3790, 3899, 3988, 4029, 4070, 4108, 4325, 4370, 4455, 4564, 4566, 4652, 4680, 4713, 4749, 4783, 4930, 4955, 4981, 5017, 5045, 5119, 5165, 5688, 6140, 6165, 6191, 6205, 6245, 6271, 6285, 6326, 6352, 6368, 6441, 6481, 6589, 6653, 6678, 6700, 6714, 6747, 6769, 6783]@{}
http://www.comp.hkbu.edu.hk/v1/?page=sitemap?=tc?=tc?=tc?=tc?=tc?=tc@[2338, 2641, 2818, 2832, 2846, 2860, 2874, 2888, 2901, 2913, 2942, 2963, 3034, 3038, 3084, 3088, 3135, 3139, 3185, 3188, 3232, 3235, 3280, 3283, 3328, 3332, 3390, 3398, 3406, 3412, 3418, 3424, 3431, 3476, 3483, 3490, 3496, 3539, 3544, 3550, 3557, 3564, 3614, 3621, 3629, 3635, 3647, 3696, 3702, 3783, 3790, 3899, 3988, 4029, 4070, 4108, 4325, 4370, 4455, 4564, 4566, 4682, 4717, 4753, 4787, 4934, 4959, 4985, 5021, 5049, 5123, 5169, 5692, 6144, 6169, 6195, 6211, 6248, 6274, 6288, 6320, 6346, 6360, 6430, 6470, 6578, 6642, 6667, 6689, 6704, 6739, 6761, 6775]@{}
http://www.comp.hkbu.edu.hk/v1/?page=sitemap?=sc?=tc?=tc?=tc?=tc?=tc@[2338, 2641, 2818, 2832, 2846, 2860, 2874, 2888, 2901, 2913, 2942, 2963, 3034, 3038, 3084, 3088, 3135, 3139, 3185, 3188, 3232, 3235, 3280, 3283, 3328, 3332, 3390, 3398, 3406, 3412, 3418, 3424, 3431, 3476, 3483, 3490, 3496, 3539, 3544, 3550, 3557, 3564, 3614, 3621, 3629, 3635, 3647, 3696, 3702, 3783, 3790, 3899, 3988, 4029, 4070, 4108, 4326, 4371, 4456, 4565, 4567, 4695, 4735, 4771, 4805, 4952, 4977, 5003, 5039, 5067, 5141, 5187, 5710, 6162, 6187, 6213, 6228, 6269, 6295, 6309, 6339, 6365, 6379, 6449, 6489, 6597, 6661, 6686, 6708, 6722, 6752, 6774, 6790]@{}
http://www.comp.hkbu.edu.hk/v1/?page=home?=tc?=tc?=tc?=tc@[2338, 2641, 2818, 2832, 2846, 2860, 2874, 2888, 2901, 2913, 2942, 2961, 3030, 3034, 3080, 3084, 3131, 3135, 3181, 3184, 3228, 3231, 3276, 3279, 3324, 3328, 3386, 3394, 3402, 3408, 3414, 3420, 3427, 3472, 3479, 3486, 3492, 3535, 3540, 3546, 3553, 3560, 3610, 3617, 3625, 3631, 3643, 3692, 3698, 3779, 3786, 3895, 3984, 4025, 4066, 4104, 4322, 4367, 4452, 4561, 4563, 4681, 4716, 4752, 4786, 4933, 4958, 4984, 5020, 5048, 5122, 5168, 5691, 6143, 6168, 6194, 6208, 6247, 6273, 6288, 6322, 6348, 6362, 6431, 6471, 6579, 6643, 6668, 6690, 6704, 6741, 6763, 6778]@{}
http://www.comp.hkbu.edu.hk/~alumni/news/../news/../news/../news/../news/../news/../news/@[1340, 2034, 2523, 2888, 3112, 3187, 3469, 3643, 4295, 5005]@{}
http://www.comp.hkbu.edu.hk/~alumni/news/../scholarship/../news/../news/../news/../news/../news/@[1340, 2034, 2523, 2888, 3112, 3187, 3469, 3643, 4295, 5005]@{}
http://www.comp.hkbu.edu.hk/~alumni/news/../donation/../news/../news/../news/../news/../news/@[1340, 2034, 2523, 2888, 3112, 3187, 3469, 3643, 4295, 5005]@{}
http://www.comp.hkbu.edu.hk/v1/?page=job_vacancies?=tc?=tc?=tc?=tc?=tc?=tc?=tc@[2338, 2641, 2818, 2832, 2846, 2860, 2874, 2888, 2901, 2913, 2942, 2964, 3036, 3040, 3086, 3090, 3137, 3141, 3187, 3190, 3234, 3237, 3282, 3285, 3330, 3334, 3392, 3400, 3408, 3414, 3420, 3426, 3433, 3478, 3485, 3492, 3498, 3541, 3546, 3552, 3559, 3566, 3616, 3623, 3631, 3637, 3649, 3698, 3704, 3785, 3792, 3901, 3990, 4031, 4072, 4110, 4328, 4373, 4458, 4567, 4569, 4655, 4683, 4718, 4754, 4788, 4935, 4960, 4986, 5022, 5050, 5124, 5170, 5693, 6145, 6170, 6196, 6212, 6251, 6277, 6292, 6326, 6352, 6366, 6429, 6469, 6577, 6641, 6666, 6687, 6698, 6726, 6748, 6762]@{}
http://www.comp.hkbu.edu.hk/v1/?page=job_vacancies?=sc?=tc?=tc?=tc?=tc?=tc?=tc@[2338, 2641, 2818, 2832, 2846, 2860, 2874, 2888, 2901, 2913, 2942, 2964, 3036, 3040, 3086, 3090, 3137, 3141, 3187, 3190, 3234, 3237, 3282, 3285, 3330, 3334, 3392, 3400, 3408, 3414, 3420, 3426, 3433, 3478, 3485, 3492, 3498, 3541, 3546, 3552, 3559, 3566, 3616, 3623, 3631, 3637, 3649, 3698, 3704, 3785, 3792, 3901, 3990, 4031, 4072, 4110, 4328, 4373, 4458, 4567, 4569, 4655, 4681, 4715, 4751, 4785, 4932, 4957, 4983, 5019, 5047, 5121, 5167, 5690, 6142, 6167, 6193, 6209, 6246, 6272, 6286, 6319, 6345, 6360, 6429, 6469, 6577, 6641, 6666, 6688, 6702, 6748, 6770, 6785]@{}
http://www.comp.hkbu.edu.hk/v1/?page=sitemap?=tc?=tc?=tc?=tc?=tc?=tc?=tc@[2338, 2641, 2818, 2832, 2846, 2860, 2874, 2888, 2901, 2913, 2942, 2964, 3036, 3040, 3086, 3090, 3137, 3141, 3187, 3190, 3234, 3237, 3282, 3285, 3330, 3334, 3392, 3400, 3408, 3414, 3420, 3426, 3433, 3478, 3485, 3492, 3498, 3541, 3546, 3552, 3559, 3566, 3616, 3623, 3631, 3637, 3649, 3698, 3704, 3785, 3792, 3901, 3990, 4031, 4072, 4110, 4327, 4372, 4457, 4566, 4568, 4654, 4682, 4717, 4753, 4787, 4934, 4959, 4985, 5021, 5049, 5123, 5169, 5692, 6144, 6169, 6195, 6210, 6244, 6270, 6284, 6317, 6343, 6357, 6426, 6466, 6574, 6638, 6663, 6684, 6695, 6723, 6745, 6761]@{}
http://www.comp.hkbu.edu.hk/v1/?page=sitemap?=sc?=tc?=tc?=tc?=tc?=tc?=tc@[2338, 2641, 2818, 2832, 2846, 2860, 2874, 2888, 2901, 2913, 2942, 2964, 3036, 3040, 3086, 3090, 3137, 3141, 3187, 3190, 3234, 3237, 3282, 3285, 3330, 3334, 3392, 3400, 3408, 3414, 3420, 3426, 3433, 3478, 3485, 3492, 3498, 3541, 3546, 3552, 3559, 3566, 3616, 3623, 3631, 3637, 3649, 3698, 3704, 3785, 3792, 3901, 3990, 4031, 4072, 4110, 4327, 4372, 4457, 4566, 4568, 4686, 4719, 4755, 4789, 4936, 4961, 4987, 5023, 5051, 5125, 5171, 5694, 6146, 6171, 6197, 6211, 6245, 6271, 6287, 6326, 6352, 6368, 6441, 6481, 6589, 6653, 6678, 6700, 6716, 6753, 6775, 6789]@{}
http://www.comp.hkbu.edu.hk/v1/?page=home?=tc?=tc?=tc?=tc?=tc@[2338, 2641, 2818, 2832, 2846, 2860, 2874, 2888, 2901, 2913, 2942, 2962, 3032, 3036, 3082, 3086, 3133, 3137, 3183, 3186, 3230, 3233, 3278, 3281, 3326, 3330, 3388, 3396, 3404, 3410, 3416, 3422, 3429, 3474, 3481, 3488, 3494, 3537, 3542, 3548, 3555, 3562, 3612, 3619, 3627, 3633, 3645, 3694, 3700, 3781, 3788, 3897, 3986, 4027, 4068, 4106, 4324, 4369, 4454, 4563, 4565, 4651, 4679, 4719, 4755, 4789, 4936, 4961, 4987, 5023, 5051, 5125, 5171, 5694, 6146, 6171, 6197, 6211, 6250, 6276, 6290, 6326, 6352, 6368, 6435, 6475, 6583, 6647, 6672, 6694, 6708, 6754, 6776, 6792]@{}
http://www.comp.hkbu.edu.hk/~alumni/news/../news/../news/../news/../news/../news/../news/../news/@[1340, 2034, 2523, 2888, 3112, 3187, 3469, 3643, 4295, 5005]@{}
http://www.comp.hkbu.edu.hk/~alumni/news/../scholarship/../news/../news/../news/../news/../news/../news/@[1340, 2034, 2523, 2888, 3112, 3187, 3469, 3643, 4295, 5005]@{}
http://www.comp.hkbu.edu.hk/~alumni/news/../donation/../news/../news/../news/../news/../news/../news/@[1340, 2034, 2523, 2888, 3112, 3187, 3469, 3643, 4295, 5005]@{}
http://www.comp.hkbu.edu.hk/v1/?page=job_vacancies?=tc?=tc?=tc?=tc?=tc?=tc?=tc?=tc@[2338, 2641, 2818, 2832, 2846, 2860, 2874, 2888, 2901, 2913, 2942, 2965, 3038, 3042, 3088, 3092, 3139, 3143, 3189, 3192, 3236, 3239, 3284, 3287, 3332, 3336, 3394, 3402, 3410, 3416, 3422, 3428, 3435, 3480, 3487, 3494, 3500, 3543, 3548, 3554, 3561, 3568, 3618, 3625, 3633, 3639, 3651, 3700, 3706, 3787, 3794, 3903, 3992, 4033, 4074, 4112, 4330, 4375, 4460, 4569, 4571, 4699, 4734, 4770, 4804, 4951, 4976, 5002, 5038, 5066, 5140, 5186, 5709, 6161, 6186, 6212, 6226, 6265, 6291, 6307, 6346, 6372, 6386, 6449, 6489, 6597, 6661, 6686, 6708, 6722, 6766, 6788, 6804]@{}
http://www.comp.hkbu.edu.hk/v1/?page=job_vacancies?=sc?=tc?=tc?=tc?=tc?=tc?=tc?=tc@[2338, 2641, 2818, 2832, 2846, 2860, 2874, 2888, 2901, 2913, 2942, 2965, 3038, 3042, 3088, 3092, 3139, 3143, 3189, 3192, 3236, 3239, 3284, 3287, 3332, 3336, 3394, 3402, 3410, 3416, 3422, 3428, 3435, 3480, 3487, 3494, 3500, 3543, 3548, 3554, 3561, 3568, 3618, 3625, 3633, 3639, 3651, 3700, 3706, 3787, 3794, 3903, 3992, 4033, 4074, 4112, 4330, 4375, 4460, 4569, 4571, 4657, 4685, 4718, 4754, 4788, 4935, 4960, 4986, 5022, 5050, 5124, 5170, 5693, 6145, 6170, 6196, 6212, 6251, 6277, 6292, 6333, 6359, 6373, 6445, 6485, 6593, 6657, 6682, 6704, 6718, 6748, 6770, 6784]@{}
http://www.comp.hkbu.edu.hk/v1/?page=sitemap?=tc?=tc?=tc?=tc?=tc?=tc?=tc?=tc@[2338, 2641, 2818, 2832, 2846, 2860, 2874, 2888, 2901, 2913, 2942, 2965, 3038, 3042, 3088, 3092, 3139, 3143, 3189, 3192, 3236, 3239, 3284, 3287, 3332, 3336, 3394, 3402, 3410, 3416, 3422, 3428, 3435, 3480, 3487, 3494, 3500, 3543, 3548, 3554, 3561, 3568, 3618, 3625, 3633, 3639, 3651, 3700, 3706, 3787, 3794, 3903, 3992, 4033, 4074, 4112, 4330, 4375, 4460, 4569, 4571, 4657, 4721, 4757, 4791, 4938, 4963, 4989, 5025, 5053, 5127, 5173, 5696, 6148, 6173, 6199, 6213, 6246, 6272, 6286, 6319, 6345, 6360, 6430, 6470, 6578, 6642, 6667, 6689, 6705, 6745, 6767, 6781]@{}
http://www.comp.hkbu.edu.hk/v1/?page=sitemap?=sc?=tc?=tc?=tc?=tc?=tc?=tc?=tc@[2338, 2641, 2818, 2832, 2846, 2860, 2874, 2888, 2901, 2913, 2942, 2965, 3038, 3042, 3088, 3092, 3139, 3143, 3189, 3192, 3236, 3239, 3284, 3287, 3332, 3336, 3394, 3402, 3410, 3416, 3422, 3428, 3435, 3480, 3487, 3494, 3500, 3543, 3548, 3554, 3561, 3568, 3618, 3625, 3633, 3639, 3651, 3700, 3706, 3787, 3794, 3903, 3992, 4033, 4074, 4112, 4330, 4375, 4460, 4569, 4571, 4699, 4735, 4771, 4805, 4952, 4977, 5003, 5039, 5067, 5141, 5187, 5710, 6162, 6187, 6213, 6229, 6269, 6295, 6309, 6342, 6368, 6384, 6456, 6496, 6604, 6668, 6693, 6714, 6725, 6753, 6775, 6789]@{}
http://www.comp.hkbu.edu.hk/v1/?page=sitemap@[1884, 2187, 2364, 2378, 2392, 2406, 2420, 2434, 2447, 2459, 2488, 2503, 2568, 2572, 2618, 2622, 2669, 2673, 2719, 2722, 2766, 2769, 2814, 2817, 2862, 2866, 2924, 2932, 2940, 2946, 2952, 2958, 2965, 3010, 3017, 3024, 3030, 3073, 3078, 3084, 3091, 3098, 3148, 3155, 3163, 3169, 3181, 3230, 3236, 3317, 3324, 3433, 3522, 3563, 3604, 3642, 3859, 3904, 3989, 4098, 4132, 4140, 4151, 4161, 4171, 4182, 4191, 4201, 4209, 4217, 4226, 4237, 4247, 4256, 4265, 4273, 4282, 4290, 4297, 4305, 4314, 4323, 4341, 4350, 4378, 4430, 4528, 4718, 4783, 4797, 4807, 4817, 4829, 4842, 4858, 4874, 4892, 4901, 4958, 4969, 4984, 4997, 5009, 5023, 5037, 5050, 5088, 5099, 5112, 5170, 5185, 5205, 5213, 5222, 5316, 5324, 5334, 5345, 5354, 5362, 5369, 5378, 5399, 5410, 5447, 5468, 5488, 5498, 5507, 5517, 5530, 5544]@{}
http://www.comp.hkbu.edu.hk/v1/?page=home?=tc?=tc?=tc?=tc?=tc?=tc@[2338, 2641, 2818, 2832, 2846, 2860, 2874, 2888, 2901, 2913, 2942, 2963, 3034, 3038, 3084, 3088, 3135, 3139, 3185, 3188, 3232, 3235, 3280, 3283, 3328, 3332, 3390, 3398, 3406, 3412, 3418, 3424, 3431, 3476, 3483, 3490, 3496, 3539, 3544, 3550, 3557, 3564, 3614, 3621, 3629, 3635, 3647, 3696, 3702, 3783, 3790, 3899, 3988, 4029, 4070, 4108, 4325, 4370, 4455, 4564, 4566, 4684, 4720, 4756, 4790, 4937, 4962, 4988, 5024, 5052, 5126, 5172, 5695, 6147, 6172, 6198, 6214, 6254, 6280, 6295, 6329, 6355, 6369, 6442, 6482, 6590, 6654, 6679, 6701, 6717, 6754, 6776, 6790]@{}
http://www.comp.hkbu.edu.hk/~alumni/news/../news/../news/../news/../news/../news/../news/../news/../news/@[1340, 2034, 2523, 2888, 3112, 3187, 3469, 3643, 4295, 5005]@{}
http://www.comp.hkbu.edu.hk/~alumni/news/../scholarship/../news/../news/../news/../news/../news/../news/../news/@[1340, 2034, 2523, 2888, 3112, 3187, 3469, 3643, 4295, 5005]@{}
http://www.comp.hkbu.edu.hk/~alumni/news/../donation/../news/../news/../news/../news/../news/../news/../news/@[1340, 2034, 2523, 2888, 3112, 3187, 3469, 3643, 4295, 5005]@{}
http://www.comp.hkbu.edu.hk/v1/?page=job_vacancies?=tc?=tc?=tc?=tc?=tc?=tc?=tc?=tc?=tc@[2338, 2641, 2818, 2832, 2846, 2860, 2874, 2888, 2901, 2913, 2942, 2966, 3040, 3044, 3090, 3094, 3141, 3145, 3191, 3194, 3238, 3241, 3286, 3289, 3334, 3338, 3396, 3404, 3412, 3418, 3424, 3430, 3437, 3482, 3489, 3496, 3502, 3545, 3550, 3556, 3563, 3570, 3620, 3627, 3635, 3641, 3653, 3702, 3708, 3789, 3796, 3905, 3994, 4035, 4076, 4114, 4332, 4377, 4462, 4571, 4573, 4701, 4734, 4770, 4804, 4951, 4976, 5002, 5038, 5066, 5140, 5186, 5709, 6161, 6186, 6212, 6226, 6262, 6288, 6303, 6339, 6365, 6379, 6448, 6488, 6596, 6660, 6685, 6707, 6722, 6758, 6779, 6790]@{}
http://www.comp.hkbu.edu.hk/v1/?page=job_vacancies?=sc?=tc?=tc?=tc?=tc?=tc?=tc?=tc?=tc@[2338, 2641, 2818, 2832, 2846, 2860, 2874, 2888, 2901, 2913, 2942, 2966, 3040, 3044, 3090, 3094, 3141, 3145, 3191, 3194, 3238, 3241, 3286, 3289, 3334, 3338, 3396, 3404, 3412, 3418, 3424, 3430, 3437, 3482, 3489, 3496, 3502, 3545, 3550, 3556, 3563, 3570, 3620, 3627, 3635, 3641, 3653, 3702, 3708, 3789, 3796, 3905, 3994, 4035, 4076, 4114, 4332, 4377, 4462, 4571, 4573, 4699, 4733, 4769, 4803, 4950, 4975, 5001, 5037, 5065, 5139, 5185, 5708, 6160, 6185, 6211, 6225, 6261, 6287, 6303, 6342, 6368, 6383, 6452, 6492, 6600, 6664, 6689, 6711, 6725, 6764, 6786, 6800]@{}
http://www.comp.hkbu.edu.hk/v1/?page=sitemap?=tc?=tc?=tc?=tc?=tc?=tc?=tc?=tc?=tc@[2338, 2641, 2818, 2832, 2846, 2860, 2874, 2888, 2901, 2913, 2942, 2966, 3040, 3044, 3090, 3094, 3141, 3145, 3191, 3194, 3238, 3241, 3286, 3289, 3334, 3338, 3396, 3404, 3412, 3418, 3424, 3430, 3437, 3482, 3489, 3496, 3502, 3545, 3550, 3556, 3563, 3570, 3620, 3627, 3635, 3641, 3653, 3702, 3708, 3789, 3796, 3905, 3994, 4035, 4076, 4114, 4331, 4376, 4461, 4570, 4572, 4658, 4684, 4718, 4754, 4788, 4935, 4960, 4986, 5022, 5050, 5124, 5170, 5693, 6145, 6170, 6196, 6212, 6251, 6277, 6292, 6327, 6353, 6367, 6430, 6470, 6578, 6642, 6667, 6688, 6699, 6727, 6749, 6764]@{}
http://www.comp.hkbu.edu.hk/v1/?page=sitemap?=sc?=tc?=tc?=tc?=tc?=tc?=tc?=tc?=tc@[2338, 2641, 2818, 2832, 2846, 2860, 2874, 2888, 2901, 2913, 2942, 2966, 3040, 3044, 3090, 3094, 3141, 3145, 3191, 3194, 3238, 3241, 3286, 3289, 3334, 3338, 3396, 3404, 3412, 3418, 3424, 3430, 3437, 3482, 3489, 3496, 3502, 3545, 3550, 3556, 3563, 3570, 3620, 3627, 3635, 3641, 3653, 3702, 3708, 3789, 3796, 3905, 3994, 4035, 4076, 4114, 4331, 4376, 4461, 4570, 4572, 4700, 4736, 4772, 4806, 4953, 4978, 5004, 5040, 5068, 5142, 5188, 5711, 6163, 6188, 6214, 6230, 6265, 6291, 6305, 6342, 6368, 6384, 6454, 6494, 6602, 6666, 6691, 6713, 6728, 6764, 6785, 6796]@{}
http://www.comp.hkbu.edu.hk/v1/?lang=tc@[2338, 2641, 2818, 2832, 2846, 2860, 2874, 2888, 2901, 2913, 3018, 3022, 3068, 3072, 3119, 3123, 3169, 3172, 3216, 3219, 3264, 3267, 3312, 3316, 3374, 3382, 3390, 3396, 3402, 3408, 3415, 3460, 3467, 3474, 3480, 3523, 3528, 3534, 3541, 3548, 3598, 3605, 3613, 3619, 3631, 3680, 3686, 3767, 3774, 3883, 3972, 4013, 4054, 4092, 4309, 4354, 4439, 4548, 4550, 4678, 4718, 4754, 4788, 4935, 4960, 4986, 5022, 5050, 5124, 5170, 5693, 6145, 6170, 6196, 6212, 6251, 6277, 6291, 6327, 6353, 6368, 6442, 6482, 6590, 6654, 6679, 6701, 6715, 6748, 6770, 6786]@{}
http://www.comp.hkbu.edu.hk/~alumni/news/@[1340, 2034, 2523, 2888, 3112, 3187, 3469, 3643, 4295, 5005]@{}
http://www.sci.hkbu.edu.hk/eng/page/?page=prospective-students@[651, 652, 668, 669, 732, 733, 757, 758, 1778, 1779, 1806, 1807, 2301, 2364, 3500, 3501, 3525, 3526]@{}
http://www.sci.hkbu.edu.hk/eng/page/?page=current-students@[651, 652, 668, 669, 732, 733, 757, 758, 1778, 1779, 1806, 1807, 2301, 2364, 3156, 3157, 3181, 3182]@{}
http://www.sci.hkbu.edu.hk/eng/page/@[651, 652, 668, 669, 732, 733, 757, 758, 1778, 1779, 1806, 1807, 2301, 2364, 3259, 3260, 3284, 3285]@{}
http://www.sci.hkbu.edu.hk/eng/about-us/honorary-doctorate@[651, 652, 668, 669, 732, 733, 757, 758, 1778, 1779, 1806, 1807, 2301, 2588, 3790, 3791, 3815, 3816]@{}
http://www.sci.hkbu.edu.hk/eng/about-us/distinguished-professorship/eng/page/?page=prospective-students@[651, 652, 668, 669, 732, 733, 757, 758, 1778, 1779, 1806, 1807, 2301, 2881, 2882, 3949, 3950, 7955, 7956, 7980, 7981]@{}
http://www.sci.hkbu.edu.hk/eng/about-us/honorary-doctorate/eng/page/?page=prospective-students@[651, 652, 668, 669, 732, 733, 757, 758, 1778, 1779, 1806, 1807, 2301, 2881, 2882, 3949, 3950, 7955, 7956, 7980, 7981]@{}
http://www.sci.hkbu.edu.hk/eng/about-us/distinguished-professor-of-science@[651, 652, 668, 669, 732, 733, 757, 758, 1778, 1779, 1806, 1807, 2301, 2588, 3606, 3607, 3631, 3632]@{}
http://www.sci.hkbu.edu.hk/eng/about-us/dr-kennedy-wong-distinguished-visiting-professorship-scheme@[651, 652, 668, 669, 732, 733, 757, 758, 1778, 1779, 1806, 1807, 2301, 2588, 3275, 3276, 3300, 3301]@{}
http://www.sci.hkbu.edu.hk/eng/about-us/distinguished-professor-of-science/eng/page/?page=prospective-students@[651, 652, 668, 669, 732, 733, 757, 758, 1778, 1779, 1806, 1807, 2301, 2881, 2882, 3949, 3950, 7955, 7956, 7980, 7981]@{}
http://www.sci.hkbu.edu.hk/eng/about-us/dr-kennedy-wong-distinguished-visiting-professorship-scheme/eng/page/?page=prospective-students@[651, 652, 668, 669, 732, 733, 757, 758, 1778, 1779, 1806, 1807, 2301, 2881, 2882, 3949, 3950, 7955, 7956, 7980, 7981]@{}
http://www.sci.hkbu.edu.hk/eng/page/eng/about-us/vision-mission@[651, 652, 668, 669, 732, 733, 757, 758, 1778, 1779, 1806, 1807, 2301, 2881, 2882, 3949, 3950, 7955, 7956, 7980, 7981]@{}
http://www.sci.hkbu.edu.hk/eng/page/eng/about-us/faculty-advisory-committee@[651, 652, 668, 669, 732, 733, 757, 758, 1778, 1779, 1806, 1807, 2301, 2881, 2882, 3949, 3950, 7955, 7956, 7980, 7981]@{}
http://www.sci.hkbu.edu.hk/eng@[651, 652, 668, 669, 732, 733, 757, 758, 1778, 1779, 1806, 1807, 2301, 2881, 2882, 3949, 3950, 7955, 7956, 7980, 7981]@{}
http://www.sci.hkbu.edu.hk/eng/about-us/vision-mission@[651, 652, 668, 669, 732, 733, 757, 758, 1778, 1779, 1806, 1807, 2301, 2588, 3179, 3180, 3204, 3205]@{}
http://www.sci.hkbu.edu.hk/eng/about-us/faculty-advisory-committee@[651, 652, 668, 669, 732, 733, 757, 758, 1778, 1779, 1806, 1807, 2301, 2588, 3933, 3934, 3958, 3959]@{}
http://www.sci.hkbu.edu.hk/eng/about-us/vision-mission/eng/page/?page=prospective-students@[651, 652, 668, 669, 732, 733, 757, 758, 1778, 1779, 1806, 1807, 2301, 2881, 2882, 3949, 3950, 7955, 7956, 7980, 7981]@{}
http://www.sci.hkbu.edu.hk/eng/about-us/faculty-advisory-committee/eng/page/?page=prospective-students@[651, 652, 668, 669, 732, 733, 757, 758, 1778, 1779, 1806, 1807, 2301, 2881, 2882, 3949, 3950, 7955, 7956, 7980, 7981]@{}
http://www.sci.hkbu.edu.hk/eng/about-us/distinguished-professorship@[651, 652, 668, 669, 732, 733, 757, 758, 1778, 1779, 1806, 1807, 2301, 2588, 2824, 2825, 2849, 2850]@{}
