http://www.comp.hkbu.edu.hk@[142, 155]@[142, 155]
https://www.comp.hkbu.edu.hk/v1/?page=home@[156, 167]@[156, 167]
https://www.comp.hkbu.edu.hk/v1/?page=whats_new@[410, 597, 818, 980, 1099, 1153, 1158, 1200, 1241, 1260, 1315, 1373, 1404, 1429, 1486, 1587, 1612, 1649, 1661, 1689, 1697, 1803, 1811, 1951, 1959, 2013, 2063, 2091, 2210, 2276, 2298, 2306, 2314, 2340, 2389, 2673, 2693, 2732, 2740, 2799, 2827, 2877, 2906, 3118, 3124, 3141, 3356, 3512, 3519, 3581, 3775, 4103, 4129, 4161, 4213, 4233, 4237]@[410, 597, 818, 980, 1099, 1153, 1158, 1200, 1241, 1260, 1315, 1373, 1404, 1429, 1486, 1587, 1612, 1649, 1661, 1689, 1697, 1803, 1811, 1951, 1959, 2013, 2063, 2091, 2210, 2276, 2298, 2306, 2314, 2340, 2389, 2673, 2693, 2732, 2740, 2799, 2827, 2877, 2906, 3118, 3124, 3141, 3356, 3512, 3519, 3581, 3775, 4103, 4129, 4161, 4213, 4233, 4237]
https://www.comp.hkbu.edu.hk/v1/?page=faculty@[121, 132, 144, 161, 182, 189, 200, 213, 220, 228]@[121, 132, 144, 161, 182, 189, 200, 213, 220, 228]
https://www.comp.hkbu.edu.hk/v1/?page=research_staff@[170]@[170]
https://www.comp.hkbu.edu.hk/v1/?page=centres@[117, 262]@[117, 262]
https://www.comp.hkbu.edu.hk/v1/?page=funded_projects@[164, 190, 391, 418, 429, 498, 515, 553, 572, 585, 679, 733, 746, 825, 857, 869, 974, 988, 1054, 1127, 1161, 1177, 1295, 1320, 1356, 1410, 1424, 1438, 1485, 1528, 1577, 1592, 1626, 1675, 1714, 1874, 1890, 1917, 1982, 2024, 2055, 2072, 2141, 2290, 2323, 2335, 2387, 2497, 2511, 2579, 2633, 2701, 2720, 2781, 2867, 2935, 2973, 2997, 3076, 3131, 3142, 3160, 3198, 3258, 3323, 3344, 3398, 3420, 3465, 3507, 3524, 3598, 3643, 3661, 3678, 3703, 3758, 3791, 3858, 3878, 3882, 3916]@[164, 190, 391, 418, 429, 498, 515, 553, 572, 585, 679, 733, 746, 825, 857, 869, 974, 988, 1054, 1127, 1161, 1177, 1295, 1320, 1356, 1410, 1424, 1438, 1485, 1528, 1577, 1592, 1626, 1675, 1714, 1874, 1890, 1917, 1982, 2024, 2055, 2072, 2141, 2290, 2323, 2335, 2387, 2497, 2511, 2579, 2633, 2701, 2720, 2781, 2867, 2935, 2973, 2997, 3076, 3131, 3142, 3160, 3198, 3258, 3323, 3344, 3398, 3420, 3465, 3507, 3524, 3598, 3643, 3661, 3678, 3703, 3758, 3791, 3858, 3878, 3882, 3916]
https://www.comp.hkbu.edu.hk/v1/?page=journal_editorship@[128, 135, 157, 167, 177, 186, 200, 214, 241, 254, 264, 274, 281, 290, 299, 308, 339]@[128, 135, 157, 167, 177, 186, 200, 214, 241, 254, 264, 274, 281, 290, 299, 308, 339]
https://www.comp.hkbu.edu.hk@[161, 174]@[161, 174]
https://www.comp.hkbu.edu.hk/v1/?page=news@[410, 597, 818, 980, 1099, 1153, 1158, 1200, 1241, 1260, 1315, 1373, 1404, 1429, 1486, 1587, 1612, 1649, 1661, 1689, 1697, 1803, 1811, 1951, 1959, 2013, 2063, 2091, 2210, 2276, 2298, 2306, 2314, 2340, 2389, 2673, 2693, 2732, 2740, 2799, 2827, 2877, 2906, 3118, 3124, 3141, 3356, 3512, 3519, 3581, 3775, 4103, 4129, 4161, 4213, 4233, 4237]@[410, 597, 818, 980, 1099, 1153, 1158, 1200, 1241, 1260, 1315, 1373, 1404, 1429, 1486, 1587, 1612, 1649, 1661, 1689, 1697, 1803, 1811, 1951, 1959, 2013, 2063, 2091, 2210, 2276, 2298, 2306, 2314, 2340, 2389, 2673, 2693, 2732, 2740, 2799, 2827, 2877, 2906, 3118, 3124, 3141, 3356, 3512, 3519, 3581, 3775, 4103, 4129, 4161, 4213, 4233, 4237]
https://www.comp.hkbu.edu.hk/v1/?page=events@[269, 7945]@[269, 7945]
https://www.comp.hkbu.edu.hk/v1/?page=highlights@[657, 713, 1135, 1244, 1299, 1358, 1448, 1505, 1560, 1596, 1668, 1719, 1786, 1838, 1918]@[657, 713, 1135, 1244, 1299, 1358, 1448, 1505, 1560, 1596, 1668, 1719, 1786, 1838, 1918]
https://www.comp.hkbu.edu.hk/v1/?pid=124@[369]@[369]
