http://www.comp.hkbu.edu.hk@[491, 501, 1284, 1310, 1665, 1697, 1987, 2459, 2471, 2495, 2505, 2654, 2803, 2811, 2813, 2925, 3579, 3661, 3727, 4212, 4215, 5077, 5622, 5771, 5779, 5788, 5941, 5969, 6010, 6029, 6617]@{}
http://www.comp.hkbu.edu.hk/v1/?page=sci@[658, 675, 696, 721, 727, 752, 777, 888, 894, 896, 914, 945, 964, 1149, 1218, 1368, 1462, 1540, 1669, 1745, 1869, 1933, 1991, 2016, 2045, 2382, 7910, 8082, 8086]@{}
http://www.comp.hkbu.edu.hk/v1/?page=job_vacancies?=tc@[491, 501, 1284, 1310, 1665, 1697, 1987, 2459, 2471, 2495, 2505, 2654, 2803, 2811, 2813, 2925, 3585, 3667, 3733, 4218, 4221, 5073, 5618, 5767, 5775, 5784, 5937, 5965, 6006, 6025, 6596]@{}
http://www.comp.hkbu.edu.hk/v1/?page=job_vacancies?=sc@[491, 501, 1284, 1310, 1665, 1697, 1987, 2459, 2471, 2495, 2505, 2654, 2803, 2811, 2813, 2925, 3585, 3667, 3733, 4218, 4221, 5073, 5618, 5767, 5775, 5784, 5937, 5965, 6006, 6025, 6607]@{}
http://www.comp.hkbu.edu.hk/v1/?page=sitemap?=tc@[491, 501, 1284, 1310, 1665, 1697, 1987, 2459, 2471, 2495, 2505, 2654, 2803, 2811, 2813, 2925, 3585, 3667, 3733, 4217, 4220, 5069, 5614, 5763, 5771, 5780, 5933, 5961, 6002, 6021, 6599]@{}
http://www.comp.hkbu.edu.hk/v1/?page=sitemap?=sc@[491, 501, 1284, 1310, 1665, 1697, 1987, 2459, 2471, 2495, 2505, 2654, 2803, 2811, 2813, 2925, 3585, 3667, 3733, 4217, 4220, 5068, 5613, 5762, 5770, 5779, 5932, 5960, 6001, 6020, 6606]@{}
http://www.comp.hkbu.edu.hk/v1/?lang=sc@[491, 501, 1284, 1310, 1665, 1697, 1987, 2459, 2471, 2495, 2505, 2654, 2803, 2811, 2813, 2925, 3579, 3661, 3727, 4212, 4215, 5064, 5609, 5758, 5766, 5775, 5928, 5956, 5997, 6016, 6598]@{}
http://www.comp.hkbu.edu.hk/~alumni/news/../news/@[648, 746, 811, 888, 1030, 1087, 1183, 1255, 1330, 1385, 1459, 1514, 1591, 1646, 1727, 1780, 1835, 1892, 1948, 2024, 2109, 2164, 2245, 2300, 2384, 2438, 2513, 2570, 2626, 2713, 2793, 2878, 2977, 3102, 3177, 3268, 3359, 3459, 3549, 3633, 3725, 3827, 3930, 4048, 4154, 4280, 4373, 4463, 4527, 4597, 4655, 4732, 4819, 4904, 4980]@{}
http://www.comp.hkbu.edu.hk/~alumni/news/../scholarship/@[617, 638, 659, 683, 708, 731, 753]@{}
http://www.comp.hkbu.edu.hk/v1/?page=job_vacancies?=tc?=tc@[491, 501, 1284, 1310, 1665, 1697, 1987, 2459, 2471, 2495, 2505, 2654, 2803, 2811, 2813, 2925, 3587, 3669, 3735, 4219, 4222, 5070, 5615, 5764, 5772, 5781, 5934, 5962, 6003, 6022, 6605]@{}
http://www.comp.hkbu.edu.hk/v1/?page=job_vacancies?=sc?=tc@[491, 501, 1284, 1310, 1665, 1697, 1987, 2459, 2471, 2495, 2505, 2654, 2803, 2811, 2813, 2925, 3587, 3669, 3735, 4219, 4222, 5080, 5625, 5774, 5782, 5791, 5944, 5972, 6013, 6032, 6624]@{}
http://www.comp.hkbu.edu.hk/v1/?page=sitemap?=tc?=tc@[491, 501, 1284, 1310, 1665, 1697, 1987, 2459, 2471, 2495, 2505, 2654, 2803, 2811, 2813, 2925, 3587, 3669, 3735, 4219, 4222, 5070, 5615, 5764, 5772, 5781, 5934, 5962, 6003, 6022, 6601]@{}
http://www.comp.hkbu.edu.hk/v1/?page=sitemap?=sc?=tc@[491, 501, 1284, 1310, 1665, 1697, 1987, 2459, 2471, 2495, 2505, 2654, 2803, 2811, 2813, 2925, 3587, 3669, 3735, 4219, 4222, 5084, 5629, 5778, 5786, 5795, 5948, 5976, 6017, 6036, 6618]@{}
http://www.comp.hkbu.edu.hk/v1/?page=home@[491, 501, 1284, 1310, 1665, 1697, 1987, 2459, 2471, 2495, 2505, 2654, 2803, 2811, 2813, 2925, 3583, 3665, 3731, 4215, 4218, 5062, 5607, 5756, 5764, 5773, 5926, 5954, 5995, 6014, 6594]@{}
http://www.comp.hkbu.edu.hk/~alumni/news/../news/../news/@[648, 746, 811, 888, 1030, 1087, 1183, 1255, 1330, 1385, 1459, 1514, 1591, 1646, 1727, 1780, 1835, 1892, 1948, 2024, 2109, 2164, 2245, 2300, 2384, 2438, 2513, 2570, 2626, 2713, 2793, 2878, 2977, 3102, 3177, 3268, 3359, 3459, 3549, 3633, 3725, 3827, 3930, 4048, 4154, 4280, 4373, 4463, 4527, 4597, 4655, 4732, 4819, 4904, 4980]@{}
http://www.comp.hkbu.edu.hk/~alumni/news/../scholarship/../news/@[648, 746, 811, 888, 1030, 1087, 1183, 1255, 1330, 1385, 1459, 1514, 1591, 1646, 1727, 1780, 1835, 1892, 1948, 2024, 2109, 2164, 2245, 2300, 2384, 2438, 2513, 2570, 2626, 2713, 2793, 2878, 2977, 3102, 3177, 3268, 3359, 3459, 3549, 3633, 3725, 3827, 3930, 4048, 4154, 4280, 4373, 4463, 4527, 4597, 4655, 4732, 4819, 4904, 4980]@{}
http://www.comp.hkbu.edu.hk/~alumni/news/../donation/../news/@[648, 746, 811, 888, 1030, 1087, 1183, 1255, 1330, 1385, 1459, 1514, 1591, 1646, 1727, 1780, 1835, 1892, 1948, 2024, 2109, 2164, 2245, 2300, 2384, 2438, 2513, 2570, 2626, 2713, 2793, 2878, 2977, 3102, 3177, 3268, 3359, 3459, 3549, 3633, 3725, 3827, 3930, 4048, 4154, 4280, 4373, 4463, 4527, 4597, 4655, 4732, 4819, 4904, 4980]@{}
http://www.comp.hkbu.edu.hk/v1/?page=job_vacancies?=tc?=tc?=tc@[491, 501, 1284, 1310, 1665, 1697, 1987, 2459, 2471, 2495, 2505, 2654, 2803, 2811, 2813, 2925, 3589, 3671, 3737, 4222, 4225, 5084, 5629, 5778, 5786, 5795, 5948, 5976, 6017, 6036, 6621]@{}
http://www.comp.hkbu.edu.hk/v1/?page=job_vacancies?=sc?=tc?=tc@[491, 501, 1284, 1310, 1665, 1697, 1987, 2459, 2471, 2495, 2505, 2654, 2803, 2811, 2813, 2925, 3589, 3671, 3737, 4221, 4224, 5068, 5613, 5762, 5770, 5779, 5932, 5960, 6001, 6020, 6606]@{}
http://www.comp.hkbu.edu.hk/v1/?page=sitemap?=tc?=tc?=tc@[491, 501, 1284, 1310, 1665, 1697, 1987, 2459, 2471, 2495, 2505, 2654, 2803, 2811, 2813, 2925, 3589, 3671, 3737, 4222, 4225, 5074, 5619, 5768, 5776, 5785, 5938, 5966, 6007, 6026, 6613]@{}
http://www.comp.hkbu.edu.hk/v1/?page=sitemap?=sc?=tc?=tc@[491, 501, 1284, 1310, 1665, 1697, 1987, 2459, 2471, 2495, 2505, 2654, 2803, 2811, 2813, 2925, 3589, 3671, 3737, 4222, 4225, 5077, 5622, 5771, 5779, 5788, 5941, 5969, 6010, 6029, 6614]@{}
http://www.comp.hkbu.edu.hk/v1/?page=home?=tc@[491, 501, 1284, 1310, 1665, 1697, 1987, 2459, 2471, 2495, 2505, 2654, 2803, 2811, 2813, 2925, 3585, 3667, 3733, 4217, 4220, 5072, 5617, 5766, 5774, 5783, 5936, 5964, 6005, 6024, 6610]@{}
http://www.comp.hkbu.edu.hk/~alumni/news/../news/../news/../news/@[648, 746, 811, 888, 1030, 1087, 1183, 1255, 1330, 1385, 1459, 1514, 1591, 1646, 1727, 1780, 1835, 1892, 1948, 2024, 2109, 2164, 2245, 2300, 2384, 2438, 2513, 2570, 2626, 2713, 2793, 2878, 2977, 3102, 3177, 3268, 3359, 3459, 3549, 3633, 3725, 3827, 3930, 4048, 4154, 4280, 4373, 4463, 4527, 4597, 4655, 4732, 4819, 4904, 4980]@{}
http://www.comp.hkbu.edu.hk/~alumni/news/../scholarship/../news/../news/@[648, 746, 811, 888, 1030, 1087, 1183, 1255, 1330, 1385, 1459, 1514, 1591, 1646, 1727, 1780, 1835, 1892, 1948, 2024, 2109, 2164, 2245, 2300, 2384, 2438, 2513, 2570, 2626, 2713, 2793, 2878, 2977, 3102, 3177, 3268, 3359, 3459, 3549, 3633, 3725, 3827, 3930, 4048, 4154, 4280, 4373, 4463, 4527, 4597, 4655, 4732, 4819, 4904, 4980]@{}
http://www.comp.hkbu.edu.hk/~alumni/news/../donation/../news/../news/@[648, 746, 811, 888, 1030, 1087, 1183, 1255, 1330, 1385, 1459, 1514, 1591, 1646, 1727, 1780, 1835, 1892, 1948, 2024, 2109, 2164, 2245, 2300, 2384, 2438, 2513, 2570, 2626, 2713, 2793, 2878, 2977, 3102, 3177, 3268, 3359, 3459, 3549, 3633, 3725, 3827, 3930, 4048, 4154, 4280, 4373, 4463, 4527, 4597, 4655, 4732, 4819, 4904, 4980]@{}
http://www.comp.hkbu.edu.hk/v1/?page=job_vacancies?=tc?=tc?=tc?=tc@[491, 501, 1284, 1310, 1665, 1697, 1987, 2459, 2471, 2495, 2505, 2654, 2803, 2811, 2813, 2925, 3591, 3673, 3739, 4224, 4227, 5085, 5630, 5779, 5787, 5796, 5949, 5977, 6018, 6037, 6618]@{}
http://www.comp.hkbu.edu.hk/v1/?page=job_vacancies?=sc?=tc?=tc?=tc@[491, 501, 1284, 1310, 1665, 1697, 1987, 2459, 2471, 2495, 2505, 2654, 2803, 2811, 2813, 2925, 3591, 3673, 3739, 4224, 4227, 5086, 5631, 5780, 5788, 5797, 5950, 5978, 6019, 6038, 6611]@{}
http://www.comp.hkbu.edu.hk/v1/?page=sitemap?=tc?=tc?=tc?=tc@[491, 501, 1284, 1310, 1665, 1697, 1987, 2459, 2471, 2495, 2505, 2654, 2803, 2811, 2813, 2925, 3591, 3673, 3739, 4223, 4226, 5074, 5619, 5768, 5776, 5785, 5938, 5966, 6007, 6026, 6612]@{}
http://www.comp.hkbu.edu.hk/v1/?page=sitemap?=sc?=tc?=tc?=tc@[491, 501, 1284, 1310, 1665, 1697, 1987, 2459, 2471, 2495, 2505, 2654, 2803, 2811, 2813, 2925, 3591, 3673, 3739, 4223, 4226, 5085, 5630, 5779, 5787, 5796, 5949, 5977, 6018, 6037, 6623]@{}
http://www.comp.hkbu.edu.hk/v1/?page=home?=tc?=tc@[491, 501, 1284, 1310, 1665, 1697, 1987, 2459, 2471, 2495, 2505, 2654, 2803, 2811, 2813, 2925, 3587, 3669, 3735, 4219, 4222, 5074, 5619, 5768, 5776, 5785, 5938, 5966, 6007, 6026, 6616]@{}
http://www.comp.hkbu.edu.hk/~alumni/news/../news/../news/../news/../news/@[648, 746, 811, 888, 1030, 1087, 1183, 1255, 1330, 1385, 1459, 1514, 1591, 1646, 1727, 1780, 1835, 1892, 1948, 2024, 2109, 2164, 2245, 2300, 2384, 2438, 2513, 2570, 2626, 2713, 2793, 2878, 2977, 3102, 3177, 3268, 3359, 3459, 3549, 3633, 3725, 3827, 3930, 4048, 4154, 4280, 4373, 4463, 4527, 4597, 4655, 4732, 4819, 4904, 4980]@{}
http://www.comp.hkbu.edu.hk/~alumni/news/../scholarship/../news/../news/../news/@[648, 746, 811, 888, 1030, 1087, 1183, 1255, 1330, 1385, 1459, 1514, 1591, 1646, 1727, 1780, 1835, 1892, 1948, 2024, 2109, 2164, 2245, 2300, 2384, 2438, 2513, 2570, 2626, 2713, 2793, 2878, 2977, 3102, 3177, 3268, 3359, 3459, 3549, 3633, 3725, 3827, 3930, 4048, 4154, 4280, 4373, 4463, 4527, 4597, 4655, 4732, 4819, 4904, 4980]@{}
http://www.comp.hkbu.edu.hk/~alumni/news/../donation/../news/../news/../news/@[648, 746, 811, 888, 1030, 1087, 1183, 1255, 1330, 1385, 1459, 1514, 1591, 1646, 1727, 1780, 1835, 1892, 1948, 2024, 2109, 2164, 2245, 2300, 2384, 2438, 2513, 2570, 2626, 2713, 2793, 2878, 2977, 3102, 3177, 3268, 3359, 3459, 3549, 3633, 3725, 3827, 3930, 4048, 4154, 4280, 4373, 4463, 4527, 4597, 4655, 4732, 4819, 4904, 4980]@{}
http://www.comp.hkbu.edu.hk/v1/?page=job_vacancies?=tc?=tc?=tc?=tc?=tc@[491, 501, 1284, 1310, 1665, 1697, 1987, 2459, 2471, 2495, 2505, 2654, 2803, 2811, 2813, 2925, 3593, 3675, 3741, 4226, 4229, 5088, 5633, 5782, 5790, 5799, 5952, 5980, 6021, 6040, 6620]@{}
http://www.comp.hkbu.edu.hk/v1/?page=job_vacancies?=sc?=tc?=tc?=tc?=tc@[491, 501, 1284, 1310, 1665, 1697, 1987, 2459, 2471, 2495, 2505, 2654, 2803, 2811, 2813, 2925, 3593, 3675, 3741, 4225, 4228, 5073, 5618, 5767, 5775, 5784, 5937, 5965, 6006, 6025, 6616]@{}
http://www.comp.hkbu.edu.hk/v1/?page=sitemap?=tc?=tc?=tc?=tc?=tc@[491, 501, 1284, 1310, 1665, 1697, 1987, 2459, 2471, 2495, 2505, 2654, 2803, 2811, 2813, 2925, 3593, 3675, 3741, 4226, 4229, 5081, 5626, 5775, 5783, 5792, 5945, 5973, 6014, 6033, 6616]@{}
http://www.comp.hkbu.edu.hk/v1/?page=sitemap?=sc?=tc?=tc?=tc?=tc@[491, 501, 1284, 1310, 1665, 1697, 1987, 2459, 2471, 2495, 2505, 2654, 2803, 2811, 2813, 2925, 3593, 3675, 3741, 4225, 4228, 5087, 5632, 5781, 5789, 5798, 5951, 5979, 6020, 6039, 6624]@{}
http://www.comp.hkbu.edu.hk/v1/?page=home?=tc?=tc?=tc@[491, 501, 1284, 1310, 1665, 1697, 1987, 2459, 2471, 2495, 2505, 2654, 2803, 2811, 2813, 2925, 3589, 3671, 3737, 4221, 4224, 5072, 5617, 5766, 5774, 5783, 5936, 5964, 6005, 6024, 6614]@{}
http://www.comp.hkbu.edu.hk/~alumni/news/../news/../news/../news/../news/../news/@[648, 746, 811, 888, 1030, 1087, 1183, 1255, 1330, 1385, 1459, 1514, 1591, 1646, 1727, 1780, 1835, 1892, 1948, 2024, 2109, 2164, 2245, 2300, 2384, 2438, 2513, 2570, 2626, 2713, 2793, 2878, 2977, 3102, 3177, 3268, 3359, 3459, 3549, 3633, 3725, 3827, 3930, 4048, 4154, 4280, 4373, 4463, 4527, 4597, 4655, 4732, 4819, 4904, 4980]@{}
http://www.comp.hkbu.edu.hk/~alumni/news/../scholarship/../news/../news/../news/../news/@[648, 746, 811, 888, 1030, 1087, 1183, 1255, 1330, 1385, 1459, 1514, 1591, 1646, 1727, 1780, 1835, 1892, 1948, 2024, 2109, 2164, 2245, 2300, 2384, 2438, 2513, 2570, 2626, 2713, 2793, 2878, 2977, 3102, 3177, 3268, 3359, 3459, 3549, 3633, 3725, 3827, 3930, 4048, 4154, 4280, 4373, 4463, 4527, 4597, 4655, 4732, 4819, 4904, 4980]@{}
http://www.comp.hkbu.edu.hk/~alumni/news/../donation/../news/../news/../news/../news/@[648, 746, 811, 888, 1030, 1087, 1183, 1255, 1330, 1385, 1459, 1514, 1591, 1646, 1727, 1780, 1835, 1892, 1948, 2024, 2109, 2164, 2245, 2300, 2384, 2438, 2513, 2570, 2626, 2713, 2793, 2878, 2977, 3102, 3177, 3268, 3359, 3459, 3549, 3633, 3725, 3827, 3930, 4048, 4154, 4280, 4373, 4463, 4527, 4597, 4655, 4732, 4819, 4904, 4980]@{}
http://www.comp.hkbu.edu.hk/v1/?page=job_vacancies@[832, 858, 1213, 1245, 1535, 2007, 2019, 2043, 2053, 2202, 2351, 2359, 2361, 2473, 3131, 3213, 3279, 3764, 3767]@{}
http://www.comp.hkbu.edu.hk/v1/?page=job_vacancies?=tc?=tc?=tc?=tc?=tc?=tc@[491, 501, 1284, 1310, 1665, 1697, 1987, 2459, 2471, 2495, 2505, 2654, 2803, 2811, 2813, 2925, 3595, 3677, 3743, 4228, 4231, 5076, 5621, 5770, 5778, 5787, 5940, 5968, 6009, 6028, 6614]@{}
http://www.comp.hkbu.edu.hk/v1/?page=job_vacancies?=sc?=tc?=tc?=tc?=tc?=tc@[491, 501, 1284, 1310, 1665, 1697, 1987, 2459, 2471, 2495, 2505, 2654, 2803, 2811, 2813, 2925, 3595, 3677, 3743, 4227, 4230, 5075, 5620, 5769, 5777, 5786, 5939, 5967, 6008, 6027, 6622]@{}
http://www.comp.hkbu.edu.hk/v1/?page=sitemap?=tc?=tc?=tc?=tc?=tc?=tc@[491, 501, 1284, 1310, 1665, 1697, 1987, 2459, 2471, 2495, 2505, 2654, 2803, 2811, 2813, 2925, 3595, 3677, 3743, 4227, 4230, 5079, 5624, 5773, 5781, 5790, 5943, 5971, 6012, 6031, 6611]@{}
http://www.comp.hkbu.edu.hk/v1/?page=sitemap?=sc?=tc?=tc?=tc?=tc?=tc@[491, 501, 1284, 1310, 1665, 1697, 1987, 2459, 2471, 2495, 2505, 2654, 2803, 2811, 2813, 2925, 3595, 3677, 3743, 4228, 4231, 5097, 5642, 5791, 5799, 5808, 5961, 5989, 6030, 6049, 6630]@{}
http://www.comp.hkbu.edu.hk/v1/?page=home?=tc?=tc?=tc?=tc@[491, 501, 1284, 1310, 1665, 1697, 1987, 2459, 2471, 2495, 2505, 2654, 2803, 2811, 2813, 2925, 3591, 3673, 3739, 4224, 4227, 5078, 5623, 5772, 5780, 5789, 5942, 5970, 6011, 6030, 6612]@{}
http://www.comp.hkbu.edu.hk/~alumni/news/../news/../news/../news/../news/../news/../news/@[648, 746, 811, 888, 1030, 1087, 1183, 1255, 1330, 1385, 1459, 1514, 1591, 1646, 1727, 1780, 1835, 1892, 1948, 2024, 2109, 2164, 2245, 2300, 2384, 2438, 2513, 2570, 2626, 2713, 2793, 2878, 2977, 3102, 3177, 3268, 3359, 3459, 3549, 3633, 3725, 3827, 3930, 4048, 4154, 4280, 4373, 4463, 4527, 4597, 4655, 4732, 4819, 4904, 4980]@{}
http://www.comp.hkbu.edu.hk/~alumni/news/../scholarship/../news/../news/../news/../news/../news/@[648, 746, 811, 888, 1030, 1087, 1183, 1255, 1330, 1385, 1459, 1514, 1591, 1646, 1727, 1780, 1835, 1892, 1948, 2024, 2109, 2164, 2245, 2300, 2384, 2438, 2513, 2570, 2626, 2713, 2793, 2878, 2977, 3102, 3177, 3268, 3359, 3459, 3549, 3633, 3725, 3827, 3930, 4048, 4154, 4280, 4373, 4463, 4527, 4597, 4655, 4732, 4819, 4904, 4980]@{}
http://www.comp.hkbu.edu.hk/~alumni/news/../donation/../news/../news/../news/../news/../news/@[648, 746, 811, 888, 1030, 1087, 1183, 1255, 1330, 1385, 1459, 1514, 1591, 1646, 1727, 1780, 1835, 1892, 1948, 2024, 2109, 2164, 2245, 2300, 2384, 2438, 2513, 2570, 2626, 2713, 2793, 2878, 2977, 3102, 3177, 3268, 3359, 3459, 3549, 3633, 3725, 3827, 3930, 4048, 4154, 4280, 4373, 4463, 4527, 4597, 4655, 4732, 4819, 4904, 4980]@{}
http://www.comp.hkbu.edu.hk/v1/?page=job_vacancies?=tc?=tc?=tc?=tc?=tc?=tc?=tc@[491, 501, 1284, 1310, 1665, 1697, 1987, 2459, 2471, 2495, 2505, 2654, 2803, 2811, 2813, 2925, 3597, 3679, 3745, 4230, 4233, 5080, 5625, 5774, 5782, 5791, 5944, 5972, 6013, 6032, 6610]@{}
http://www.comp.hkbu.edu.hk/v1/?page=job_vacancies?=sc?=tc?=tc?=tc?=tc?=tc?=tc@[491, 501, 1284, 1310, 1665, 1697, 1987, 2459, 2471, 2495, 2505, 2654, 2803, 2811, 2813, 2925, 3597, 3679, 3745, 4230, 4233, 5077, 5622, 5771, 5779, 5788, 5941, 5969, 6010, 6029, 6610]@{}
http://www.comp.hkbu.edu.hk/v1/?page=sitemap?=tc?=tc?=tc?=tc?=tc?=tc?=tc@[491, 501, 1284, 1310, 1665, 1697, 1987, 2459, 2471, 2495, 2505, 2654, 2803, 2811, 2813, 2925, 3597, 3679, 3745, 4229, 4232, 5079, 5624, 5773, 5781, 5790, 5943, 5971, 6012, 6031, 6607]@{}
http://www.comp.hkbu.edu.hk/v1/?page=sitemap?=sc?=tc?=tc?=tc?=tc?=tc?=tc@[491, 501, 1284, 1310, 1665, 1697, 1987, 2459, 2471, 2495, 2505, 2654, 2803, 2811, 2813, 2925, 3597, 3679, 3745, 4229, 4232, 5081, 5626, 5775, 5783, 5792, 5945, 5973, 6014, 6033, 6622]@{}
http://www.comp.hkbu.edu.hk/v1/?page=home?=tc?=tc?=tc?=tc?=tc@[491, 501, 1284, 1310, 1665, 1697, 1987, 2459, 2471, 2495, 2505, 2654, 2803, 2811, 2813, 2925, 3593, 3675, 3741, 4226, 4229, 5081, 5626, 5775, 5783, 5792, 5945, 5973, 6014, 6033, 6616]@{}
http://www.comp.hkbu.edu.hk/~alumni/news/../news/../news/../news/../news/../news/../news/../news/@[648, 746, 811, 888, 1030, 1087, 1183, 1255, 1330, 1385, 1459, 1514, 1591, 1646, 1727, 1780, 1835, 1892, 1948, 2024, 2109, 2164, 2245, 2300, 2384, 2438, 2513, 2570, 2626, 2713, 2793, 2878, 2977, 3102, 3177, 3268, 3359, 3459, 3549, 3633, 3725, 3827, 3930, 4048, 4154, 4280, 4373, 4463, 4527, 4597, 4655, 4732, 4819, 4904, 4980]@{}
http://www.comp.hkbu.edu.hk/~alumni/news/../scholarship/../news/../news/../news/../news/../news/../news/@[648, 746, 811, 888, 1030, 1087, 1183, 1255, 1330, 1385, 1459, 1514, 1591, 1646, 1727, 1780, 1835, 1892, 1948, 2024, 2109, 2164, 2245, 2300, 2384, 2438, 2513, 2570, 2626, 2713, 2793, 2878, 2977, 3102, 3177, 3268, 3359, 3459, 3549, 3633, 3725, 3827, 3930, 4048, 4154, 4280, 4373, 4463, 4527, 4597, 4655, 4732, 4819, 4904, 4980]@{}
http://www.comp.hkbu.edu.hk/~alumni/news/../donation/../news/../news/../news/../news/../news/../news/@[648, 746, 811, 888, 1030, 1087, 1183, 1255, 1330, 1385, 1459, 1514, 1591, 1646, 1727, 1780, 1835, 1892, 1948, 2024, 2109, 2164, 2245, 2300, 2384, 2438, 2513, 2570, 2626, 2713, 2793, 2878, 2977, 3102, 3177, 3268, 3359, 3459, 3549, 3633, 3725, 3827, 3930, 4048, 4154, 4280, 4373, 4463, 4527, 4597, 4655, 4732, 4819, 4904, 4980]@{}
http://www.comp.hkbu.edu.hk/v1/?page=job_vacancies?=tc?=tc?=tc?=tc?=tc?=tc?=tc?=tc@[491, 501, 1284, 1310, 1665, 1697, 1987, 2459, 2471, 2495, 2505, 2654, 2803, 2811, 2813, 2925, 3599, 3681, 3747, 4232, 4235, 5096, 5641, 5790, 5798, 5807, 5960, 5988, 6029, 6048, 6630]@{}
http://www.comp.hkbu.edu.hk/v1/?page=job_vacancies?=sc?=tc?=tc?=tc?=tc?=tc?=tc?=tc@[491, 501, 1284, 1310, 1665, 1697, 1987, 2459, 2471, 2495, 2505, 2654, 2803, 2811, 2813, 2925, 3599, 3681, 3747, 4232, 4235, 5080, 5625, 5774, 5782, 5791, 5944, 5972, 6013, 6032, 6626]@{}
http://www.comp.hkbu.edu.hk/v1/?page=sitemap?=tc?=tc?=tc?=tc?=tc?=tc?=tc?=tc@[491, 501, 1284, 1310, 1665, 1697, 1987, 2459, 2471, 2495, 2505, 2654, 2803, 2811, 2813, 2925, 3599, 3681, 3747, 4232, 4235, 5083, 5628, 5777, 5785, 5794, 5947, 5975, 6016, 6035, 6611]@{}
http://www.comp.hkbu.edu.hk/v1/?page=sitemap?=sc?=tc?=tc?=tc?=tc?=tc?=tc?=tc@[491, 501, 1284, 1310, 1665, 1697, 1987, 2459, 2471, 2495, 2505, 2654, 2803, 2811, 2813, 2925, 3599, 3681, 3747, 4232, 4235, 5097, 5642, 5791, 5799, 5808, 5961, 5989, 6030, 6049, 6637]@{}
http://www.comp.hkbu.edu.hk/v1/?page=sitemap@[830, 856, 1211, 1243, 1533, 2005, 2017, 2041, 2051, 2200, 2349, 2357, 2359, 2471, 3129, 3211, 3277, 3761, 3764]@{}
http://www.comp.hkbu.edu.hk/v1/?page=home?=tc?=tc?=tc?=tc?=tc?=tc@[491, 501, 1284, 1310, 1665, 1697, 1987, 2459, 2471, 2495, 2505, 2654, 2803, 2811, 2813, 2925, 3595, 3677, 3743, 4227, 4230, 5082, 5627, 5776, 5784, 5793, 5946, 5974, 6015, 6034, 6623]@{}
http://www.comp.hkbu.edu.hk/~alumni/news/../news/../news/../news/../news/../news/../news/../news/../news/@[648, 746, 811, 888, 1030, 1087, 1183, 1255, 1330, 1385, 1459, 1514, 1591, 1646, 1727, 1780, 1835, 1892, 1948, 2024, 2109, 2164, 2245, 2300, 2384, 2438, 2513, 2570, 2626, 2713, 2793, 2878, 2977, 3102, 3177, 3268, 3359, 3459, 3549, 3633, 3725, 3827, 3930, 4048, 4154, 4280, 4373, 4463, 4527, 4597, 4655, 4732, 4819, 4904, 4980]@{}
http://www.comp.hkbu.edu.hk/~alumni/news/../scholarship/../news/../news/../news/../news/../news/../news/../news/@[648, 746, 811, 888, 1030, 1087, 1183, 1255, 1330, 1385, 1459, 1514, 1591, 1646, 1727, 1780, 1835, 1892, 1948, 2024, 2109, 2164, 2245, 2300, 2384, 2438, 2513, 2570, 2626, 2713, 2793, 2878, 2977, 3102, 3177, 3268, 3359, 3459, 3549, 3633, 3725, 3827, 3930, 4048, 4154, 4280, 4373, 4463, 4527, 4597, 4655, 4732, 4819, 4904, 4980]@{}
http://www.comp.hkbu.edu.hk/~alumni/news/../donation/../news/../news/../news/../news/../news/../news/../news/@[648, 746, 811, 888, 1030, 1087, 1183, 1255, 1330, 1385, 1459, 1514, 1591, 1646, 1727, 1780, 1835, 1892, 1948, 2024, 2109, 2164, 2245, 2300, 2384, 2438, 2513, 2570, 2626, 2713, 2793, 2878, 2977, 3102, 3177, 3268, 3359, 3459, 3549, 3633, 3725, 3827, 3930, 4048, 4154, 4280, 4373, 4463, 4527, 4597, 4655, 4732, 4819, 4904, 4980]@{}
http://www.comp.hkbu.edu.hk/v1/?page=job_vacancies?=tc?=tc?=tc?=tc?=tc?=tc?=tc?=tc?=tc@[491, 501, 1284, 1310, 1665, 1697, 1987, 2459, 2471, 2495, 2505, 2654, 2803, 2811, 2813, 2925, 3601, 3683, 3749, 4234, 4237, 5096, 5641, 5790, 5798, 5807, 5960, 5988, 6029, 6048, 6629]@{}
http://www.comp.hkbu.edu.hk/v1/?page=job_vacancies?=sc?=tc?=tc?=tc?=tc?=tc?=tc?=tc?=tc@[491, 501, 1284, 1310, 1665, 1697, 1987, 2459, 2471, 2495, 2505, 2654, 2803, 2811, 2813, 2925, 3601, 3683, 3749, 4234, 4237, 5095, 5640, 5789, 5797, 5806, 5959, 5987, 6028, 6047, 6633]@{}
http://www.comp.hkbu.edu.hk/v1/?page=sitemap?=tc?=tc?=tc?=tc?=tc?=tc?=tc?=tc?=tc@[491, 501, 1284, 1310, 1665, 1697, 1987, 2459, 2471, 2495, 2505, 2654, 2803, 2811, 2813, 2925, 3601, 3683, 3749, 4233, 4236, 5080, 5625, 5774, 5782, 5791, 5944, 5972, 6013, 6032, 6611]@{}
http://www.comp.hkbu.edu.hk/v1/?page=sitemap?=sc?=tc?=tc?=tc?=tc?=tc?=tc?=tc?=tc@[491, 501, 1284, 1310, 1665, 1697, 1987, 2459, 2471, 2495, 2505, 2654, 2803, 2811, 2813, 2925, 3601, 3683, 3749, 4233, 4236, 5098, 5643, 5792, 5800, 5809, 5962, 5990, 6031, 6050, 6635]@{}
http://www.comp.hkbu.edu.hk/v1/?lang=tc@[491, 501, 1284, 1310, 1665, 1697, 1987, 2459, 2471, 2495, 2505, 2654, 2803, 2811, 2813, 2925, 3579, 3661, 3727, 4211, 4214, 5080, 5625, 5774, 5782, 5791, 5944, 5972, 6013, 6032, 6623]@{}
http://www.comp.hkbu.edu.hk/~alumni/news/@[648, 746, 811, 888, 1030, 1087, 1183, 1255, 1330, 1385, 1459, 1514, 1591, 1646, 1727, 1780, 1835, 1892, 1948, 2024, 2109, 2164, 2245, 2300, 2384, 2438, 2513, 2570, 2626, 2713, 2793, 2878, 2977, 3102, 3177, 3268, 3359, 3459, 3549, 3633, 3725, 3827, 3930, 4048, 4154, 4280, 4373, 4463, 4527, 4597, 4655, 4732, 4819, 4904, 4980]@{}
http://www.sci.hkbu.edu.hk/eng/page/?page=prospective-students@[658, 675, 696, 721, 727, 752, 777, 888, 894, 896, 914, 945, 964, 1149, 1218, 1368, 1462, 1540, 1669, 1745, 1869, 1933, 1991, 2016, 2045, 3455, 3627, 3631]@{}
http://www.sci.hkbu.edu.hk/eng/page/?page=current-students@[658, 675, 696, 721, 727, 752, 777, 888, 894, 896, 914, 945, 964, 1149, 1218, 1368, 1462, 1540, 1669, 1745, 1869, 1933, 1991, 2016, 2045, 3111, 3283, 3287]@{}
http://www.sci.hkbu.edu.hk/eng/page/@[658, 675, 696, 721, 727, 752, 777, 888, 894, 896, 914, 945, 964, 1149, 1218, 1368, 1462, 1540, 1669, 1745, 1869, 1933, 1991, 2016, 2045, 2523, 2534, 3046, 3214, 3386, 3390]@{}
http://www.sci.hkbu.edu.hk/eng/about-us/honorary-doctorate@[658, 675, 696, 721, 727, 752, 777, 888, 894, 896, 914, 945, 964, 1149, 1218, 1368, 1462, 1540, 1669, 1745, 1869, 1933, 1991, 2016, 2045, 2661, 2725, 2805, 2884, 2965, 3044, 3124, 3203, 3282, 3745, 3917, 3921]@{}
http://www.sci.hkbu.edu.hk/eng/about-us/distinguished-professorship/eng/page/?page=prospective-students@[658, 675, 696, 721, 727, 752, 777, 888, 894, 896, 914, 945, 964, 1149, 1218, 1368, 1462, 1540, 1669, 1745, 1869, 1933, 1991, 2016, 2045, 2382, 7910, 8082, 8086]@{}
http://www.sci.hkbu.edu.hk/eng/about-us/honorary-doctorate/eng/page/?page=prospective-students@[658, 675, 696, 721, 727, 752, 777, 888, 894, 896, 914, 945, 964, 1149, 1218, 1368, 1462, 1540, 1669, 1745, 1869, 1933, 1991, 2016, 2045, 2382, 7910, 8082, 8086]@{}
http://www.sci.hkbu.edu.hk/eng/about-us/distinguished-professor-of-science@[658, 675, 696, 721, 727, 752, 777, 888, 894, 896, 914, 945, 964, 1149, 1218, 1368, 1462, 1540, 1669, 1745, 1869, 1933, 1991, 2016, 2045, 2739, 2825, 2925, 3003, 3094, 3174, 3272, 3348, 3561, 3733, 3737]@{}
http://www.sci.hkbu.edu.hk/eng/about-us/dr-kennedy-wong-distinguished-visiting-professorship-scheme@[658, 675, 696, 721, 727, 752, 777, 888, 894, 896, 914, 945, 964, 1149, 1218, 1368, 1462, 1540, 1669, 1745, 1869, 1933, 1991, 2016, 2045, 2673, 2785, 2894, 2994, 3230, 3402, 3406]@{}
http://www.sci.hkbu.edu.hk/eng/about-us/distinguished-professor-of-science/eng/page/?page=prospective-students@[658, 675, 696, 721, 727, 752, 777, 888, 894, 896, 914, 945, 964, 1149, 1218, 1368, 1462, 1540, 1669, 1745, 1869, 1933, 1991, 2016, 2045, 2382, 7910, 8082, 8086]@{}
http://www.sci.hkbu.edu.hk/eng/about-us/dr-kennedy-wong-distinguished-visiting-professorship-scheme/eng/page/?page=prospective-students@[658, 675, 696, 721, 727, 752, 777, 888, 894, 896, 914, 945, 964, 1149, 1218, 1368, 1462, 1540, 1669, 1745, 1869, 1933, 1991, 2016, 2045, 2382, 7910, 8082, 8086]@{}
http://www.sci.hkbu.edu.hk/eng/page/eng/about-us/vision-mission@[658, 675, 696, 721, 727, 752, 777, 888, 894, 896, 914, 945, 964, 1149, 1218, 1368, 1462, 1540, 1669, 1745, 1869, 1933, 1991, 2016, 2045, 2382, 7910, 8082, 8086]@{}
http://www.sci.hkbu.edu.hk/eng/page/eng/about-us/faculty-advisory-committee@[658, 675, 696, 721, 727, 752, 777, 888, 894, 896, 914, 945, 964, 1149, 1218, 1368, 1462, 1540, 1669, 1745, 1869, 1933, 1991, 2016, 2045, 2382, 7910, 8082, 8086]@{}
http://www.sci.hkbu.edu.hk/eng@[658, 675, 696, 721, 727, 752, 777, 888, 894, 896, 914, 945, 964, 1149, 1218, 1368, 1462, 1540, 1669, 1745, 1869, 1933, 1991, 2016, 2045, 2382, 7910, 8082, 8086]@{}
http://www.sci.hkbu.edu.hk/eng/about-us/vision-mission@[658, 675, 696, 721, 727, 752, 777, 888, 894, 896, 914, 945, 964, 1149, 1218, 1368, 1462, 1540, 1669, 1745, 1869, 1933, 1991, 2016, 2045, 3134, 3306, 3310]@{}
http://www.sci.hkbu.edu.hk/eng/about-us/faculty-advisory-committee@[658, 675, 696, 721, 727, 752, 777, 888, 894, 896, 914, 945, 964, 1149, 1218, 1368, 1462, 1540, 1669, 1745, 1869, 1933, 1991, 2016, 2045, 2780, 3888, 4060, 4064]@{}
http://www.sci.hkbu.edu.hk/eng/about-us/vision-mission/eng/page/?page=prospective-students@[658, 675, 696, 721, 727, 752, 777, 888, 894, 896, 914, 945, 964, 1149, 1218, 1368, 1462, 1540, 1669, 1745, 1869, 1933, 1991, 2016, 2045, 2382, 7910, 8082, 8086]@{}
http://www.sci.hkbu.edu.hk/eng/about-us/faculty-advisory-committee/eng/page/?page=prospective-students@[658, 675, 696, 721, 727, 752, 777, 888, 894, 896, 914, 945, 964, 1149, 1218, 1368, 1462, 1540, 1669, 1745, 1869, 1933, 1991, 2016, 2045, 2382, 7910, 8082, 8086]@{}
http://www.sci.hkbu.edu.hk/eng/about-us/distinguished-professorship@[658, 675, 696, 721, 727, 752, 777, 888, 894, 896, 914, 945, 964, 1149, 1218, 1368, 1462, 1540, 1669, 1745, 1869, 1933, 1991, 2016, 2045, 2779, 2951, 2955]@{}
