http://www.comp.hkbu.edu.hk@[61, 79, 94, 105, 106, 118, 126, 137, 138, 149, 158, 170, 195, 562, 2101, 2133, 2394, 3792, 3812, 3833, 3849, 4124, 4260, 4834, 4866, 5130, 5144, 5196, 5342, 5343, 5523, 5524, 5532, 5533, 5558, 5726, 5734, 5738, 5746, 6959, 6968, 6972, 6978, 6981, 7000, 7026, 7032]@{}
http://www.comp.hkbu.edu.hk/v1/?page=sci@[139, 147, 148, 161, 162, 175, 218, 230, 231, 236, 243, 244, 248, 259, 261, 266, 267, 275, 276, 285, 286, 295, 296, 305, 306, 315, 316, 324, 325, 332, 333, 340, 341, 435, 436, 443, 444, 452, 453, 460, 461, 469, 470, 478, 479, 486, 487, 495, 496, 504, 505, 511, 512, 520, 521, 531, 532, 544, 545, 554, 558, 570, 571, 583, 585, 594, 595, 623, 868, 876, 982, 1006, 2064, 2331, 4232, 4907, 4908, 4913, 4919, 4938, 4939, 4954, 4955, 4968, 4969, 4980, 4981, 4992, 4993, 5857, 5861, 5872, 5893, 5915, 5936, 5958, 7785, 8101, 8107, 8119, 8127, 8128, 8133, 8134, 8142, 8143, 8241, 8246, 8272, 8299, 8305]@{}
http://www.comp.hkbu.edu.hk/v1/?page=job_vacancies?=tc@[61, 79, 94, 105, 106, 118, 126, 137, 138, 149, 158, 170, 195, 562, 2101, 2133, 2394, 3798, 3818, 3839, 3855, 4130, 4266, 4830, 4862, 5126, 5140, 5192, 5338, 5339, 5519, 5520, 5528, 5529, 5554, 5722, 5730, 5734, 5742, 6935, 6944, 6948, 6954, 6957, 6976, 7002, 7008]@{}
http://www.comp.hkbu.edu.hk/v1/?page=job_vacancies?=sc@[61, 79, 94, 105, 106, 118, 126, 137, 138, 149, 158, 170, 195, 562, 2101, 2133, 2394, 3798, 3818, 3839, 3855, 4130, 4266, 4830, 4862, 5126, 5140, 5192, 5338, 5339, 5519, 5520, 5528, 5529, 5554, 5722, 5730, 5734, 5742, 6944, 6953, 6957, 6963, 6966, 6985, 7011, 7017]@{}
http://www.comp.hkbu.edu.hk/v1/?page=sitemap?=tc@[61, 79, 94, 105, 106, 118, 126, 137, 138, 149, 158, 170, 195, 562, 2101, 2133, 2394, 3798, 3818, 3839, 3855, 4129, 4265, 4826, 4858, 5122, 5136, 5188, 5334, 5335, 5515, 5516, 5524, 5525, 5550, 5718, 5726, 5730, 5738, 6947, 6956, 6960, 6966, 6969, 6988, 7014, 7020]@{}
http://www.comp.hkbu.edu.hk/v1/?page=sitemap?=sc@[61, 79, 94, 105, 106, 118, 126, 137, 138, 149, 158, 170, 195, 562, 2101, 2133, 2394, 3798, 3818, 3839, 3855, 4129, 4265, 4825, 4857, 5121, 5135, 5187, 5333, 5334, 5514, 5515, 5523, 5524, 5549, 5717, 5725, 5729, 5737, 6962, 6971, 6975, 6981, 6984, 7003, 7029, 7035]@{}
http://www.comp.hkbu.edu.hk/v1/?lang=sc@[61, 79, 94, 105, 106, 118, 126, 137, 138, 149, 158, 170, 195, 562, 2101, 2133, 2394, 3792, 3812, 3833, 3849, 4124, 4260, 4821, 4853, 5117, 5131, 5183, 5329, 5330, 5510, 5511, 5519, 5520, 5545, 5713, 5721, 5725, 5733, 6928, 6937, 6941, 6947, 6950, 6969, 6995, 7001]@{}
http://www.comp.hkbu.edu.hk/~alumni/news/../news/@[12, 22, 601, 640, 643, 5071, 5101, 5103, 5104, 5118]@{}
http://www.comp.hkbu.edu.hk/~alumni/news/../scholarship/@[12, 22, 903, 933, 935, 936, 950]@{}
http://www.comp.hkbu.edu.hk/~alumni/news/../donation/@[12, 22, 1393, 1423, 1425, 1426, 1440]@{}
http://www.comp.hkbu.edu.hk/v1/?page=job_vacancies?=tc?=tc@[61, 79, 94, 105, 106, 118, 126, 137, 138, 149, 158, 170, 195, 562, 2101, 2133, 2394, 3800, 3820, 3841, 3857, 4131, 4267, 4827, 4859, 5123, 5137, 5189, 5335, 5336, 5516, 5517, 5525, 5526, 5551, 5719, 5727, 5731, 5739, 6949, 6958, 6962, 6968, 6971, 6990, 7016, 7022]@{}
http://www.comp.hkbu.edu.hk/v1/?page=job_vacancies?=sc?=tc@[61, 79, 94, 105, 106, 118, 126, 137, 138, 149, 158, 170, 195, 562, 2101, 2133, 2394, 3800, 3820, 3841, 3857, 4131, 4267, 4837, 4869, 5133, 5147, 5199, 5345, 5346, 5526, 5527, 5535, 5536, 5561, 5729, 5737, 5741, 5749, 6978, 6987, 6991, 6997, 7000, 7019, 7045, 7051]@{}
http://www.comp.hkbu.edu.hk/v1/?page=sitemap?=tc?=tc@[61, 79, 94, 105, 106, 118, 126, 137, 138, 149, 158, 170, 195, 562, 2101, 2133, 2394, 3800, 3820, 3841, 3857, 4131, 4267, 4827, 4859, 5123, 5137, 5189, 5335, 5336, 5516, 5517, 5525, 5526, 5551, 5719, 5727, 5731, 5739, 6940, 6949, 6953, 6959, 6962, 6981, 7007, 7013]@{}
http://www.comp.hkbu.edu.hk/v1/?page=sitemap?=sc?=tc@[61, 79, 94, 105, 106, 118, 126, 137, 138, 149, 158, 170, 195, 562, 2101, 2133, 2394, 3800, 3820, 3841, 3857, 4131, 4267, 4841, 4873, 5137, 5151, 5203, 5349, 5350, 5530, 5531, 5539, 5540, 5565, 5733, 5741, 5745, 5753, 6967, 6976, 6980, 6986, 6989, 7008, 7034, 7040]@{}
http://www.comp.hkbu.edu.hk/v1/?page=home@[61, 79, 94, 105, 106, 118, 126, 137, 138, 149, 158, 170, 195, 562, 2101, 2133, 2394, 3796, 3816, 3837, 3853, 4127, 4263, 4819, 4851, 5115, 5129, 5181, 5327, 5328, 5508, 5509, 5517, 5518, 5543, 5711, 5719, 5723, 5731, 6932, 6941, 6945, 6951, 6954, 6973, 6999, 7005]@{}
http://www.comp.hkbu.edu.hk/~alumni/news/../news/../news/@[12, 22, 601, 640, 643, 5071, 5101, 5103, 5104, 5118]@{}
http://www.comp.hkbu.edu.hk/~alumni/news/../scholarship/../news/@[12, 22, 601, 640, 643, 5071, 5101, 5103, 5104, 5118]@{}
http://www.comp.hkbu.edu.hk/~alumni/news/../donation/../news/@[12, 22, 601, 640, 643, 5071, 5101, 5103, 5104, 5118]@{}
http://www.comp.hkbu.edu.hk/v1/?page=job_vacancies?=tc?=tc?=tc@[61, 79, 94, 105, 106, 118, 126, 137, 138, 149, 158, 170, 195, 562, 2101, 2133, 2394, 3802, 3822, 3843, 3859, 4134, 4270, 4841, 4873, 5137, 5151, 5203, 5349, 5350, 5530, 5531, 5539, 5540, 5565, 5733, 5741, 5745, 5753, 6975, 6984, 6988, 6994, 6997, 7016, 7042, 7048]@{}
http://www.comp.hkbu.edu.hk/v1/?page=job_vacancies?=sc?=tc?=tc@[61, 79, 94, 105, 106, 118, 126, 137, 138, 149, 158, 170, 195, 562, 2101, 2133, 2394, 3802, 3822, 3843, 3859, 4133, 4269, 4825, 4857, 5121, 5135, 5187, 5333, 5334, 5514, 5515, 5523, 5524, 5549, 5717, 5725, 5729, 5737, 6944, 6953, 6957, 6963, 6966, 6985, 7011, 7017]@{}
http://www.comp.hkbu.edu.hk/v1/?page=sitemap?=tc?=tc?=tc@[61, 79, 94, 105, 106, 118, 126, 137, 138, 149, 158, 170, 195, 562, 2101, 2133, 2394, 3802, 3822, 3843, 3859, 4134, 4270, 4831, 4863, 5127, 5141, 5193, 5339, 5340, 5520, 5521, 5529, 5530, 5555, 5723, 5731, 5735, 5743, 6972, 6981, 6985, 6991, 6994, 7013, 7039, 7045]@{}
http://www.comp.hkbu.edu.hk/v1/?page=sitemap?=sc?=tc?=tc@[61, 79, 94, 105, 106, 118, 126, 137, 138, 149, 158, 170, 195, 562, 2101, 2133, 2394, 3802, 3822, 3843, 3859, 4134, 4270, 4834, 4866, 5130, 5144, 5196, 5342, 5343, 5523, 5524, 5532, 5533, 5558, 5726, 5734, 5738, 5746, 6975, 6984, 6988, 6994, 6997, 7016, 7042, 7048]@{}
http://www.comp.hkbu.edu.hk/v1/?page=home?=tc@[61, 79, 94, 105, 106, 118, 126, 137, 138, 149, 158, 170, 195, 562, 2101, 2133, 2394, 3798, 3818, 3839, 3855, 4129, 4265, 4829, 4861, 5125, 5139, 5191, 5337, 5338, 5518, 5519, 5527, 5528, 5553, 5721, 5729, 5733, 5741, 6960, 6969, 6973, 6979, 6982, 7001, 7027, 7033]@{}
http://www.comp.hkbu.edu.hk/~alumni/news/../news/../news/../news/@[12, 22, 601, 640, 643, 5071, 5101, 5103, 5104, 5118]@{}
http://www.comp.hkbu.edu.hk/~alumni/news/../scholarship/../news/../news/@[12, 22, 601, 640, 643, 5071, 5101, 5103, 5104, 5118]@{}
http://www.comp.hkbu.edu.hk/~alumni/news/../donation/../news/../news/@[12, 22, 601, 640, 643, 5071, 5101, 5103, 5104, 5118]@{}
http://www.comp.hkbu.edu.hk/v1/?page=job_vacancies?=tc?=tc?=tc?=tc@[61, 79, 94, 105, 106, 118, 126, 137, 138, 149, 158, 170, 195, 562, 2101, 2133, 2394, 3804, 3824, 3845, 3861, 4136, 4272, 4842, 4874, 5138, 5152, 5204, 5350, 5351, 5531, 5532, 5540, 5541, 5566, 5734, 5742, 5746, 5754, 6955, 6964, 6968, 6974, 6977, 6996, 7022, 7028]@{}
http://www.comp.hkbu.edu.hk/v1/?page=job_vacancies?=sc?=tc?=tc?=tc@[61, 79, 94, 105, 106, 118, 126, 137, 138, 149, 158, 170, 195, 562, 2101, 2133, 2394, 3804, 3824, 3845, 3861, 4136, 4272, 4843, 4875, 5139, 5153, 5205, 5351, 5352, 5532, 5533, 5541, 5542, 5567, 5735, 5743, 5747, 5755, 6943, 6952, 6956, 6962, 6965, 6984, 7010, 7016]@{}
http://www.comp.hkbu.edu.hk/v1/?page=sitemap?=tc?=tc?=tc?=tc@[61, 79, 94, 105, 106, 118, 126, 137, 138, 149, 158, 170, 195, 562, 2101, 2133, 2394, 3804, 3824, 3845, 3861, 4135, 4271, 4831, 4863, 5127, 5141, 5193, 5339, 5340, 5520, 5521, 5529, 5530, 5555, 5723, 5731, 5735, 5743, 6961, 6970, 6974, 6980, 6983, 7002, 7028, 7034]@{}
http://www.comp.hkbu.edu.hk/v1/?page=sitemap?=sc?=tc?=tc?=tc@[61, 79, 94, 105, 106, 118, 126, 137, 138, 149, 158, 170, 195, 562, 2101, 2133, 2394, 3804, 3824, 3845, 3861, 4135, 4271, 4842, 4874, 5138, 5152, 5204, 5350, 5351, 5531, 5532, 5540, 5541, 5566, 5734, 5742, 5746, 5754, 6969, 6978, 6982, 6988, 6991, 7010, 7036, 7042]@{}
http://www.comp.hkbu.edu.hk/v1/?page=home?=tc?=tc@[61, 79, 94, 105, 106, 118, 126, 137, 138, 149, 158, 170, 195, 562, 2101, 2133, 2394, 3800, 3820, 3841, 3857, 4131, 4267, 4831, 4863, 5127, 5141, 5193, 5339, 5340, 5520, 5521, 5529, 5530, 5555, 5723, 5731, 5735, 5743, 6943, 6952, 6956, 6962, 6965, 6984, 7010, 7016]@{}
http://www.comp.hkbu.edu.hk/~alumni/news/../news/../news/../news/../news/@[12, 22, 601, 640, 643, 5071, 5101, 5103, 5104, 5118]@{}
http://www.comp.hkbu.edu.hk/v1/?page=alumni@[22, 32, 168, 198, 200, 201, 215]@{}
http://www.comp.hkbu.edu.hk/~alumni/news/../scholarship/../news/../news/../news/@[12, 22, 601, 640, 643, 5071, 5101, 5103, 5104, 5118]@{}
http://www.comp.hkbu.edu.hk/~alumni/news/../donation/../news/../news/../news/@[12, 22, 601, 640, 643, 5071, 5101, 5103, 5104, 5118]@{}
http://www.comp.hkbu.edu.hk/v1/?page=job_vacancies?=tc?=tc?=tc?=tc?=tc@[61, 79, 94, 105, 106, 118, 126, 137, 138, 149, 158, 170, 195, 562, 2101, 2133, 2394, 3806, 3826, 3847, 3863, 4138, 4274, 4845, 4877, 5141, 5155, 5207, 5353, 5354, 5534, 5535, 5543, 5544, 5569, 5737, 5745, 5749, 5757, 6950, 6959, 6963, 6969, 6972, 6991, 7017, 7023]@{}
http://www.comp.hkbu.edu.hk/v1/?page=job_vacancies?=sc?=tc?=tc?=tc?=tc@[61, 79, 94, 105, 106, 118, 126, 137, 138, 149, 158, 170, 195, 562, 2101, 2133, 2394, 3806, 3826, 3847, 3863, 4137, 4273, 4830, 4862, 5126, 5140, 5192, 5338, 5339, 5519, 5520, 5528, 5529, 5554, 5722, 5730, 5734, 5742, 6952, 6961, 6965, 6971, 6974, 6993, 7019, 7025]@{}
http://www.comp.hkbu.edu.hk/v1/?page=sitemap?=tc?=tc?=tc?=tc?=tc@[61, 79, 94, 105, 106, 118, 126, 137, 138, 149, 158, 170, 195, 562, 2101, 2133, 2394, 3806, 3826, 3847, 3863, 4138, 4274, 4838, 4870, 5134, 5148, 5200, 5346, 5347, 5527, 5528, 5536, 5537, 5562, 5730, 5738, 5742, 5750, 6972, 6981, 6985, 6991, 6994, 7013, 7039, 7045]@{}
http://www.comp.hkbu.edu.hk/v1/?page=sitemap?=sc?=tc?=tc?=tc?=tc@[61, 79, 94, 105, 106, 118, 126, 137, 138, 149, 158, 170, 195, 562, 2101, 2133, 2394, 3806, 3826, 3847, 3863, 4137, 4273, 4844, 4876, 5140, 5154, 5206, 5352, 5353, 5533, 5534, 5542, 5543, 5568, 5736, 5744, 5748, 5756, 6957, 6966, 6970, 6976, 6979, 6998, 7024, 7030]@{}
http://www.comp.hkbu.edu.hk/v1/?page=home?=tc?=tc?=tc@[61, 79, 94, 105, 106, 118, 126, 137, 138, 149, 158, 170, 195, 562, 2101, 2133, 2394, 3802, 3822, 3843, 3859, 4133, 4269, 4829, 4861, 5125, 5139, 5191, 5337, 5338, 5518, 5519, 5527, 5528, 5553, 5721, 5729, 5733, 5741, 6957, 6966, 6970, 6976, 6979, 6998, 7024, 7030]@{}
http://www.comp.hkbu.edu.hk/~alumni/news/../news/../news/../news/../news/../news/@[12, 22, 601, 640, 643, 5071, 5101, 5103, 5104, 5118]@{}
http://www.comp.hkbu.edu.hk/~alumni/news/../scholarship/../news/../news/../news/../news/@[12, 22, 601, 640, 643, 5071, 5101, 5103, 5104, 5118]@{}
http://www.comp.hkbu.edu.hk/~alumni/news/../donation/../news/../news/../news/../news/@[12, 22, 601, 640, 643, 5071, 5101, 5103, 5104, 5118]@{}
http://www.comp.hkbu.edu.hk/v1/?page=job_vacancies@[61, 79, 94, 105, 106, 118, 1649, 1681, 1942, 3344, 3364, 3385, 3401, 3676, 3812, 4473, 4479, 4482, 4501, 4527, 4533]@{}
http://www.comp.hkbu.edu.hk/v1/?page=job_vacancies?=tc?=tc?=tc?=tc?=tc?=tc@[61, 79, 94, 105, 106, 118, 126, 137, 138, 149, 158, 170, 195, 562, 2101, 2133, 2394, 3808, 3828, 3849, 3865, 4140, 4276, 4833, 4865, 5129, 5143, 5195, 5341, 5342, 5522, 5523, 5531, 5532, 5557, 5725, 5733, 5737, 5745, 6947, 6956, 6960, 6966, 6969, 6988, 7014, 7020]@{}
http://www.comp.hkbu.edu.hk/v1/?page=job_vacancies?=sc?=tc?=tc?=tc?=tc?=tc@[61, 79, 94, 105, 106, 118, 126, 137, 138, 149, 158, 170, 195, 562, 2101, 2133, 2394, 3808, 3828, 3849, 3865, 4139, 4275, 4832, 4864, 5128, 5142, 5194, 5340, 5341, 5521, 5522, 5530, 5531, 5556, 5724, 5732, 5736, 5744, 6974, 6983, 6987, 6993, 6996, 7015, 7041, 7047]@{}
http://www.comp.hkbu.edu.hk/v1/?page=sitemap?=tc?=tc?=tc?=tc?=tc?=tc@[61, 79, 94, 105, 106, 118, 126, 137, 138, 149, 158, 170, 195, 562, 2101, 2133, 2394, 3808, 3828, 3849, 3865, 4139, 4275, 4836, 4868, 5132, 5146, 5198, 5344, 5345, 5525, 5526, 5534, 5535, 5560, 5728, 5736, 5740, 5748, 6964, 6973, 6977, 6983, 6986, 7005, 7031, 7037]@{}
http://www.comp.hkbu.edu.hk/v1/?page=sitemap?=sc?=tc?=tc?=tc?=tc?=tc@[61, 79, 94, 105, 106, 118, 126, 137, 138, 149, 158, 170, 195, 562, 2101, 2133, 2394, 3808, 3828, 3849, 3865, 4140, 4276, 4854, 4886, 5150, 5164, 5216, 5362, 5363, 5543, 5544, 5552, 5553, 5578, 5746, 5754, 5758, 5766, 6974, 6983, 6987, 6993, 6996, 7015, 7041, 7047]@{}
http://www.comp.hkbu.edu.hk/v1/?page=home?=tc?=tc?=tc?=tc@[61, 79, 94, 105, 106, 118, 126, 137, 138, 149, 158, 170, 195, 562, 2101, 2133, 2394, 3804, 3824, 3845, 3861, 4136, 4272, 4835, 4867, 5131, 5145, 5197, 5343, 5344, 5524, 5525, 5533, 5534, 5559, 5727, 5735, 5739, 5747, 6958, 6967, 6971, 6977, 6980, 6999, 7025, 7031]@{}
http://www.comp.hkbu.edu.hk/~alumni/news/../news/../news/../news/../news/../news/../news/@[12, 22, 601, 640, 643, 5071, 5101, 5103, 5104, 5118]@{}
http://www.comp.hkbu.edu.hk/~alumni/news/../scholarship/../news/../news/../news/../news/../news/@[12, 22, 601, 640, 643, 5071, 5101, 5103, 5104, 5118]@{}
http://www.comp.hkbu.edu.hk/~alumni/news/../donation/../news/../news/../news/../news/../news/@[12, 22, 601, 640, 643, 5071, 5101, 5103, 5104, 5118]@{}
http://www.comp.hkbu.edu.hk/v1/?page=job_vacancies?=tc?=tc?=tc?=tc?=tc?=tc?=tc@[61, 79, 94, 105, 106, 118, 126, 137, 138, 149, 158, 170, 195, 562, 2101, 2133, 2394, 3810, 3830, 3851, 3867, 4142, 4278, 4837, 4869, 5133, 5147, 5199, 5345, 5346, 5526, 5527, 5535, 5536, 5561, 5729, 5737, 5741, 5749, 6946, 6955, 6959, 6965, 6968, 6987, 7013, 7019]@{}
http://www.comp.hkbu.edu.hk/v1/?page=job_vacancies?=sc?=tc?=tc?=tc?=tc?=tc?=tc@[61, 79, 94, 105, 106, 118, 126, 137, 138, 149, 158, 170, 195, 562, 2101, 2133, 2394, 3810, 3830, 3851, 3867, 4142, 4278, 4834, 4866, 5130, 5144, 5196, 5342, 5343, 5523, 5524, 5532, 5533, 5558, 5726, 5734, 5738, 5746, 6966, 6975, 6979, 6985, 6988, 7007, 7033, 7039]@{}
http://www.comp.hkbu.edu.hk/v1/?page=sitemap?=tc?=tc?=tc?=tc?=tc?=tc?=tc@[61, 79, 94, 105, 106, 118, 126, 137, 138, 149, 158, 170, 195, 562, 2101, 2133, 2394, 3810, 3830, 3851, 3867, 4141, 4277, 4836, 4868, 5132, 5146, 5198, 5344, 5345, 5525, 5526, 5534, 5535, 5560, 5728, 5736, 5740, 5748, 6946, 6955, 6959, 6965, 6968, 6987, 7013, 7019]@{}
http://www.comp.hkbu.edu.hk/v1/?page=sitemap?=sc?=tc?=tc?=tc?=tc?=tc?=tc@[61, 79, 94, 105, 106, 118, 126, 137, 138, 149, 158, 170, 195, 562, 2101, 2133, 2394, 3810, 3830, 3851, 3867, 4141, 4277, 4838, 4870, 5134, 5148, 5200, 5346, 5347, 5527, 5528, 5536, 5537, 5562, 5730, 5738, 5742, 5750, 6967, 6976, 6980, 6986, 6989, 7008, 7034, 7040]@{}
http://www.comp.hkbu.edu.hk/v1/?page=home?=tc?=tc?=tc?=tc?=tc@[61, 79, 94, 105, 106, 118, 126, 137, 138, 149, 158, 170, 195, 562, 2101, 2133, 2394, 3806, 3826, 3847, 3863, 4138, 4274, 4838, 4870, 5134, 5148, 5200, 5346, 5347, 5527, 5528, 5536, 5537, 5562, 5730, 5738, 5742, 5750, 6971, 6980, 6984, 6990, 6993, 7012, 7038, 7044]@{}
http://www.comp.hkbu.edu.hk/~alumni/news/../news/../news/../news/../news/../news/../news/../news/@[12, 22, 601, 640, 643, 5071, 5101, 5103, 5104, 5118]@{}
http://www.comp.hkbu.edu.hk/~alumni/news/../scholarship/../news/../news/../news/../news/../news/../news/@[12, 22, 601, 640, 643, 5071, 5101, 5103, 5104, 5118]@{}
http://www.comp.hkbu.edu.hk/~alumni/news/../donation/../news/../news/../news/../news/../news/../news/@[12, 22, 601, 640, 643, 5071, 5101, 5103, 5104, 5118]@{}
http://www.comp.hkbu.edu.hk/v1/?page=job_vacancies?=tc?=tc?=tc?=tc?=tc?=tc?=tc?=tc@[61, 79, 94, 105, 106, 118, 126, 137, 138, 149, 158, 170, 195, 562, 2101, 2133, 2394, 3812, 3832, 3853, 3869, 4144, 4280, 4853, 4885, 5149, 5163, 5215, 5361, 5362, 5542, 5543, 5551, 5552, 5577, 5745, 5753, 5757, 5765, 6989, 6998, 7002, 7008, 7011, 7030, 7056, 7062]@{}
http://www.comp.hkbu.edu.hk/v1/?page=job_vacancies?=sc?=tc?=tc?=tc?=tc?=tc?=tc?=tc@[61, 79, 94, 105, 106, 118, 126, 137, 138, 149, 158, 170, 195, 562, 2101, 2133, 2394, 3812, 3832, 3853, 3869, 4144, 4280, 4837, 4869, 5133, 5147, 5199, 5345, 5346, 5526, 5527, 5535, 5536, 5561, 5729, 5737, 5741, 5749, 6968, 6977, 6981, 6987, 6990, 7009, 7035, 7041]@{}
http://www.comp.hkbu.edu.hk/v1/?page=sitemap?=tc?=tc?=tc?=tc?=tc?=tc?=tc?=tc@[61, 79, 94, 105, 106, 118, 126, 137, 138, 149, 158, 170, 195, 562, 2101, 2133, 2394, 3812, 3832, 3853, 3869, 4144, 4280, 4840, 4872, 5136, 5150, 5202, 5348, 5349, 5529, 5530, 5538, 5539, 5564, 5732, 5740, 5744, 5752, 6959, 6968, 6972, 6978, 6981, 7000, 7026, 7032]@{}
http://www.comp.hkbu.edu.hk/v1/?page=sitemap?=sc?=tc?=tc?=tc?=tc?=tc?=tc?=tc@[61, 79, 94, 105, 106, 118, 126, 137, 138, 149, 158, 170, 195, 562, 2101, 2133, 2394, 3812, 3832, 3853, 3869, 4144, 4280, 4854, 4886, 5150, 5164, 5216, 5362, 5363, 5543, 5544, 5552, 5553, 5578, 5746, 5754, 5758, 5766, 6967, 6976, 6980, 6986, 6989, 7008, 7034, 7040]@{}
http://www.comp.hkbu.edu.hk/v1/?page=sitemap@[61, 79, 94, 105, 106, 118, 1647, 1679, 1940, 3342, 3362, 3383, 3399, 3673, 3809, 5833, 5839, 5842, 5861, 5887, 5893]@{}
http://www.comp.hkbu.edu.hk/v1/?page=home?=tc?=tc?=tc?=tc?=tc?=tc@[61, 79, 94, 105, 106, 118, 126, 137, 138, 149, 158, 170, 195, 562, 2101, 2133, 2394, 3808, 3828, 3849, 3865, 4139, 4275, 4839, 4871, 5135, 5149, 5201, 5347, 5348, 5528, 5529, 5537, 5538, 5563, 5731, 5739, 5743, 5751, 6967, 6976, 6980, 6986, 6989, 7008, 7034, 7040]@{}
http://www.comp.hkbu.edu.hk/~alumni/news/../news/../news/../news/../news/../news/../news/../news/../news/@[12, 22, 601, 640, 643, 5071, 5101, 5103, 5104, 5118]@{}
http://www.comp.hkbu.edu.hk/~alumni/news/../scholarship/../news/../news/../news/../news/../news/../news/../news/@[12, 22, 601, 640, 643, 5071, 5101, 5103, 5104, 5118]@{}
http://www.comp.hkbu.edu.hk/~alumni/news/../donation/../news/../news/../news/../news/../news/../news/../news/@[12, 22, 601, 640, 643, 5071, 5101, 5103, 5104, 5118]@{}
http://www.comp.hkbu.edu.hk/v1/?page=job_vacancies?=tc?=tc?=tc?=tc?=tc?=tc?=tc?=tc?=tc@[61, 79, 94, 105, 106, 118, 126, 137, 138, 149, 158, 170, 195, 562, 2101, 2133, 2394, 3814, 3834, 3855, 3871, 4146, 4282, 4853, 4885, 5149, 5163, 5215, 5361, 5362, 5542, 5543, 5551, 5552, 5577, 5745, 5753, 5757, 5765, 6963, 6972, 6976, 6982, 6985, 7004, 7030, 7036]@{}
http://www.comp.hkbu.edu.hk/v1/?page=job_vacancies?=sc?=tc?=tc?=tc?=tc?=tc?=tc?=tc?=tc@[61, 79, 94, 105, 106, 118, 126, 137, 138, 149, 158, 170, 195, 562, 2101, 2133, 2394, 3814, 3834, 3855, 3871, 4146, 4282, 4852, 4884, 5148, 5162, 5214, 5360, 5361, 5541, 5542, 5550, 5551, 5576, 5744, 5752, 5756, 5764, 6975, 6984, 6988, 6994, 6997, 7016, 7042, 7048]@{}
http://www.comp.hkbu.edu.hk/v1/?page=sitemap?=tc?=tc?=tc?=tc?=tc?=tc?=tc?=tc?=tc@[61, 79, 94, 105, 106, 118, 126, 137, 138, 149, 158, 170, 195, 562, 2101, 2133, 2394, 3814, 3834, 3855, 3871, 4145, 4281, 4837, 4869, 5133, 5147, 5199, 5345, 5346, 5526, 5527, 5535, 5536, 5561, 5729, 5737, 5741, 5749, 6943, 6952, 6956, 6962, 6965, 6984, 7010, 7016]@{}
http://www.comp.hkbu.edu.hk/v1/?page=sitemap?=sc?=tc?=tc?=tc?=tc?=tc?=tc?=tc?=tc@[61, 79, 94, 105, 106, 118, 126, 137, 138, 149, 158, 170, 195, 562, 2101, 2133, 2394, 3814, 3834, 3855, 3871, 4145, 4281, 4855, 4887, 5151, 5165, 5217, 5363, 5364, 5544, 5545, 5553, 5554, 5579, 5747, 5755, 5759, 5767, 6969, 6978, 6982, 6988, 6991, 7010, 7036, 7042]@{}
http://www.comp.hkbu.edu.hk/v1/?lang=tc@[61, 79, 94, 105, 106, 118, 126, 137, 138, 149, 158, 170, 195, 562, 2101, 2133, 2394, 3792, 3812, 3833, 3849, 4123, 4259, 4837, 4869, 5133, 5147, 5199, 5345, 5346, 5526, 5527, 5535, 5536, 5561, 5729, 5737, 5741, 5749, 6971, 6980, 6984, 6990, 6993, 7012, 7038, 7044]@{}
http://www.comp.hkbu.edu.hk/~alumni/news/@[12, 22, 601, 640, 643, 5071, 5101, 5103, 5104, 5118]@{}
http://www.sci.hkbu.edu.hk/eng/page/?page=prospective-students@[139, 147, 148, 161, 162, 175, 218, 230, 231, 236, 243, 244, 248, 259, 261, 266, 267, 275, 276, 285, 286, 295, 296, 305, 306, 315, 316, 324, 325, 332, 333, 340, 341, 435, 436, 443, 444, 452, 453, 460, 461, 469, 470, 478, 479, 486, 487, 495, 496, 504, 505, 511, 512, 520, 521, 531, 532, 544, 545, 554, 558, 570, 571, 583, 585, 594, 595, 623, 868, 876, 982, 1006, 2064, 2331, 3320, 3330, 3646, 3652, 3664, 3672, 3673, 3678, 3679, 3687, 3688, 3786, 3791, 3817, 3844, 3850]@{}
http://www.sci.hkbu.edu.hk/eng/page/?page=current-students@[139, 147, 148, 161, 162, 175, 218, 230, 231, 236, 243, 244, 248, 259, 261, 266, 267, 275, 276, 285, 286, 295, 296, 305, 306, 315, 316, 324, 325, 332, 333, 340, 341, 435, 436, 443, 444, 452, 453, 460, 461, 469, 470, 478, 479, 486, 487, 495, 496, 504, 505, 511, 512, 520, 521, 531, 532, 544, 545, 554, 558, 570, 571, 583, 585, 594, 595, 623, 868, 876, 982, 1006, 2064, 2331, 2932, 2963, 2976, 2986, 3302, 3308, 3320, 3328, 3329, 3334, 3335, 3343, 3344, 3442, 3447, 3473, 3500, 3506]@{}
http://www.sci.hkbu.edu.hk/eng/page/@[139, 147, 148, 161, 162, 175, 218, 230, 231, 236, 243, 244, 248, 259, 261, 266, 267, 275, 276, 285, 286, 295, 296, 305, 306, 315, 316, 324, 325, 332, 333, 340, 341, 435, 436, 443, 444, 452, 453, 460, 461, 469, 470, 478, 479, 486, 487, 495, 496, 504, 505, 511, 512, 520, 521, 531, 532, 544, 545, 554, 558, 570, 571, 583, 585, 594, 595, 623, 868, 876, 982, 1006, 2064, 2331, 3079, 3089, 3405, 3411, 3423, 3431, 3432, 3437, 3438, 3446, 3447, 3545, 3550, 3576, 3603, 3609]@{}
http://www.sci.hkbu.edu.hk/eng/about-us/honorary-doctorate@[139, 147, 148, 161, 162, 175, 218, 230, 231, 236, 243, 244, 248, 259, 261, 266, 267, 275, 276, 285, 286, 295, 296, 305, 306, 315, 316, 324, 325, 332, 333, 340, 341, 435, 436, 443, 444, 452, 453, 460, 461, 469, 470, 478, 479, 486, 487, 495, 496, 504, 505, 511, 512, 520, 521, 531, 532, 544, 545, 554, 558, 570, 571, 583, 585, 594, 595, 623, 868, 876, 982, 1006, 2064, 2331, 3610, 3620, 3936, 3942, 3954, 3962, 3963, 3968, 3969, 3977, 3978, 4076, 4081, 4107, 4134, 4140]@{}
http://www.sci.hkbu.edu.hk/eng/about-us/distinguished-professorship/eng/page/?page=prospective-students@[139, 147, 148, 161, 162, 175, 218, 230, 231, 236, 243, 244, 248, 259, 261, 266, 267, 275, 276, 285, 286, 295, 296, 305, 306, 315, 316, 324, 325, 332, 333, 340, 341, 435, 436, 443, 444, 452, 453, 460, 461, 469, 470, 478, 479, 486, 487, 495, 496, 504, 505, 511, 512, 520, 521, 531, 532, 544, 545, 554, 558, 570, 571, 583, 585, 594, 595, 623, 868, 876, 982, 1006, 2064, 2331, 4232, 4907, 4908, 4913, 4919, 4938, 4939, 4954, 4955, 4968, 4969, 4980, 4981, 4992, 4993, 5857, 5861, 5872, 5893, 5915, 5936, 5958, 7785, 8101, 8107, 8119, 8127, 8128, 8133, 8134, 8142, 8143, 8241, 8246, 8272, 8299, 8305]@{}
http://www.sci.hkbu.edu.hk/eng/about-us/honorary-doctorate/eng/page/?page=prospective-students@[139, 147, 148, 161, 162, 175, 218, 230, 231, 236, 243, 244, 248, 259, 261, 266, 267, 275, 276, 285, 286, 295, 296, 305, 306, 315, 316, 324, 325, 332, 333, 340, 341, 435, 436, 443, 444, 452, 453, 460, 461, 469, 470, 478, 479, 486, 487, 495, 496, 504, 505, 511, 512, 520, 521, 531, 532, 544, 545, 554, 558, 570, 571, 583, 585, 594, 595, 623, 868, 876, 982, 1006, 2064, 2331, 4232, 4907, 4908, 4913, 4919, 4938, 4939, 4954, 4955, 4968, 4969, 4980, 4981, 4992, 4993, 5857, 5861, 5872, 5893, 5915, 5936, 5958, 7785, 8101, 8107, 8119, 8127, 8128, 8133, 8134, 8142, 8143, 8241, 8246, 8272, 8299, 8305]@{}
http://www.sci.hkbu.edu.hk/eng/about-us/distinguished-professor-of-science@[139, 147, 148, 161, 162, 175, 218, 230, 231, 236, 243, 244, 248, 259, 261, 266, 267, 275, 276, 285, 286, 295, 296, 305, 306, 315, 316, 324, 325, 332, 333, 340, 341, 435, 436, 443, 444, 452, 453, 460, 461, 469, 470, 478, 479, 486, 487, 495, 496, 504, 505, 511, 512, 520, 521, 531, 532, 544, 545, 554, 558, 570, 571, 583, 585, 594, 595, 623, 868, 876, 982, 1006, 2064, 2331, 3426, 3436, 3752, 3758, 3770, 3778, 3779, 3784, 3785, 3793, 3794, 3892, 3897, 3923, 3950, 3956]@{}
http://www.sci.hkbu.edu.hk/eng/about-us/dr-kennedy-wong-distinguished-visiting-professorship-scheme@[139, 147, 148, 161, 162, 175, 218, 230, 231, 236, 243, 244, 248, 259, 261, 266, 267, 275, 276, 285, 286, 295, 296, 305, 306, 315, 316, 324, 325, 332, 333, 340, 341, 435, 436, 443, 444, 452, 453, 460, 461, 469, 470, 478, 479, 486, 487, 495, 496, 504, 505, 511, 512, 520, 521, 531, 532, 544, 545, 554, 558, 570, 571, 583, 585, 594, 595, 623, 868, 876, 982, 1006, 2064, 2331, 3095, 3105, 3421, 3427, 3439, 3447, 3448, 3453, 3454, 3462, 3463, 3561, 3566, 3592, 3619, 3625]@{}
http://www.sci.hkbu.edu.hk/eng/about-us/distinguished-professor-of-science/eng/page/?page=prospective-students@[139, 147, 148, 161, 162, 175, 218, 230, 231, 236, 243, 244, 248, 259, 261, 266, 267, 275, 276, 285, 286, 295, 296, 305, 306, 315, 316, 324, 325, 332, 333, 340, 341, 435, 436, 443, 444, 452, 453, 460, 461, 469, 470, 478, 479, 486, 487, 495, 496, 504, 505, 511, 512, 520, 521, 531, 532, 544, 545, 554, 558, 570, 571, 583, 585, 594, 595, 623, 868, 876, 982, 1006, 2064, 2331, 4232, 4907, 4908, 4913, 4919, 4938, 4939, 4954, 4955, 4968, 4969, 4980, 4981, 4992, 4993, 5857, 5861, 5872, 5893, 5915, 5936, 5958, 7785, 8101, 8107, 8119, 8127, 8128, 8133, 8134, 8142, 8143, 8241, 8246, 8272, 8299, 8305]@{}
http://www.sci.hkbu.edu.hk/eng/about-us/dr-kennedy-wong-distinguished-visiting-professorship-scheme/eng/page/?page=prospective-students@[139, 147, 148, 161, 162, 175, 218, 230, 231, 236, 243, 244, 248, 259, 261, 266, 267, 275, 276, 285, 286, 295, 296, 305, 306, 315, 316, 324, 325, 332, 333, 340, 341, 435, 436, 443, 444, 452, 453, 460, 461, 469, 470, 478, 479, 486, 487, 495, 496, 504, 505, 511, 512, 520, 521, 531, 532, 544, 545, 554, 558, 570, 571, 583, 585, 594, 595, 623, 868, 876, 982, 1006, 2064, 2331, 4232, 4907, 4908, 4913, 4919, 4938, 4939, 4954, 4955, 4968, 4969, 4980, 4981, 4992, 4993, 5857, 5861, 5872, 5893, 5915, 5936, 5958, 7785, 8101, 8107, 8119, 8127, 8128, 8133, 8134, 8142, 8143, 8241, 8246, 8272, 8299, 8305]@{}
http://www.sci.hkbu.edu.hk/eng/page/eng/about-us/vision-mission@[139, 147, 148, 161, 162, 175, 218, 230, 231, 236, 243, 244, 248, 259, 261, 266, 267, 275, 276, 285, 286, 295, 296, 305, 306, 315, 316, 324, 325, 332, 333, 340, 341, 435, 436, 443, 444, 452, 453, 460, 461, 469, 470, 478, 479, 486, 487, 495, 496, 504, 505, 511, 512, 520, 521, 531, 532, 544, 545, 554, 558, 570, 571, 583, 585, 594, 595, 623, 868, 876, 982, 1006, 2064, 2331, 4232, 4907, 4908, 4913, 4919, 4938, 4939, 4954, 4955, 4968, 4969, 4980, 4981, 4992, 4993, 5857, 5861, 5872, 5893, 5915, 5936, 5958, 7785, 8101, 8107, 8119, 8127, 8128, 8133, 8134, 8142, 8143, 8241, 8246, 8272, 8299, 8305]@{}
http://www.sci.hkbu.edu.hk/eng/page/eng/about-us/faculty-advisory-committee@[139, 147, 148, 161, 162, 175, 218, 230, 231, 236, 243, 244, 248, 259, 261, 266, 267, 275, 276, 285, 286, 295, 296, 305, 306, 315, 316, 324, 325, 332, 333, 340, 341, 435, 436, 443, 444, 452, 453, 460, 461, 469, 470, 478, 479, 486, 487, 495, 496, 504, 505, 511, 512, 520, 521, 531, 532, 544, 545, 554, 558, 570, 571, 583, 585, 594, 595, 623, 868, 876, 982, 1006, 2064, 2331, 4232, 4907, 4908, 4913, 4919, 4938, 4939, 4954, 4955, 4968, 4969, 4980, 4981, 4992, 4993, 5857, 5861, 5872, 5893, 5915, 5936, 5958, 7785, 8101, 8107, 8119, 8127, 8128, 8133, 8134, 8142, 8143, 8241, 8246, 8272, 8299, 8305]@{}
http://www.sci.hkbu.edu.hk/eng@[139, 147, 148, 161, 162, 175, 218, 230, 231, 236, 243, 244, 248, 259, 261, 266, 267, 275, 276, 285, 286, 295, 296, 305, 306, 315, 316, 324, 325, 332, 333, 340, 341, 435, 436, 443, 444, 452, 453, 460, 461, 469, 470, 478, 479, 486, 487, 495, 496, 504, 505, 511, 512, 520, 521, 531, 532, 544, 545, 554, 558, 570, 571, 583, 585, 594, 595, 623, 868, 876, 982, 1006, 2064, 2331, 4232, 4907, 4908, 4913, 4919, 4938, 4939, 4954, 4955, 4968, 4969, 4980, 4981, 4992, 4993, 5857, 5861, 5872, 5893, 5915, 5936, 5958, 7785, 8101, 8107, 8119, 8127, 8128, 8133, 8134, 8142, 8143, 8241, 8246, 8272, 8299, 8305]@{}
http://www.sci.hkbu.edu.hk/eng/about-us/vision-mission@[139, 147, 148, 161, 162, 175, 218, 230, 231, 236, 243, 244, 248, 259, 261, 266, 267, 275, 276, 285, 286, 295, 296, 305, 306, 315, 316, 324, 325, 332, 333, 340, 341, 435, 436, 443, 444, 452, 453, 460, 461, 469, 470, 478, 479, 486, 487, 495, 496, 504, 505, 511, 512, 520, 521, 531, 532, 544, 545, 554, 558, 570, 571, 583, 585, 594, 595, 623, 868, 876, 982, 1006, 2064, 2331, 2999, 3009, 3325, 3331, 3343, 3351, 3352, 3357, 3358, 3366, 3367, 3465, 3470, 3496, 3523, 3529]@{}
http://www.sci.hkbu.edu.hk/eng/about-us/faculty-advisory-committee@[139, 147, 148, 161, 162, 175, 218, 230, 231, 236, 243, 244, 248, 259, 261, 266, 267, 275, 276, 285, 286, 295, 296, 305, 306, 315, 316, 324, 325, 332, 333, 340, 341, 435, 436, 443, 444, 452, 453, 460, 461, 469, 470, 478, 479, 486, 487, 495, 496, 504, 505, 511, 512, 520, 521, 531, 532, 544, 545, 554, 558, 570, 571, 583, 585, 594, 595, 623, 868, 876, 982, 1006, 2064, 2331, 3753, 3763, 4079, 4085, 4097, 4105, 4106, 4111, 4112, 4120, 4121, 4219, 4224, 4250, 4277, 4283]@{}
http://www.sci.hkbu.edu.hk/eng/about-us/vision-mission/eng/page/?page=prospective-students@[139, 147, 148, 161, 162, 175, 218, 230, 231, 236, 243, 244, 248, 259, 261, 266, 267, 275, 276, 285, 286, 295, 296, 305, 306, 315, 316, 324, 325, 332, 333, 340, 341, 435, 436, 443, 444, 452, 453, 460, 461, 469, 470, 478, 479, 486, 487, 495, 496, 504, 505, 511, 512, 520, 521, 531, 532, 544, 545, 554, 558, 570, 571, 583, 585, 594, 595, 623, 868, 876, 982, 1006, 2064, 2331, 4232, 4907, 4908, 4913, 4919, 4938, 4939, 4954, 4955, 4968, 4969, 4980, 4981, 4992, 4993, 5857, 5861, 5872, 5893, 5915, 5936, 5958, 7785, 8101, 8107, 8119, 8127, 8128, 8133, 8134, 8142, 8143, 8241, 8246, 8272, 8299, 8305]@{}
http://www.sci.hkbu.edu.hk/eng/about-us/faculty-advisory-committee/eng/page/?page=prospective-students@[139, 147, 148, 161, 162, 175, 218, 230, 231, 236, 243, 244, 248, 259, 261, 266, 267, 275, 276, 285, 286, 295, 296, 305, 306, 315, 316, 324, 325, 332, 333, 340, 341, 435, 436, 443, 444, 452, 453, 460, 461, 469, 470, 478, 479, 486, 487, 495, 496, 504, 505, 511, 512, 520, 521, 531, 532, 544, 545, 554, 558, 570, 571, 583, 585, 594, 595, 623, 868, 876, 982, 1006, 2064, 2331, 4232, 4907, 4908, 4913, 4919, 4938, 4939, 4954, 4955, 4968, 4969, 4980, 4981, 4992, 4993, 5857, 5861, 5872, 5893, 5915, 5936, 5958, 7785, 8101, 8107, 8119, 8127, 8128, 8133, 8134, 8142, 8143, 8241, 8246, 8272, 8299, 8305]@{}
http://www.sci.hkbu.edu.hk/eng/about-us/distinguished-professorship@[139, 147, 148, 161, 162, 175, 218, 230, 231, 236, 243, 244, 248, 259, 261, 266, 267, 275, 276, 285, 286, 295, 296, 305, 306, 315, 316, 324, 325, 332, 333, 340, 341, 435, 436, 443, 444, 452, 453, 460, 461, 469, 470, 478, 479, 486, 487, 495, 496, 504, 505, 511, 512, 520, 521, 531, 532, 544, 545, 554, 558, 570, 571, 583, 585, 594, 595, 623, 868, 876, 982, 1006, 2064, 2331, 2621, 2630, 2644, 2654, 2970, 2976, 2988, 2996, 2997, 3002, 3003, 3011, 3012, 3110, 3115, 3141, 3168, 3174]@{}
