http://www.comp.hkbu.edu.hk@[5251, 5272, 5293, 5314, 5333, 5363, 5386, 5410, 5436, 5459]@{}
http://www.comp.hkbu.edu.hk/v1/?page=sci@[5174, 5191, 5204, 5217, 5230, 5243, 5251, 5255, 5260, 5266, 5277, 5285, 5289, 5294, 5300, 5311, 5319, 5323, 5328, 5334, 5345, 5353, 5357, 5362, 5368, 5379, 5387, 5391, 5396, 5402, 5413, 5418, 5422, 5443, 5448, 5452, 5473, 5478, 5482, 5503, 5508, 5512, 5533, 5538, 5542, 5809, 5874, 5895, 5917, 5938, 5960]@{}
http://www.comp.hkbu.edu.hk/v1/?page=job_vacancies?=tc@[5247, 5268, 5289, 5310, 5329, 5359, 5382, 5406, 5432, 5455]@{}
http://www.comp.hkbu.edu.hk/v1/?page=job_vacancies?=sc@[5247, 5268, 5289, 5310, 5329, 5359, 5382, 5406, 5432, 5455]@{}
http://www.comp.hkbu.edu.hk/v1/?page=sitemap?=tc@[5243, 5264, 5285, 5306, 5325, 5355, 5378, 5402, 5428, 5451]@{}
http://www.comp.hkbu.edu.hk/v1/?page=sitemap?=sc@[5242, 5263, 5284, 5305, 5324, 5354, 5377, 5401, 5427, 5450]@{}
http://www.comp.hkbu.edu.hk/v1/?lang=sc@[5238, 5259, 5280, 5301, 5320, 5350, 5373, 5397, 5423, 5446]@{}
http://www.comp.hkbu.edu.hk/v1/?page=job_vacancies?=tc?=tc@[5244, 5265, 5286, 5307, 5326, 5356, 5379, 5403, 5429, 5452]@{}
http://www.comp.hkbu.edu.hk/v1/?page=job_vacancies?=sc?=tc@[5254, 5275, 5296, 5317, 5336, 5366, 5389, 5413, 5439, 5462]@{}
http://www.comp.hkbu.edu.hk/v1/?page=sitemap?=tc?=tc@[5244, 5265, 5286, 5307, 5326, 5356, 5379, 5403, 5429, 5452]@{}
http://www.comp.hkbu.edu.hk/v1/?page=sitemap?=sc?=tc@[5258, 5279, 5300, 5321, 5340, 5370, 5393, 5417, 5443, 5466]@{}
http://www.comp.hkbu.edu.hk/v1/?page=home@[5236, 5257, 5278, 5299, 5318, 5348, 5371, 5395, 5421, 5444]@{}
http://www.comp.hkbu.edu.hk/v1/?page=job_vacancies?=tc?=tc?=tc@[5258, 5279, 5300, 5321, 5340, 5370, 5393, 5417, 5443, 5466]@{}
http://www.comp.hkbu.edu.hk/v1/?page=job_vacancies?=sc?=tc?=tc@[5242, 5263, 5284, 5305, 5324, 5354, 5377, 5401, 5427, 5450]@{}
http://www.comp.hkbu.edu.hk/v1/?page=sitemap?=tc?=tc?=tc@[5248, 5269, 5290, 5311, 5330, 5360, 5383, 5407, 5433, 5456]@{}
http://www.comp.hkbu.edu.hk/v1/?page=sitemap?=sc?=tc?=tc@[5251, 5272, 5293, 5314, 5333, 5363, 5386, 5410, 5436, 5459]@{}
http://www.comp.hkbu.edu.hk/v1/?page=home?=tc@[5246, 5267, 5288, 5309, 5328, 5358, 5381, 5405, 5431, 5454]@{}
http://www.comp.hkbu.edu.hk/v1/?page=job_vacancies?=tc?=tc?=tc?=tc@[5259, 5280, 5301, 5322, 5341, 5371, 5394, 5418, 5444, 5467]@{}
http://www.comp.hkbu.edu.hk/v1/?page=job_vacancies?=sc?=tc?=tc?=tc@[5260, 5281, 5302, 5323, 5342, 5372, 5395, 5419, 5445, 5468]@{}
http://www.comp.hkbu.edu.hk/v1/?page=sitemap?=tc?=tc?=tc?=tc@[5248, 5269, 5290, 5311, 5330, 5360, 5383, 5407, 5433, 5456]@{}
http://www.comp.hkbu.edu.hk/v1/?page=sitemap?=sc?=tc?=tc?=tc@[5259, 5280, 5301, 5322, 5341, 5371, 5394, 5418, 5444, 5467]@{}
http://www.comp.hkbu.edu.hk/v1/?page=home?=tc?=tc@[5248, 5269, 5290, 5311, 5330, 5360, 5383, 5407, 5433, 5456]@{}
http://www.comp.hkbu.edu.hk/v1/?page=job_vacancies?=tc?=tc?=tc?=tc?=tc@[5262, 5283, 5304, 5325, 5344, 5374, 5397, 5421, 5447, 5470]@{}
http://www.comp.hkbu.edu.hk/v1/?page=job_vacancies?=sc?=tc?=tc?=tc?=tc@[5247, 5268, 5289, 5310, 5329, 5359, 5382, 5406, 5432, 5455]@{}
http://www.comp.hkbu.edu.hk/v1/?page=sitemap?=tc?=tc?=tc?=tc?=tc@[5255, 5276, 5297, 5318, 5337, 5367, 5390, 5414, 5440, 5463]@{}
http://www.comp.hkbu.edu.hk/v1/?page=sitemap?=sc?=tc?=tc?=tc?=tc@[5261, 5282, 5303, 5324, 5343, 5373, 5396, 5420, 5446, 5469]@{}
http://www.comp.hkbu.edu.hk/v1/?page=home?=tc?=tc?=tc@[5246, 5267, 5288, 5309, 5328, 5358, 5381, 5405, 5431, 5454]@{}
http://www.comp.hkbu.edu.hk/v1/?page=job_vacancies?=tc?=tc?=tc?=tc?=tc?=tc@[5250, 5271, 5292, 5313, 5332, 5362, 5385, 5409, 5435, 5458]@{}
http://www.comp.hkbu.edu.hk/v1/?page=job_vacancies?=sc?=tc?=tc?=tc?=tc?=tc@[5249, 5270, 5291, 5312, 5331, 5361, 5384, 5408, 5434, 5457]@{}
http://www.comp.hkbu.edu.hk/v1/?page=sitemap?=tc?=tc?=tc?=tc?=tc?=tc@[5253, 5274, 5295, 5316, 5335, 5365, 5388, 5412, 5438, 5461]@{}
http://www.comp.hkbu.edu.hk/v1/?page=sitemap?=sc?=tc?=tc?=tc?=tc?=tc@[5271, 5292, 5313, 5334, 5353, 5383, 5406, 5430, 5456, 5479]@{}
http://www.comp.hkbu.edu.hk/v1/?page=home?=tc?=tc?=tc?=tc@[5252, 5273, 5294, 5315, 5334, 5364, 5387, 5411, 5437, 5460]@{}
http://www.comp.hkbu.edu.hk/v1/?page=job_vacancies?=tc?=tc?=tc?=tc?=tc?=tc?=tc@[5254, 5275, 5296, 5317, 5336, 5366, 5389, 5413, 5439, 5462]@{}
http://www.comp.hkbu.edu.hk/v1/?page=job_vacancies?=sc?=tc?=tc?=tc?=tc?=tc?=tc@[5251, 5272, 5293, 5314, 5333, 5363, 5386, 5410, 5436, 5459]@{}
http://www.comp.hkbu.edu.hk/v1/?page=sitemap?=tc?=tc?=tc?=tc?=tc?=tc?=tc@[5253, 5274, 5295, 5316, 5335, 5365, 5388, 5412, 5438, 5461]@{}
http://www.comp.hkbu.edu.hk/v1/?page=sitemap?=sc?=tc?=tc?=tc?=tc?=tc?=tc@[5255, 5276, 5297, 5318, 5337, 5367, 5390, 5414, 5440, 5463]@{}
http://www.comp.hkbu.edu.hk/v1/?page=home?=tc?=tc?=tc?=tc?=tc@[5255, 5276, 5297, 5318, 5337, 5367, 5390, 5414, 5440, 5463]@{}
http://www.comp.hkbu.edu.hk/v1/?page=job_vacancies?=tc?=tc?=tc?=tc?=tc?=tc?=tc?=tc@[5270, 5291, 5312, 5333, 5352, 5382, 5405, 5429, 5455, 5478]@{}
http://www.comp.hkbu.edu.hk/v1/?page=job_vacancies?=sc?=tc?=tc?=tc?=tc?=tc?=tc?=tc@[5254, 5275, 5296, 5317, 5336, 5366, 5389, 5413, 5439, 5462]@{}
http://www.comp.hkbu.edu.hk/v1/?page=sitemap?=tc?=tc?=tc?=tc?=tc?=tc?=tc?=tc@[5257, 5278, 5299, 5320, 5339, 5369, 5392, 5416, 5442, 5465]@{}
http://www.comp.hkbu.edu.hk/v1/?page=sitemap?=sc?=tc?=tc?=tc?=tc?=tc?=tc?=tc@[5271, 5292, 5313, 5334, 5353, 5383, 5406, 5430, 5456, 5479]@{}
http://www.comp.hkbu.edu.hk/v1/?page=home?=tc?=tc?=tc?=tc?=tc?=tc@[5256, 5277, 5298, 5319, 5338, 5368, 5391, 5415, 5441, 5464]@{}
http://www.comp.hkbu.edu.hk/v1/?page=job_vacancies?=tc?=tc?=tc?=tc?=tc?=tc?=tc?=tc?=tc@[5270, 5291, 5312, 5333, 5352, 5382, 5405, 5429, 5455, 5478]@{}
http://www.comp.hkbu.edu.hk/v1/?page=job_vacancies?=sc?=tc?=tc?=tc?=tc?=tc?=tc?=tc?=tc@[5269, 5290, 5311, 5332, 5351, 5381, 5404, 5428, 5454, 5477]@{}
http://www.comp.hkbu.edu.hk/v1/?page=sitemap?=tc?=tc?=tc?=tc?=tc?=tc?=tc?=tc?=tc@[5254, 5275, 5296, 5317, 5336, 5366, 5389, 5413, 5439, 5462]@{}
http://www.comp.hkbu.edu.hk/v1/?page=sitemap?=sc?=tc?=tc?=tc?=tc?=tc?=tc?=tc?=tc@[5272, 5293, 5314, 5335, 5354, 5384, 5407, 5431, 5457, 5480]@{}
http://www.comp.hkbu.edu.hk/v1/?lang=tc@[5254, 5275, 5296, 5317, 5336, 5366, 5389, 5413, 5439, 5462]@{}
http://www.sci.hkbu.edu.hk/eng/about-us/distinguished-professorship/eng/page/?page=prospective-students@[5174, 5191, 5204, 5217, 5230, 5243, 5251, 5255, 5260, 5266, 5277, 5285, 5289, 5294, 5300, 5311, 5319, 5323, 5328, 5334, 5345, 5353, 5357, 5362, 5368, 5379, 5387, 5391, 5396, 5402, 5413, 5418, 5422, 5443, 5448, 5452, 5473, 5478, 5482, 5503, 5508, 5512, 5533, 5538, 5542, 5809, 5874, 5895, 5917, 5938, 5960]@{}
http://www.sci.hkbu.edu.hk/eng/about-us/honorary-doctorate/eng/page/?page=prospective-students@[5174, 5191, 5204, 5217, 5230, 5243, 5251, 5255, 5260, 5266, 5277, 5285, 5289, 5294, 5300, 5311, 5319, 5323, 5328, 5334, 5345, 5353, 5357, 5362, 5368, 5379, 5387, 5391, 5396, 5402, 5413, 5418, 5422, 5443, 5448, 5452, 5473, 5478, 5482, 5503, 5508, 5512, 5533, 5538, 5542, 5809, 5874, 5895, 5917, 5938, 5960]@{}
http://www.sci.hkbu.edu.hk/eng/about-us/distinguished-professor-of-science/eng/page/?page=prospective-students@[5174, 5191, 5204, 5217, 5230, 5243, 5251, 5255, 5260, 5266, 5277, 5285, 5289, 5294, 5300, 5311, 5319, 5323, 5328, 5334, 5345, 5353, 5357, 5362, 5368, 5379, 5387, 5391, 5396, 5402, 5413, 5418, 5422, 5443, 5448, 5452, 5473, 5478, 5482, 5503, 5508, 5512, 5533, 5538, 5542, 5809, 5874, 5895, 5917, 5938, 5960]@{}
http://www.sci.hkbu.edu.hk/eng/about-us/dr-kennedy-wong-distinguished-visiting-professorship-scheme/eng/page/?page=prospective-students@[5174, 5191, 5204, 5217, 5230, 5243, 5251, 5255, 5260, 5266, 5277, 5285, 5289, 5294, 5300, 5311, 5319, 5323, 5328, 5334, 5345, 5353, 5357, 5362, 5368, 5379, 5387, 5391, 5396, 5402, 5413, 5418, 5422, 5443, 5448, 5452, 5473, 5478, 5482, 5503, 5508, 5512, 5533, 5538, 5542, 5809, 5874, 5895, 5917, 5938, 5960]@{}
http://www.sci.hkbu.edu.hk/eng/page/eng/about-us/vision-mission@[5174, 5191, 5204, 5217, 5230, 5243, 5251, 5255, 5260, 5266, 5277, 5285, 5289, 5294, 5300, 5311, 5319, 5323, 5328, 5334, 5345, 5353, 5357, 5362, 5368, 5379, 5387, 5391, 5396, 5402, 5413, 5418, 5422, 5443, 5448, 5452, 5473, 5478, 5482, 5503, 5508, 5512, 5533, 5538, 5542, 5809, 5874, 5895, 5917, 5938, 5960]@{}
http://www.sci.hkbu.edu.hk/eng/page/eng/about-us/faculty-advisory-committee@[5174, 5191, 5204, 5217, 5230, 5243, 5251, 5255, 5260, 5266, 5277, 5285, 5289, 5294, 5300, 5311, 5319, 5323, 5328, 5334, 5345, 5353, 5357, 5362, 5368, 5379, 5387, 5391, 5396, 5402, 5413, 5418, 5422, 5443, 5448, 5452, 5473, 5478, 5482, 5503, 5508, 5512, 5533, 5538, 5542, 5809, 5874, 5895, 5917, 5938, 5960]@{}
http://www.sci.hkbu.edu.hk/eng@[5174, 5191, 5204, 5217, 5230, 5243, 5251, 5255, 5260, 5266, 5277, 5285, 5289, 5294, 5300, 5311, 5319, 5323, 5328, 5334, 5345, 5353, 5357, 5362, 5368, 5379, 5387, 5391, 5396, 5402, 5413, 5418, 5422, 5443, 5448, 5452, 5473, 5478, 5482, 5503, 5508, 5512, 5533, 5538, 5542, 5809, 5874, 5895, 5917, 5938, 5960]@{}
http://www.sci.hkbu.edu.hk/eng/about-us/vision-mission/eng/page/?page=prospective-students@[5174, 5191, 5204, 5217, 5230, 5243, 5251, 5255, 5260, 5266, 5277, 5285, 5289, 5294, 5300, 5311, 5319, 5323, 5328, 5334, 5345, 5353, 5357, 5362, 5368, 5379, 5387, 5391, 5396, 5402, 5413, 5418, 5422, 5443, 5448, 5452, 5473, 5478, 5482, 5503, 5508, 5512, 5533, 5538, 5542, 5809, 5874, 5895, 5917, 5938, 5960]@{}
http://www.sci.hkbu.edu.hk/eng/about-us/faculty-advisory-committee/eng/page/?page=prospective-students@[5174, 5191, 5204, 5217, 5230, 5243, 5251, 5255, 5260, 5266, 5277, 5285, 5289, 5294, 5300, 5311, 5319, 5323, 5328, 5334, 5345, 5353, 5357, 5362, 5368, 5379, 5387, 5391, 5396, 5402, 5413, 5418, 5422, 5443, 5448, 5452, 5473, 5478, 5482, 5503, 5508, 5512, 5533, 5538, 5542, 5809, 5874, 5895, 5917, 5938, 5960]@{}
