http://www.comp.hkbu.edu.hk@[767, 768, 828, 840, 1267, 1293, 1554, 1594, 1975, 2758, 2788, 2919, 2928, 2932, 2938, 3369, 3371, 3455, 3457, 3518, 3520, 3593, 3595, 3675, 3677, 3741, 3743, 4227, 4251, 4539, 4544, 4976, 4980, 5040, 5044, 6197, 6204, 6279, 6286, 6356, 6364, 6469, 6473, 6517, 6522, 6576, 6580, 6699, 6705, 6769, 6776]@{}
http://www.comp.hkbu.edu.hk/v1/?page=sci@[724, 748, 749, 773, 774, 802, 1007, 1025, 1032, 1034, 1171, 1177, 1178, 1182, 1183, 1187, 1188, 1192, 1223, 1233, 1372, 1382, 1466, 1476, 1543, 1553, 1673, 1683, 1750, 1760, 1874, 1879, 1938, 1942, 7802, 7808, 7821, 7827, 7828, 7832, 7833, 7837, 7838, 7842, 8003, 8073]@{}
http://www.comp.hkbu.edu.hk/v1/?page=job_vacancies?=tc@[767, 768, 828, 840, 1267, 1293, 1554, 1594, 1975, 2758, 2788, 2919, 2928, 2932, 2938, 3375, 3377, 3461, 3463, 3524, 3526, 3599, 3601, 3681, 3683, 3747, 3749, 4233, 4257, 4545, 4550, 4972, 4976, 5036, 5040, 6193, 6199, 6263, 6271, 6340, 6346, 6448, 6452, 6496, 6501, 6555, 6559, 6678, 6686, 6753, 6758]@{}
http://www.comp.hkbu.edu.hk/v1/?page=job_vacancies?=sc@[767, 768, 828, 840, 1267, 1293, 1554, 1594, 1975, 2758, 2788, 2919, 2928, 2932, 2938, 3375, 3377, 3461, 3463, 3524, 3526, 3599, 3601, 3681, 3683, 3747, 3749, 4233, 4257, 4545, 4550, 4972, 4976, 5036, 5040, 6193, 6199, 6270, 6276, 6344, 6350, 6459, 6463, 6507, 6512, 6566, 6570, 6689, 6695, 6762, 6767]@{}
http://www.comp.hkbu.edu.hk/v1/?page=sitemap?=tc@[767, 768, 828, 840, 1267, 1293, 1554, 1594, 1975, 2758, 2788, 2919, 2928, 2932, 2938, 3375, 3377, 3461, 3463, 3524, 3526, 3599, 3601, 3681, 3683, 3747, 3749, 4232, 4256, 4544, 4549, 4968, 4972, 5032, 5036, 6189, 6195, 6265, 6272, 6343, 6349, 6451, 6455, 6499, 6504, 6558, 6562, 6681, 6689, 6759, 6765]@{}
http://www.comp.hkbu.edu.hk/v1/?page=sitemap?=sc@[767, 768, 828, 840, 1267, 1293, 1554, 1594, 1975, 2758, 2788, 2919, 2928, 2932, 2938, 3375, 3377, 3461, 3463, 3524, 3526, 3599, 3601, 3681, 3683, 3747, 3749, 4232, 4256, 4544, 4549, 4967, 4971, 5031, 5035, 6188, 6194, 6269, 6275, 6345, 6352, 6458, 6462, 6506, 6511, 6565, 6569, 6688, 6694, 6770, 6777]@{}
http://www.comp.hkbu.edu.hk/v1/?lang=sc@[767, 768, 828, 840, 1267, 1293, 1554, 1594, 1975, 2758, 2788, 2919, 2928, 2932, 2938, 3369, 3371, 3455, 3457, 3518, 3520, 3593, 3595, 3675, 3677, 3741, 3743, 4227, 4251, 4539, 4544, 4963, 4967, 5027, 5031, 6184, 6191, 6259, 6267, 6341, 6347, 6450, 6454, 6498, 6503, 6557, 6561, 6677, 6682, 6740, 6746]@{}
http://www.comp.hkbu.edu.hk/v1/?page=job_vacancies?=tc?=tc@[767, 768, 828, 840, 1267, 1293, 1554, 1594, 1975, 2758, 2788, 2919, 2928, 2932, 2938, 3377, 3379, 3463, 3465, 3526, 3528, 3601, 3603, 3683, 3685, 3749, 3751, 4234, 4258, 4546, 4551, 4969, 4973, 5033, 5037, 6190, 6198, 6271, 6278, 6346, 6353, 6457, 6461, 6505, 6510, 6564, 6568, 6687, 6693, 6752, 6760]@{}
http://www.comp.hkbu.edu.hk/v1/?page=job_vacancies?=sc?=tc@[767, 768, 828, 840, 1267, 1293, 1554, 1594, 1975, 2758, 2788, 2919, 2928, 2932, 2938, 3377, 3379, 3463, 3465, 3526, 3528, 3601, 3603, 3683, 3685, 3749, 3751, 4234, 4258, 4546, 4551, 4979, 4983, 5043, 5047, 6200, 6206, 6277, 6285, 6358, 6365, 6476, 6480, 6524, 6529, 6583, 6587, 6706, 6714, 6783, 6789]@{}
http://www.comp.hkbu.edu.hk/v1/?page=sitemap?=tc?=tc@[767, 768, 828, 840, 1267, 1293, 1554, 1594, 1975, 2758, 2788, 2919, 2928, 2932, 2938, 3377, 3379, 3463, 3465, 3526, 3528, 3601, 3603, 3683, 3685, 3749, 3751, 4234, 4258, 4546, 4551, 4969, 4973, 5033, 5037, 6190, 6196, 6270, 6276, 6342, 6349, 6453, 6457, 6501, 6506, 6560, 6564, 6680, 6685, 6743, 6751]@{}
http://www.comp.hkbu.edu.hk/v1/?page=sitemap?=sc?=tc@[767, 768, 828, 840, 1267, 1293, 1554, 1594, 1975, 2758, 2788, 2919, 2928, 2932, 2938, 3377, 3379, 3463, 3465, 3526, 3528, 3601, 3603, 3683, 3685, 3749, 3751, 4234, 4258, 4546, 4551, 4983, 4987, 5047, 5051, 6204, 6212, 6286, 6292, 6356, 6363, 6470, 6474, 6518, 6523, 6577, 6581, 6700, 6708, 6775, 6783]@{}
http://www.comp.hkbu.edu.hk/v1/?page=home@[767, 768, 828, 840, 1267, 1293, 1554, 1594, 1975, 2758, 2788, 2919, 2928, 2932, 2938, 3373, 3375, 3459, 3461, 3522, 3524, 3597, 3599, 3679, 3681, 3745, 3747, 4230, 4254, 4542, 4547, 4961, 4965, 5025, 5029, 6182, 6189, 6257, 6263, 6337, 6343, 6446, 6450, 6494, 6499, 6553, 6557, 6676, 6683, 6748, 6754]@{}
http://www.comp.hkbu.edu.hk/v1/?page=job_vacancies?=tc?=tc?=tc@[767, 768, 828, 840, 1267, 1293, 1554, 1594, 1975, 2758, 2788, 2919, 2928, 2932, 2938, 3379, 3381, 3465, 3467, 3528, 3530, 3603, 3605, 3685, 3687, 3751, 3753, 4237, 4261, 4549, 4554, 4983, 4987, 5047, 5051, 6204, 6211, 6281, 6287, 6360, 6368, 6473, 6477, 6521, 6526, 6580, 6584, 6703, 6709, 6779, 6787]@{}
http://www.comp.hkbu.edu.hk/v1/?page=job_vacancies?=sc?=tc?=tc@[767, 768, 828, 840, 1267, 1293, 1554, 1594, 1975, 2758, 2788, 2919, 2928, 2932, 2938, 3379, 3381, 3465, 3467, 3528, 3530, 3603, 3605, 3685, 3687, 3751, 3753, 4236, 4260, 4548, 4553, 4967, 4971, 5031, 5035, 6188, 6196, 6269, 6275, 6342, 6348, 6458, 6462, 6506, 6511, 6565, 6569, 6685, 6690, 6748, 6756]@{}
http://www.comp.hkbu.edu.hk/v1/?page=sitemap?=tc?=tc?=tc@[767, 768, 828, 840, 1267, 1293, 1554, 1594, 1975, 2758, 2788, 2919, 2928, 2932, 2938, 3379, 3381, 3465, 3467, 3528, 3530, 3603, 3605, 3685, 3687, 3751, 3753, 4237, 4261, 4549, 4554, 4973, 4977, 5037, 5041, 6194, 6202, 6275, 6283, 6357, 6363, 6465, 6469, 6513, 6518, 6572, 6576, 6695, 6701, 6771, 6777]@{}
http://www.comp.hkbu.edu.hk/v1/?page=sitemap?=sc?=tc?=tc@[767, 768, 828, 840, 1267, 1293, 1554, 1594, 1975, 2758, 2788, 2919, 2928, 2932, 2938, 3379, 3381, 3465, 3467, 3528, 3530, 3603, 3605, 3685, 3687, 3751, 3753, 4237, 4261, 4549, 4554, 4976, 4980, 5040, 5044, 6197, 6205, 6279, 6286, 6355, 6362, 6466, 6470, 6514, 6519, 6573, 6577, 6696, 6702, 6778, 6785]@{}
http://www.comp.hkbu.edu.hk/v1/?page=home?=tc@[767, 768, 828, 840, 1267, 1293, 1554, 1594, 1975, 2758, 2788, 2919, 2928, 2932, 2938, 3375, 3377, 3461, 3463, 3524, 3526, 3599, 3601, 3681, 3683, 3747, 3749, 4232, 4256, 4544, 4549, 4971, 4975, 5035, 5039, 6192, 6198, 6268, 6276, 6350, 6358, 6462, 6466, 6510, 6515, 6569, 6573, 6692, 6700, 6769, 6776]@{}
http://www.comp.hkbu.edu.hk/v1/?page=job_vacancies?=tc?=tc?=tc?=tc@[767, 768, 828, 840, 1267, 1293, 1554, 1594, 1975, 2758, 2788, 2919, 2928, 2932, 2938, 3381, 3383, 3467, 3469, 3530, 3532, 3605, 3607, 3687, 3689, 3753, 3755, 4239, 4263, 4551, 4556, 4984, 4988, 5048, 5052, 6205, 6213, 6284, 6290, 6361, 6367, 6470, 6474, 6518, 6523, 6577, 6581, 6700, 6706, 6766, 6772]@{}
http://www.comp.hkbu.edu.hk/v1/?page=job_vacancies?=sc?=tc?=tc?=tc@[767, 768, 828, 840, 1267, 1293, 1554, 1594, 1975, 2758, 2788, 2919, 2928, 2932, 2938, 3381, 3383, 3467, 3469, 3530, 3532, 3605, 3607, 3687, 3689, 3753, 3755, 4239, 4263, 4551, 4556, 4985, 4989, 5049, 5053, 6206, 6213, 6281, 6287, 6351, 6358, 6463, 6467, 6511, 6516, 6570, 6574, 6693, 6700, 6761, 6766]@{}
http://www.comp.hkbu.edu.hk/v1/?page=sitemap?=tc?=tc?=tc?=tc@[767, 768, 828, 840, 1267, 1293, 1554, 1594, 1975, 2758, 2788, 2919, 2928, 2932, 2938, 3381, 3383, 3467, 3469, 3530, 3532, 3605, 3607, 3687, 3689, 3753, 3755, 4238, 4262, 4550, 4555, 4973, 4977, 5037, 5041, 6194, 6200, 6273, 6279, 6349, 6357, 6464, 6468, 6512, 6517, 6571, 6575, 6694, 6700, 6764, 6772]@{}
http://www.comp.hkbu.edu.hk/v1/?page=sitemap?=sc?=tc?=tc?=tc@[767, 768, 828, 840, 1267, 1293, 1554, 1594, 1975, 2758, 2788, 2919, 2928, 2932, 2938, 3381, 3383, 3467, 3469, 3530, 3532, 3605, 3607, 3687, 3689, 3753, 3755, 4238, 4262, 4550, 4555, 4984, 4988, 5048, 5052, 6205, 6211, 6284, 6292, 6365, 6371, 6475, 6479, 6523, 6528, 6582, 6586, 6705, 6713, 6778, 6786]@{}
http://www.comp.hkbu.edu.hk/v1/?page=home?=tc?=tc@[767, 768, 828, 840, 1267, 1293, 1554, 1594, 1975, 2758, 2788, 2919, 2928, 2932, 2938, 3377, 3379, 3463, 3465, 3526, 3528, 3601, 3603, 3683, 3685, 3749, 3751, 4234, 4258, 4546, 4551, 4973, 4977, 5037, 5041, 6194, 6202, 6276, 6284, 6357, 6364, 6468, 6472, 6516, 6521, 6575, 6579, 6695, 6700, 6758, 6764]@{}
http://www.comp.hkbu.edu.hk/v1/?page=job_vacancies?=tc?=tc?=tc?=tc?=tc@[767, 768, 828, 840, 1267, 1293, 1554, 1594, 1975, 2758, 2788, 2919, 2928, 2932, 2938, 3383, 3385, 3469, 3471, 3532, 3534, 3607, 3609, 3689, 3691, 3755, 3757, 4241, 4265, 4553, 4558, 4987, 4991, 5051, 5055, 6208, 6214, 6285, 6291, 6361, 6368, 6472, 6476, 6520, 6525, 6579, 6583, 6702, 6708, 6768, 6773]@{}
http://www.comp.hkbu.edu.hk/v1/?page=job_vacancies?=sc?=tc?=tc?=tc?=tc@[767, 768, 828, 840, 1267, 1293, 1554, 1594, 1975, 2758, 2788, 2919, 2928, 2932, 2938, 3383, 3385, 3469, 3471, 3532, 3534, 3607, 3609, 3689, 3691, 3755, 3757, 4240, 4264, 4552, 4557, 4972, 4976, 5036, 5040, 6193, 6199, 6272, 6280, 6353, 6361, 6468, 6472, 6516, 6521, 6575, 6579, 6698, 6704, 6764, 6770]@{}
http://www.comp.hkbu.edu.hk/v1/?page=sitemap?=tc?=tc?=tc?=tc?=tc@[767, 768, 828, 840, 1267, 1293, 1554, 1594, 1975, 2758, 2788, 2919, 2928, 2932, 2938, 3383, 3385, 3469, 3471, 3532, 3534, 3607, 3609, 3689, 3691, 3755, 3757, 4241, 4265, 4553, 4558, 4980, 4984, 5044, 5048, 6201, 6207, 6274, 6282, 6355, 6361, 6468, 6472, 6516, 6521, 6575, 6579, 6698, 6704, 6778, 6784]@{}
http://www.comp.hkbu.edu.hk/v1/?page=sitemap?=sc?=tc?=tc?=tc?=tc@[767, 768, 828, 840, 1267, 1293, 1554, 1594, 1975, 2758, 2788, 2919, 2928, 2932, 2938, 3383, 3385, 3469, 3471, 3532, 3534, 3607, 3609, 3689, 3691, 3755, 3757, 4240, 4264, 4552, 4557, 4986, 4990, 5050, 5054, 6207, 6215, 6288, 6294, 6362, 6369, 6476, 6480, 6524, 6529, 6583, 6587, 6703, 6708, 6766, 6772]@{}
http://www.comp.hkbu.edu.hk/v1/?page=home?=tc?=tc?=tc@[767, 768, 828, 840, 1267, 1293, 1554, 1594, 1975, 2758, 2788, 2919, 2928, 2932, 2938, 3379, 3381, 3465, 3467, 3528, 3530, 3603, 3605, 3685, 3687, 3751, 3753, 4236, 4260, 4548, 4553, 4971, 4975, 5035, 5039, 6192, 6200, 6273, 6279, 6349, 6355, 6466, 6470, 6514, 6519, 6573, 6577, 6693, 6698, 6756, 6762]@{}
http://www.comp.hkbu.edu.hk/v1/?page=job_vacancies@[315, 316, 376, 388, 815, 841, 1102, 1142, 1523, 2306, 2336, 2467, 2476, 2480, 2486, 2921, 2923, 3007, 3009, 3070, 3072, 3145, 3147, 3227, 3229, 3293, 3295, 3779, 3803, 4091, 4096, 4125, 4131, 4135, 4138, 4201, 4207, 4216, 4222, 4231, 4237, 4281, 4290]@{}
http://www.comp.hkbu.edu.hk/v1/?page=job_vacancies?=tc?=tc?=tc?=tc?=tc?=tc@[767, 768, 828, 840, 1267, 1293, 1554, 1594, 1975, 2758, 2788, 2919, 2928, 2932, 2938, 3385, 3387, 3471, 3473, 3534, 3536, 3609, 3611, 3691, 3693, 3757, 3759, 4243, 4267, 4555, 4560, 4975, 4979, 5039, 5043, 6196, 6204, 6277, 6284, 6354, 6360, 6466, 6470, 6514, 6519, 6573, 6577, 6693, 6698, 6756, 6762]@{}
http://www.comp.hkbu.edu.hk/v1/?page=job_vacancies?=sc?=tc?=tc?=tc?=tc?=tc@[767, 768, 828, 840, 1267, 1293, 1554, 1594, 1975, 2758, 2788, 2919, 2928, 2932, 2938, 3385, 3387, 3471, 3473, 3534, 3536, 3609, 3611, 3691, 3693, 3757, 3759, 4242, 4266, 4554, 4559, 4974, 4978, 5038, 5042, 6195, 6201, 6275, 6281, 6356, 6364, 6474, 6478, 6522, 6527, 6581, 6585, 6704, 6710, 6773, 6779]@{}
http://www.comp.hkbu.edu.hk/v1/?page=sitemap?=tc?=tc?=tc?=tc?=tc?=tc@[767, 768, 828, 840, 1267, 1293, 1554, 1594, 1975, 2758, 2788, 2919, 2928, 2932, 2938, 3385, 3387, 3471, 3473, 3534, 3536, 3609, 3611, 3691, 3693, 3757, 3759, 4242, 4266, 4554, 4559, 4978, 4982, 5042, 5046, 6199, 6207, 6278, 6284, 6350, 6356, 6463, 6467, 6511, 6516, 6570, 6574, 6693, 6700, 6765, 6771]@{}
http://www.comp.hkbu.edu.hk/v1/?page=sitemap?=sc?=tc?=tc?=tc?=tc?=tc@[767, 768, 828, 840, 1267, 1293, 1554, 1594, 1975, 2758, 2788, 2919, 2928, 2932, 2938, 3385, 3387, 3471, 3473, 3534, 3536, 3609, 3611, 3691, 3693, 3757, 3759, 4243, 4267, 4555, 4560, 4996, 5000, 5060, 5064, 6217, 6224, 6299, 6305, 6369, 6375, 6482, 6486, 6530, 6535, 6589, 6593, 6712, 6718, 6778, 6786]@{}
http://www.comp.hkbu.edu.hk/v1/?page=home?=tc?=tc?=tc?=tc@[767, 768, 828, 840, 1267, 1293, 1554, 1594, 1975, 2758, 2788, 2919, 2928, 2932, 2938, 3381, 3383, 3467, 3469, 3530, 3532, 3605, 3607, 3687, 3689, 3753, 3755, 4239, 4263, 4551, 4556, 4977, 4981, 5041, 5045, 6198, 6204, 6277, 6284, 6352, 6358, 6464, 6468, 6512, 6517, 6571, 6575, 6694, 6700, 6767, 6774]@{}
http://www.comp.hkbu.edu.hk/v1/?page=job_vacancies?=tc?=tc?=tc?=tc?=tc?=tc?=tc@[767, 768, 828, 840, 1267, 1293, 1554, 1594, 1975, 2758, 2788, 2919, 2928, 2932, 2938, 3387, 3389, 3473, 3475, 3536, 3538, 3611, 3613, 3693, 3695, 3759, 3761, 4245, 4269, 4557, 4562, 4979, 4983, 5043, 5047, 6200, 6208, 6281, 6288, 6356, 6362, 6462, 6466, 6510, 6515, 6569, 6573, 6689, 6694, 6752, 6758]@{}
http://www.comp.hkbu.edu.hk/v1/?page=job_vacancies?=sc?=tc?=tc?=tc?=tc?=tc?=tc@[767, 768, 828, 840, 1267, 1293, 1554, 1594, 1975, 2758, 2788, 2919, 2928, 2932, 2938, 3387, 3389, 3473, 3475, 3536, 3538, 3611, 3613, 3693, 3695, 3759, 3761, 4245, 4269, 4557, 4562, 4976, 4980, 5040, 5044, 6197, 6205, 6276, 6282, 6349, 6356, 6462, 6466, 6510, 6515, 6569, 6573, 6692, 6698, 6774, 6781]@{}
http://www.comp.hkbu.edu.hk/v1/?page=sitemap?=tc?=tc?=tc?=tc?=tc?=tc?=tc@[767, 768, 828, 840, 1267, 1293, 1554, 1594, 1975, 2758, 2788, 2919, 2928, 2932, 2938, 3387, 3389, 3473, 3475, 3536, 3538, 3611, 3613, 3693, 3695, 3759, 3761, 4244, 4268, 4556, 4561, 4978, 4982, 5042, 5046, 6199, 6206, 6274, 6280, 6347, 6353, 6459, 6463, 6507, 6512, 6566, 6570, 6686, 6691, 6749, 6757]@{}
http://www.comp.hkbu.edu.hk/v1/?page=sitemap?=sc?=tc?=tc?=tc?=tc?=tc?=tc@[767, 768, 828, 840, 1267, 1293, 1554, 1594, 1975, 2758, 2788, 2919, 2928, 2932, 2938, 3387, 3389, 3473, 3475, 3536, 3538, 3611, 3613, 3693, 3695, 3759, 3761, 4244, 4268, 4556, 4561, 4980, 4984, 5044, 5048, 6201, 6207, 6275, 6283, 6356, 6364, 6474, 6478, 6522, 6527, 6581, 6585, 6704, 6712, 6779, 6785]@{}
http://www.comp.hkbu.edu.hk/v1/?page=home?=tc?=tc?=tc?=tc?=tc@[767, 768, 828, 840, 1267, 1293, 1554, 1594, 1975, 2758, 2788, 2919, 2928, 2932, 2938, 3383, 3385, 3469, 3471, 3532, 3534, 3607, 3609, 3689, 3691, 3755, 3757, 4241, 4265, 4553, 4558, 4980, 4984, 5044, 5048, 6201, 6207, 6280, 6286, 6356, 6364, 6468, 6472, 6516, 6521, 6575, 6579, 6698, 6704, 6780, 6788]@{}
http://www.comp.hkbu.edu.hk/v1/?page=job_vacancies?=tc?=tc?=tc?=tc?=tc?=tc?=tc?=tc@[767, 768, 828, 840, 1267, 1293, 1554, 1594, 1975, 2758, 2788, 2919, 2928, 2932, 2938, 3389, 3391, 3475, 3477, 3538, 3540, 3613, 3615, 3695, 3697, 3761, 3763, 4247, 4271, 4559, 4564, 4995, 4999, 5059, 5063, 6216, 6222, 6295, 6303, 6376, 6382, 6482, 6486, 6530, 6535, 6589, 6593, 6712, 6718, 6792, 6800]@{}
http://www.comp.hkbu.edu.hk/v1/?page=job_vacancies?=sc?=tc?=tc?=tc?=tc?=tc?=tc?=tc@[767, 768, 828, 840, 1267, 1293, 1554, 1594, 1975, 2758, 2788, 2919, 2928, 2932, 2938, 3389, 3391, 3475, 3477, 3538, 3540, 3613, 3615, 3695, 3697, 3761, 3763, 4247, 4271, 4559, 4564, 4979, 4983, 5043, 5047, 6200, 6208, 6281, 6288, 6363, 6369, 6478, 6482, 6526, 6531, 6585, 6589, 6708, 6714, 6774, 6780]@{}
http://www.comp.hkbu.edu.hk/v1/?page=sitemap?=tc?=tc?=tc?=tc?=tc?=tc?=tc?=tc@[767, 768, 828, 840, 1267, 1293, 1554, 1594, 1975, 2758, 2788, 2919, 2928, 2932, 2938, 3389, 3391, 3475, 3477, 3538, 3540, 3613, 3615, 3695, 3697, 3761, 3763, 4247, 4271, 4559, 4564, 4982, 4986, 5046, 5050, 6203, 6209, 6276, 6282, 6349, 6356, 6463, 6467, 6511, 6516, 6570, 6574, 6693, 6701, 6771, 6777]@{}
http://www.comp.hkbu.edu.hk/v1/?page=sitemap?=sc?=tc?=tc?=tc?=tc?=tc?=tc?=tc@[767, 768, 828, 840, 1267, 1293, 1554, 1594, 1975, 2758, 2788, 2919, 2928, 2932, 2938, 3389, 3391, 3475, 3477, 3538, 3540, 3613, 3615, 3695, 3697, 3761, 3763, 4247, 4271, 4559, 4564, 4996, 5000, 5060, 5064, 6217, 6225, 6299, 6305, 6372, 6380, 6489, 6493, 6537, 6542, 6596, 6600, 6716, 6721, 6779, 6785]@{}
http://www.comp.hkbu.edu.hk/v1/?page=sitemap@[313, 314, 374, 386, 813, 839, 1100, 1140, 1521, 2304, 2334, 2465, 2474, 2478, 2484, 2919, 2921, 3005, 3007, 3068, 3070, 3143, 3145, 3225, 3227, 3291, 3293, 3776, 3800, 4088, 4093, 4122, 4124, 5548, 5558, 5563, 5566, 5569, 5572]@{}
http://www.comp.hkbu.edu.hk/v1/?page=home?=tc?=tc?=tc?=tc?=tc?=tc@[767, 768, 828, 840, 1267, 1293, 1554, 1594, 1975, 2758, 2788, 2919, 2928, 2932, 2938, 3385, 3387, 3471, 3473, 3534, 3536, 3609, 3611, 3691, 3693, 3757, 3759, 4242, 4266, 4554, 4559, 4981, 4985, 5045, 5049, 6202, 6210, 6284, 6291, 6359, 6365, 6475, 6479, 6523, 6528, 6582, 6586, 6705, 6713, 6780, 6786]@{}
http://www.comp.hkbu.edu.hk/v1/?page=job_vacancies?=tc?=tc?=tc?=tc?=tc?=tc?=tc?=tc?=tc@[767, 768, 828, 840, 1267, 1293, 1554, 1594, 1975, 2758, 2788, 2919, 2928, 2932, 2938, 3391, 3393, 3477, 3479, 3540, 3542, 3615, 3617, 3697, 3699, 3763, 3765, 4249, 4273, 4561, 4566, 4995, 4999, 5059, 5063, 6216, 6222, 6292, 6299, 6369, 6375, 6481, 6485, 6529, 6534, 6588, 6592, 6711, 6718, 6781, 6786]@{}
http://www.comp.hkbu.edu.hk/v1/?page=job_vacancies?=sc?=tc?=tc?=tc?=tc?=tc?=tc?=tc?=tc@[767, 768, 828, 840, 1267, 1293, 1554, 1594, 1975, 2758, 2788, 2919, 2928, 2932, 2938, 3391, 3393, 3477, 3479, 3540, 3542, 3615, 3617, 3697, 3699, 3763, 3765, 4249, 4273, 4561, 4566, 4994, 4998, 5058, 5062, 6215, 6221, 6291, 6299, 6372, 6379, 6485, 6489, 6533, 6538, 6592, 6596, 6715, 6721, 6790, 6796]@{}
http://www.comp.hkbu.edu.hk/v1/?page=sitemap?=tc?=tc?=tc?=tc?=tc?=tc?=tc?=tc?=tc@[767, 768, 828, 840, 1267, 1293, 1554, 1594, 1975, 2758, 2788, 2919, 2928, 2932, 2938, 3391, 3393, 3477, 3479, 3540, 3542, 3615, 3617, 3697, 3699, 3763, 3765, 4248, 4272, 4560, 4565, 4979, 4983, 5043, 5047, 6200, 6208, 6281, 6288, 6357, 6363, 6463, 6467, 6511, 6516, 6570, 6574, 6690, 6695, 6753, 6760]@{}
http://www.comp.hkbu.edu.hk/v1/?page=sitemap?=sc?=tc?=tc?=tc?=tc?=tc?=tc?=tc?=tc@[767, 768, 828, 840, 1267, 1293, 1554, 1594, 1975, 2758, 2788, 2919, 2928, 2932, 2938, 3391, 3393, 3477, 3479, 3540, 3542, 3615, 3617, 3697, 3699, 3763, 3765, 4248, 4272, 4560, 4565, 4997, 5001, 5061, 5065, 6218, 6226, 6295, 6301, 6372, 6380, 6487, 6491, 6535, 6540, 6594, 6598, 6717, 6724, 6787, 6792]@{}
http://www.comp.hkbu.edu.hk/v1/?lang=tc@[767, 768, 828, 840, 1267, 1293, 1554, 1594, 1975, 2758, 2788, 2919, 2928, 2932, 2938, 3369, 3371, 3455, 3457, 3518, 3520, 3593, 3595, 3675, 3677, 3741, 3743, 4226, 4250, 4538, 4543, 4979, 4983, 5043, 5047, 6200, 6208, 6281, 6287, 6357, 6364, 6475, 6479, 6523, 6528, 6582, 6586, 6705, 6711, 6774, 6782]@{}
http://www.sci.hkbu.edu.hk/eng/page/?page=prospective-students@[724, 748, 749, 773, 774, 802, 1007, 1025, 1032, 1034, 1171, 1177, 1178, 1182, 1183, 1187, 1188, 1192, 1223, 1233, 1372, 1382, 1466, 1476, 1543, 1553, 1673, 1683, 1750, 1760, 1874, 1879, 1938, 1942, 2465, 2473, 2607, 2615, 3028, 3051, 3055, 3079, 3198, 3201, 3203, 3206, 3208, 3223, 3272, 3275, 3277, 3280, 3282, 3297, 3347, 3353, 3366, 3372, 3373, 3377, 3378, 3382, 3383, 3387, 3548, 3618]@{}
http://www.sci.hkbu.edu.hk/eng/page/?page=current-students@[724, 748, 749, 773, 774, 802, 1007, 1025, 1032, 1034, 1171, 1177, 1178, 1182, 1183, 1187, 1188, 1192, 1223, 1233, 1372, 1382, 1466, 1476, 1543, 1553, 1673, 1683, 1750, 1760, 1874, 1879, 1938, 1942, 3003, 3009, 3022, 3028, 3029, 3033, 3034, 3038, 3039, 3043, 3204, 3274]@{}
http://www.sci.hkbu.edu.hk/eng/page/@[724, 748, 749, 773, 774, 802, 1007, 1025, 1032, 1034, 1171, 1177, 1178, 1182, 1183, 1187, 1188, 1192, 1223, 1233, 1372, 1382, 1466, 1476, 1543, 1553, 1673, 1683, 1750, 1760, 1874, 1879, 1938, 1942, 3106, 3112, 3125, 3131, 3132, 3136, 3137, 3141, 3142, 3146, 3307, 3377]@{}
http://www.sci.hkbu.edu.hk/eng/about-us/honorary-doctorate@[724, 748, 749, 773, 774, 802, 1007, 1025, 1032, 1034, 1171, 1177, 1178, 1182, 1183, 1187, 1188, 1192, 1223, 1233, 1372, 1382, 1466, 1476, 1543, 1553, 1673, 1683, 1750, 1760, 1874, 1879, 1938, 1942, 2697, 2708, 2761, 2772, 2841, 2851, 2920, 2932, 3001, 3011, 3080, 3091, 3160, 3170, 3239, 3249, 3318, 3329, 3637, 3643, 3656, 3662, 3663, 3667, 3668, 3672, 3673, 3677, 3838, 3908]@{}
http://www.sci.hkbu.edu.hk/eng/about-us/distinguished-professorship/eng/page/?page=prospective-students@[724, 748, 749, 773, 774, 802, 1007, 1025, 1032, 1034, 1171, 1177, 1178, 1182, 1183, 1187, 1188, 1192, 1223, 1233, 1372, 1382, 1466, 1476, 1543, 1553, 1673, 1683, 1750, 1760, 1874, 1879, 1938, 1942, 7802, 7808, 7821, 7827, 7828, 7832, 7833, 7837, 7838, 7842, 8003, 8073]@{}
http://www.sci.hkbu.edu.hk/eng/about-us/honorary-doctorate/eng/page/?page=prospective-students@[724, 748, 749, 773, 774, 802, 1007, 1025, 1032, 1034, 1171, 1177, 1178, 1182, 1183, 1187, 1188, 1192, 1223, 1233, 1372, 1382, 1466, 1476, 1543, 1553, 1673, 1683, 1750, 1760, 1874, 1879, 1938, 1942, 7802, 7808, 7821, 7827, 7828, 7832, 7833, 7837, 7838, 7842, 8003, 8073]@{}
http://www.sci.hkbu.edu.hk/eng/about-us/distinguished-professor-of-science@[724, 748, 749, 773, 774, 802, 1007, 1025, 1032, 1034, 1171, 1177, 1178, 1182, 1183, 1187, 1188, 1192, 1223, 1233, 1372, 1382, 1466, 1476, 1543, 1553, 1673, 1683, 1750, 1760, 1874, 1879, 1938, 1942, 2771, 2781, 2785, 2808, 2854, 2865, 2868, 2898, 2957, 2965, 2969, 2987, 3035, 3044, 3048, 3067, 3126, 3134, 3138, 3158, 3206, 3214, 3218, 3242, 3304, 3312, 3316, 3332, 3380, 3388, 3392, 3410, 3453, 3459, 3472, 3478, 3479, 3483, 3484, 3488, 3489, 3493, 3654, 3724]@{}
http://www.sci.hkbu.edu.hk/eng/about-us/dr-kennedy-wong-distinguished-visiting-professorship-scheme@[724, 748, 749, 773, 774, 802, 1007, 1025, 1032, 1034, 1171, 1177, 1178, 1182, 1183, 1187, 1188, 1192, 1223, 1233, 1372, 1382, 1466, 1476, 1543, 1553, 1673, 1683, 1750, 1760, 1874, 1879, 1938, 1942, 2641, 2648, 2703, 2711, 2714, 2744, 2753, 2760, 2814, 2824, 2826, 2853, 2862, 2869, 2923, 2933, 2935, 2953, 2962, 2969, 3026, 3040, 3042, 3070, 3122, 3128, 3141, 3147, 3148, 3152, 3153, 3157, 3158, 3162, 3323, 3393]@{}
http://www.sci.hkbu.edu.hk/eng/about-us/distinguished-professor-of-science/eng/page/?page=prospective-students@[724, 748, 749, 773, 774, 802, 1007, 1025, 1032, 1034, 1171, 1177, 1178, 1182, 1183, 1187, 1188, 1192, 1223, 1233, 1372, 1382, 1466, 1476, 1543, 1553, 1673, 1683, 1750, 1760, 1874, 1879, 1938, 1942, 7802, 7808, 7821, 7827, 7828, 7832, 7833, 7837, 7838, 7842, 8003, 8073]@{}
http://www.sci.hkbu.edu.hk/eng/about-us/dr-kennedy-wong-distinguished-visiting-professorship-scheme/eng/page/?page=prospective-students@[724, 748, 749, 773, 774, 802, 1007, 1025, 1032, 1034, 1171, 1177, 1178, 1182, 1183, 1187, 1188, 1192, 1223, 1233, 1372, 1382, 1466, 1476, 1543, 1553, 1673, 1683, 1750, 1760, 1874, 1879, 1938, 1942, 7802, 7808, 7821, 7827, 7828, 7832, 7833, 7837, 7838, 7842, 8003, 8073]@{}
http://www.sci.hkbu.edu.hk/eng/page/eng/about-us/vision-mission@[724, 748, 749, 773, 774, 802, 1007, 1025, 1032, 1034, 1171, 1177, 1178, 1182, 1183, 1187, 1188, 1192, 1223, 1233, 1372, 1382, 1466, 1476, 1543, 1553, 1673, 1683, 1750, 1760, 1874, 1879, 1938, 1942, 7802, 7808, 7821, 7827, 7828, 7832, 7833, 7837, 7838, 7842, 8003, 8073]@{}
http://www.sci.hkbu.edu.hk/eng/page/eng/about-us/faculty-advisory-committee@[724, 748, 749, 773, 774, 802, 1007, 1025, 1032, 1034, 1171, 1177, 1178, 1182, 1183, 1187, 1188, 1192, 1223, 1233, 1372, 1382, 1466, 1476, 1543, 1553, 1673, 1683, 1750, 1760, 1874, 1879, 1938, 1942, 7802, 7808, 7821, 7827, 7828, 7832, 7833, 7837, 7838, 7842, 8003, 8073]@{}
http://www.sci.hkbu.edu.hk/eng@[724, 748, 749, 773, 774, 802, 1007, 1025, 1032, 1034, 1171, 1177, 1178, 1182, 1183, 1187, 1188, 1192, 1223, 1233, 1372, 1382, 1466, 1476, 1543, 1553, 1673, 1683, 1750, 1760, 1874, 1879, 1938, 1942, 7802, 7808, 7821, 7827, 7828, 7832, 7833, 7837, 7838, 7842, 8003, 8073]@{}
http://www.sci.hkbu.edu.hk/eng/about-us/vision-mission@[724, 748, 749, 773, 774, 802, 1007, 1025, 1032, 1034, 1171, 1177, 1178, 1182, 1183, 1187, 1188, 1192, 1223, 1233, 1372, 1382, 1466, 1476, 1543, 1553, 1673, 1683, 1750, 1760, 1874, 1879, 1938, 1942, 3026, 3032, 3045, 3051, 3052, 3056, 3057, 3061, 3062, 3066, 3227, 3297]@{}
http://www.sci.hkbu.edu.hk/eng/about-us/faculty-advisory-committee@[724, 748, 749, 773, 774, 802, 1007, 1025, 1032, 1034, 1171, 1177, 1178, 1182, 1183, 1187, 1188, 1192, 1223, 1233, 1372, 1382, 1466, 1476, 1543, 1553, 1673, 1683, 1750, 1760, 1874, 1879, 1938, 1942, 2975, 2981, 3780, 3786, 3799, 3805, 3806, 3810, 3811, 3815, 3816, 3820, 3981, 4051]@{}
http://www.sci.hkbu.edu.hk/eng/about-us/vision-mission/eng/page/?page=prospective-students@[724, 748, 749, 773, 774, 802, 1007, 1025, 1032, 1034, 1171, 1177, 1178, 1182, 1183, 1187, 1188, 1192, 1223, 1233, 1372, 1382, 1466, 1476, 1543, 1553, 1673, 1683, 1750, 1760, 1874, 1879, 1938, 1942, 7802, 7808, 7821, 7827, 7828, 7832, 7833, 7837, 7838, 7842, 8003, 8073]@{}
http://www.sci.hkbu.edu.hk/eng/about-us/faculty-advisory-committee/eng/page/?page=prospective-students@[724, 748, 749, 773, 774, 802, 1007, 1025, 1032, 1034, 1171, 1177, 1178, 1182, 1183, 1187, 1188, 1192, 1223, 1233, 1372, 1382, 1466, 1476, 1543, 1553, 1673, 1683, 1750, 1760, 1874, 1879, 1938, 1942, 7802, 7808, 7821, 7827, 7828, 7832, 7833, 7837, 7838, 7842, 8003, 8073]@{}
http://www.sci.hkbu.edu.hk/eng/about-us/distinguished-professorship@[724, 748, 749, 773, 774, 802, 1007, 1025, 1032, 1034, 1171, 1177, 1178, 1182, 1183, 1187, 1188, 1192, 1223, 1233, 1372, 1382, 1466, 1476, 1543, 1553, 1673, 1683, 1750, 1760, 1874, 1879, 1938, 1942, 2671, 2677, 2690, 2696, 2697, 2701, 2702, 2706, 2707, 2711, 2872, 2942]@{}
