http://www.comp.hkbu.edu.hk@[1881, 1890, 1899, 2257, 2265, 2273, 2996, 3003, 3033, 3046, 3053, 3084, 3097, 3104, 3134, 3147, 3154, 3181, 3194, 3201, 3229, 3242, 3249, 3277, 3290, 3297, 3327]@{}
http://www.comp.hkbu.edu.hk/v1/?page=job_vacancies?=tc@[1881, 1890, 1899, 2257, 2265, 2273, 3002, 3009, 3039, 3052, 3059, 3090, 3103, 3110, 3140, 3153, 3160, 3187, 3200, 3207, 3235, 3248, 3255, 3283, 3296, 3303, 3333]@{}
http://www.comp.hkbu.edu.hk/v1/?page=job_vacancies?=sc@[1881, 1890, 1899, 2257, 2265, 2273, 3002, 3009, 3039, 3052, 3059, 3090, 3103, 3110, 3140, 3153, 3160, 3187, 3200, 3207, 3235, 3248, 3255, 3283, 3296, 3303, 3333]@{}
http://www.comp.hkbu.edu.hk/v1/?page=sitemap?=tc@[1881, 1890, 1899, 2257, 2265, 2273, 3002, 3009, 3039, 3052, 3059, 3090, 3103, 3110, 3140, 3153, 3160, 3187, 3200, 3207, 3235, 3248, 3255, 3283, 3296, 3303, 3333]@{}
http://www.comp.hkbu.edu.hk/v1/?page=sitemap?=sc@[1881, 1890, 1899, 2257, 2265, 2273, 3002, 3009, 3039, 3052, 3059, 3090, 3103, 3110, 3140, 3153, 3160, 3187, 3200, 3207, 3235, 3248, 3255, 3283, 3296, 3303, 3333]@{}
http://www.comp.hkbu.edu.hk/v1/?lang=sc@[1881, 1890, 1899, 2257, 2265, 2273, 2996, 3003, 3033, 3046, 3053, 3084, 3097, 3104, 3134, 3147, 3154, 3181, 3194, 3201, 3229, 3242, 3249, 3277, 3290, 3297, 3327]@{}
http://www.comp.hkbu.edu.hk/v1/?page=job_vacancies?=tc?=tc@[1881, 1890, 1899, 2257, 2265, 2273, 3004, 3011, 3041, 3054, 3061, 3092, 3105, 3112, 3142, 3155, 3162, 3189, 3202, 3209, 3237, 3250, 3257, 3285, 3298, 3305, 3335]@{}
http://www.comp.hkbu.edu.hk/v1/?page=job_vacancies?=sc?=tc@[1881, 1890, 1899, 2257, 2265, 2273, 3004, 3011, 3041, 3054, 3061, 3092, 3105, 3112, 3142, 3155, 3162, 3189, 3202, 3209, 3237, 3250, 3257, 3285, 3298, 3305, 3335]@{}
http://www.comp.hkbu.edu.hk/v1/?page=sitemap?=tc?=tc@[1881, 1890, 1899, 2257, 2265, 2273, 3004, 3011, 3041, 3054, 3061, 3092, 3105, 3112, 3142, 3155, 3162, 3189, 3202, 3209, 3237, 3250, 3257, 3285, 3298, 3305, 3335]@{}
http://www.comp.hkbu.edu.hk/v1/?page=sitemap?=sc?=tc@[1881, 1890, 1899, 2257, 2265, 2273, 3004, 3011, 3041, 3054, 3061, 3092, 3105, 3112, 3142, 3155, 3162, 3189, 3202, 3209, 3237, 3250, 3257, 3285, 3298, 3305, 3335]@{}
http://www.comp.hkbu.edu.hk/v1/?page=home@[1881, 1890, 1899, 2257, 2265, 2273, 3000, 3007, 3037, 3050, 3057, 3088, 3101, 3108, 3138, 3151, 3158, 3185, 3198, 3205, 3233, 3246, 3253, 3281, 3294, 3301, 3331]@{}
http://www.comp.hkbu.edu.hk/v1/?page=job_vacancies?=tc?=tc?=tc@[1881, 1890, 1899, 2257, 2265, 2273, 3006, 3013, 3043, 3056, 3063, 3094, 3107, 3114, 3144, 3157, 3164, 3191, 3204, 3211, 3239, 3252, 3259, 3287, 3300, 3307, 3337]@{}
http://www.comp.hkbu.edu.hk/v1/?page=job_vacancies?=sc?=tc?=tc@[1881, 1890, 1899, 2257, 2265, 2273, 3006, 3013, 3043, 3056, 3063, 3094, 3107, 3114, 3144, 3157, 3164, 3191, 3204, 3211, 3239, 3252, 3259, 3287, 3300, 3307, 3337]@{}
http://www.comp.hkbu.edu.hk/v1/?page=sitemap?=tc?=tc?=tc@[1881, 1890, 1899, 2257, 2265, 2273, 3006, 3013, 3043, 3056, 3063, 3094, 3107, 3114, 3144, 3157, 3164, 3191, 3204, 3211, 3239, 3252, 3259, 3287, 3300, 3307, 3337]@{}
http://www.comp.hkbu.edu.hk/v1/?page=sitemap?=sc?=tc?=tc@[1881, 1890, 1899, 2257, 2265, 2273, 3006, 3013, 3043, 3056, 3063, 3094, 3107, 3114, 3144, 3157, 3164, 3191, 3204, 3211, 3239, 3252, 3259, 3287, 3300, 3307, 3337]@{}
http://www.comp.hkbu.edu.hk/v1/?page=home?=tc@[1881, 1890, 1899, 2257, 2265, 2273, 3002, 3009, 3039, 3052, 3059, 3090, 3103, 3110, 3140, 3153, 3160, 3187, 3200, 3207, 3235, 3248, 3255, 3283, 3296, 3303, 3333]@{}
http://www.comp.hkbu.edu.hk/v1/?page=job_vacancies?=tc?=tc?=tc?=tc@[1881, 1890, 1899, 2257, 2265, 2273, 3008, 3015, 3045, 3058, 3065, 3096, 3109, 3116, 3146, 3159, 3166, 3193, 3206, 3213, 3241, 3254, 3261, 3289, 3302, 3309, 3339]@{}
http://www.comp.hkbu.edu.hk/v1/?page=job_vacancies?=sc?=tc?=tc?=tc@[1881, 1890, 1899, 2257, 2265, 2273, 3008, 3015, 3045, 3058, 3065, 3096, 3109, 3116, 3146, 3159, 3166, 3193, 3206, 3213, 3241, 3254, 3261, 3289, 3302, 3309, 3339]@{}
http://www.comp.hkbu.edu.hk/v1/?page=sitemap?=tc?=tc?=tc?=tc@[1881, 1890, 1899, 2257, 2265, 2273, 3008, 3015, 3045, 3058, 3065, 3096, 3109, 3116, 3146, 3159, 3166, 3193, 3206, 3213, 3241, 3254, 3261, 3289, 3302, 3309, 3339]@{}
http://www.comp.hkbu.edu.hk/v1/?page=sitemap?=sc?=tc?=tc?=tc@[1881, 1890, 1899, 2257, 2265, 2273, 3008, 3015, 3045, 3058, 3065, 3096, 3109, 3116, 3146, 3159, 3166, 3193, 3206, 3213, 3241, 3254, 3261, 3289, 3302, 3309, 3339]@{}
http://www.comp.hkbu.edu.hk/v1/?page=home?=tc?=tc@[1881, 1890, 1899, 2257, 2265, 2273, 3004, 3011, 3041, 3054, 3061, 3092, 3105, 3112, 3142, 3155, 3162, 3189, 3202, 3209, 3237, 3250, 3257, 3285, 3298, 3305, 3335]@{}
http://www.comp.hkbu.edu.hk/v1/?page=job_vacancies?=tc?=tc?=tc?=tc?=tc@[1881, 1890, 1899, 2257, 2265, 2273, 3010, 3017, 3047, 3060, 3067, 3098, 3111, 3118, 3148, 3161, 3168, 3195, 3208, 3215, 3243, 3256, 3263, 3291, 3304, 3311, 3341]@{}
http://www.comp.hkbu.edu.hk/v1/?page=job_vacancies?=sc?=tc?=tc?=tc?=tc@[1881, 1890, 1899, 2257, 2265, 2273, 3010, 3017, 3047, 3060, 3067, 3098, 3111, 3118, 3148, 3161, 3168, 3195, 3208, 3215, 3243, 3256, 3263, 3291, 3304, 3311, 3341]@{}
http://www.comp.hkbu.edu.hk/v1/?page=sitemap?=tc?=tc?=tc?=tc?=tc@[1881, 1890, 1899, 2257, 2265, 2273, 3010, 3017, 3047, 3060, 3067, 3098, 3111, 3118, 3148, 3161, 3168, 3195, 3208, 3215, 3243, 3256, 3263, 3291, 3304, 3311, 3341]@{}
http://www.comp.hkbu.edu.hk/v1/?page=sitemap?=sc?=tc?=tc?=tc?=tc@[1881, 1890, 1899, 2257, 2265, 2273, 3010, 3017, 3047, 3060, 3067, 3098, 3111, 3118, 3148, 3161, 3168, 3195, 3208, 3215, 3243, 3256, 3263, 3291, 3304, 3311, 3341]@{}
http://www.comp.hkbu.edu.hk/v1/?page=home?=tc?=tc?=tc@[1881, 1890, 1899, 2257, 2265, 2273, 3006, 3013, 3043, 3056, 3063, 3094, 3107, 3114, 3144, 3157, 3164, 3191, 3204, 3211, 3239, 3252, 3259, 3287, 3300, 3307, 3337]@{}
http://www.comp.hkbu.edu.hk/v1/?page=job_vacancies@[1429, 1438, 1447, 1805, 1813, 1821, 2548, 2555, 2585, 2598, 2605, 2636, 2649, 2656, 2686, 2699, 2706, 2733, 2746, 2753, 2781, 2794, 2801, 2829, 2842, 2849, 2879]@{}
http://www.comp.hkbu.edu.hk/v1/?page=job_vacancies?=tc?=tc?=tc?=tc?=tc?=tc@[1881, 1890, 1899, 2257, 2265, 2273, 3012, 3019, 3049, 3062, 3069, 3100, 3113, 3120, 3150, 3163, 3170, 3197, 3210, 3217, 3245, 3258, 3265, 3293, 3306, 3313, 3343]@{}
http://www.comp.hkbu.edu.hk/v1/?page=job_vacancies?=sc?=tc?=tc?=tc?=tc?=tc@[1881, 1890, 1899, 2257, 2265, 2273, 3012, 3019, 3049, 3062, 3069, 3100, 3113, 3120, 3150, 3163, 3170, 3197, 3210, 3217, 3245, 3258, 3265, 3293, 3306, 3313, 3343]@{}
http://www.comp.hkbu.edu.hk/v1/?page=sitemap?=tc?=tc?=tc?=tc?=tc?=tc@[1881, 1890, 1899, 2257, 2265, 2273, 3012, 3019, 3049, 3062, 3069, 3100, 3113, 3120, 3150, 3163, 3170, 3197, 3210, 3217, 3245, 3258, 3265, 3293, 3306, 3313, 3343]@{}
http://www.comp.hkbu.edu.hk/v1/?page=sitemap?=sc?=tc?=tc?=tc?=tc?=tc@[1881, 1890, 1899, 2257, 2265, 2273, 3012, 3019, 3049, 3062, 3069, 3100, 3113, 3120, 3150, 3163, 3170, 3197, 3210, 3217, 3245, 3258, 3265, 3293, 3306, 3313, 3343]@{}
http://www.comp.hkbu.edu.hk/v1/?page=home?=tc?=tc?=tc?=tc@[1881, 1890, 1899, 2257, 2265, 2273, 3008, 3015, 3045, 3058, 3065, 3096, 3109, 3116, 3146, 3159, 3166, 3193, 3206, 3213, 3241, 3254, 3261, 3289, 3302, 3309, 3339]@{}
http://www.comp.hkbu.edu.hk/v1/?page=job_vacancies?=tc?=tc?=tc?=tc?=tc?=tc?=tc@[1881, 1890, 1899, 2257, 2265, 2273, 3014, 3021, 3051, 3064, 3071, 3102, 3115, 3122, 3152, 3165, 3172, 3199, 3212, 3219, 3247, 3260, 3267, 3295, 3308, 3315, 3345]@{}
http://www.comp.hkbu.edu.hk/v1/?page=job_vacancies?=sc?=tc?=tc?=tc?=tc?=tc?=tc@[1881, 1890, 1899, 2257, 2265, 2273, 3014, 3021, 3051, 3064, 3071, 3102, 3115, 3122, 3152, 3165, 3172, 3199, 3212, 3219, 3247, 3260, 3267, 3295, 3308, 3315, 3345]@{}
http://www.comp.hkbu.edu.hk/v1/?page=sitemap?=tc?=tc?=tc?=tc?=tc?=tc?=tc@[1881, 1890, 1899, 2257, 2265, 2273, 3014, 3021, 3051, 3064, 3071, 3102, 3115, 3122, 3152, 3165, 3172, 3199, 3212, 3219, 3247, 3260, 3267, 3295, 3308, 3315, 3345]@{}
http://www.comp.hkbu.edu.hk/v1/?page=sitemap?=sc?=tc?=tc?=tc?=tc?=tc?=tc@[1881, 1890, 1899, 2257, 2265, 2273, 3014, 3021, 3051, 3064, 3071, 3102, 3115, 3122, 3152, 3165, 3172, 3199, 3212, 3219, 3247, 3260, 3267, 3295, 3308, 3315, 3345]@{}
http://www.comp.hkbu.edu.hk/v1/?page=home?=tc?=tc?=tc?=tc?=tc@[1881, 1890, 1899, 2257, 2265, 2273, 3010, 3017, 3047, 3060, 3067, 3098, 3111, 3118, 3148, 3161, 3168, 3195, 3208, 3215, 3243, 3256, 3263, 3291, 3304, 3311, 3341]@{}
http://www.comp.hkbu.edu.hk/v1/?page=job_vacancies?=tc?=tc?=tc?=tc?=tc?=tc?=tc?=tc@[1881, 1890, 1899, 2257, 2265, 2273, 3016, 3023, 3053, 3066, 3073, 3104, 3117, 3124, 3154, 3167, 3174, 3201, 3214, 3221, 3249, 3262, 3269, 3297, 3310, 3317, 3347]@{}
http://www.comp.hkbu.edu.hk/v1/?page=job_vacancies?=sc?=tc?=tc?=tc?=tc?=tc?=tc?=tc@[1881, 1890, 1899, 2257, 2265, 2273, 3016, 3023, 3053, 3066, 3073, 3104, 3117, 3124, 3154, 3167, 3174, 3201, 3214, 3221, 3249, 3262, 3269, 3297, 3310, 3317, 3347]@{}
http://www.comp.hkbu.edu.hk/v1/?page=sitemap?=tc?=tc?=tc?=tc?=tc?=tc?=tc?=tc@[1881, 1890, 1899, 2257, 2265, 2273, 3016, 3023, 3053, 3066, 3073, 3104, 3117, 3124, 3154, 3167, 3174, 3201, 3214, 3221, 3249, 3262, 3269, 3297, 3310, 3317, 3347]@{}
http://www.comp.hkbu.edu.hk/v1/?page=sitemap?=sc?=tc?=tc?=tc?=tc?=tc?=tc?=tc@[1881, 1890, 1899, 2257, 2265, 2273, 3016, 3023, 3053, 3066, 3073, 3104, 3117, 3124, 3154, 3167, 3174, 3201, 3214, 3221, 3249, 3262, 3269, 3297, 3310, 3317, 3347]@{}
http://www.comp.hkbu.edu.hk/v1/?page=sitemap@[1427, 1436, 1445, 1803, 1811, 1819, 2546, 2553, 2583, 2596, 2603, 2634, 2647, 2654, 2684, 2697, 2704, 2731, 2744, 2751, 2779, 2792, 2799, 2827, 2840, 2847, 2877]@{}
http://www.comp.hkbu.edu.hk/v1/?page=home?=tc?=tc?=tc?=tc?=tc?=tc@[1881, 1890, 1899, 2257, 2265, 2273, 3012, 3019, 3049, 3062, 3069, 3100, 3113, 3120, 3150, 3163, 3170, 3197, 3210, 3217, 3245, 3258, 3265, 3293, 3306, 3313, 3343]@{}
http://www.comp.hkbu.edu.hk/v1/?page=job_vacancies?=tc?=tc?=tc?=tc?=tc?=tc?=tc?=tc?=tc@[1881, 1890, 1899, 2257, 2265, 2273, 3018, 3025, 3055, 3068, 3075, 3106, 3119, 3126, 3156, 3169, 3176, 3203, 3216, 3223, 3251, 3264, 3271, 3299, 3312, 3319, 3349]@{}
http://www.comp.hkbu.edu.hk/v1/?page=job_vacancies?=sc?=tc?=tc?=tc?=tc?=tc?=tc?=tc?=tc@[1881, 1890, 1899, 2257, 2265, 2273, 3018, 3025, 3055, 3068, 3075, 3106, 3119, 3126, 3156, 3169, 3176, 3203, 3216, 3223, 3251, 3264, 3271, 3299, 3312, 3319, 3349]@{}
http://www.comp.hkbu.edu.hk/v1/?page=sitemap?=tc?=tc?=tc?=tc?=tc?=tc?=tc?=tc?=tc@[1881, 1890, 1899, 2257, 2265, 2273, 3018, 3025, 3055, 3068, 3075, 3106, 3119, 3126, 3156, 3169, 3176, 3203, 3216, 3223, 3251, 3264, 3271, 3299, 3312, 3319, 3349]@{}
http://www.comp.hkbu.edu.hk/v1/?page=sitemap?=sc?=tc?=tc?=tc?=tc?=tc?=tc?=tc?=tc@[1881, 1890, 1899, 2257, 2265, 2273, 3018, 3025, 3055, 3068, 3075, 3106, 3119, 3126, 3156, 3169, 3176, 3203, 3216, 3223, 3251, 3264, 3271, 3299, 3312, 3319, 3349]@{}
http://www.comp.hkbu.edu.hk/v1/?lang=tc@[1881, 1890, 1899, 2257, 2265, 2273, 2996, 3003, 3033, 3046, 3053, 3084, 3097, 3104, 3134, 3147, 3154, 3181, 3194, 3201, 3229, 3242, 3249, 3277, 3290, 3297, 3327]@{}
