http://www.comp.hkbu.edu.hk@[634, 682, 899, 920, 925, 942, 947, 962, 964, 969, 984, 986, 988, 993, 995, 1002, 1019, 1021, 1023, 1025, 1030, 1032, 1034, 1041, 1043, 1052, 1820, 2990, 3335, 4614, 4827]@{}
http://www.comp.hkbu.edu.hk/v1/?page=sci@[928, 1074, 1075, 1125, 1207, 1235, 1274, 1339, 1362, 1384, 1456, 1478, 1489, 1508, 1534, 1555, 1567, 1568, 1587, 1616, 1627, 1661, 1663, 1685, 1739, 1762, 1763, 1885, 1910, 1948, 1974, 2059, 2555, 2709, 3054, 3794, 5776, 5779, 5780, 5783, 5786, 5789, 5792, 5815, 7894, 8075, 8076, 8114, 8115]@{}
http://www.comp.hkbu.edu.hk/v1/?page=job_vacancies?=tc@[634, 682, 899, 920, 925, 942, 947, 962, 964, 969, 984, 986, 988, 993, 995, 1002, 1019, 1021, 1023, 1025, 1030, 1032, 1034, 1041, 1043, 1052, 1820, 2996, 3341, 4620, 4823]@{}
http://www.comp.hkbu.edu.hk/v1/?page=job_vacancies?=sc@[634, 682, 899, 920, 925, 942, 947, 962, 964, 969, 984, 986, 988, 993, 995, 1002, 1019, 1021, 1023, 1025, 1030, 1032, 1034, 1041, 1043, 1052, 1820, 2996, 3341, 4620, 4823]@{}
http://www.comp.hkbu.edu.hk/v1/?page=sitemap?=tc@[634, 682, 899, 920, 925, 942, 947, 962, 964, 969, 984, 986, 988, 993, 995, 1002, 1019, 1021, 1023, 1025, 1030, 1032, 1034, 1041, 1043, 1052, 1820, 2996, 3341, 4619, 4819]@{}
http://www.comp.hkbu.edu.hk/v1/?page=sitemap?=sc@[634, 682, 899, 920, 925, 942, 947, 962, 964, 969, 984, 986, 988, 993, 995, 1002, 1019, 1021, 1023, 1025, 1030, 1032, 1034, 1041, 1043, 1052, 1820, 2996, 3341, 4619, 4818]@{}
http://www.comp.hkbu.edu.hk/v1/?lang=sc@[634, 682, 899, 920, 925, 942, 947, 962, 964, 969, 984, 986, 988, 993, 995, 1002, 1019, 1021, 1023, 1025, 1030, 1032, 1034, 1041, 1043, 1052, 1820, 2990, 3335, 4614, 4814]@{}
http://www.comp.hkbu.edu.hk/v1/?page=job_vacancies?=tc?=tc@[634, 682, 899, 920, 925, 942, 947, 962, 964, 969, 984, 986, 988, 993, 995, 1002, 1019, 1021, 1023, 1025, 1030, 1032, 1034, 1041, 1043, 1052, 1820, 2998, 3343, 4621, 4820]@{}
http://www.comp.hkbu.edu.hk/v1/?page=job_vacancies?=sc?=tc@[634, 682, 899, 920, 925, 942, 947, 962, 964, 969, 984, 986, 988, 993, 995, 1002, 1019, 1021, 1023, 1025, 1030, 1032, 1034, 1041, 1043, 1052, 1820, 2998, 3343, 4621, 4830]@{}
http://www.comp.hkbu.edu.hk/v1/?page=sitemap?=tc?=tc@[634, 682, 899, 920, 925, 942, 947, 962, 964, 969, 984, 986, 988, 993, 995, 1002, 1019, 1021, 1023, 1025, 1030, 1032, 1034, 1041, 1043, 1052, 1820, 2998, 3343, 4621, 4820]@{}
http://www.comp.hkbu.edu.hk/v1/?page=sitemap?=sc?=tc@[634, 682, 899, 920, 925, 942, 947, 962, 964, 969, 984, 986, 988, 993, 995, 1002, 1019, 1021, 1023, 1025, 1030, 1032, 1034, 1041, 1043, 1052, 1820, 2998, 3343, 4621, 4834]@{}
http://www.comp.hkbu.edu.hk/v1/?page=home@[634, 682, 899, 920, 925, 942, 947, 962, 964, 969, 984, 986, 988, 993, 995, 1002, 1019, 1021, 1023, 1025, 1030, 1032, 1034, 1041, 1043, 1052, 1820, 2994, 3339, 4617, 4812]@{}
http://www.comp.hkbu.edu.hk/v1/?page=job_vacancies?=tc?=tc?=tc@[634, 682, 899, 920, 925, 942, 947, 962, 964, 969, 984, 986, 988, 993, 995, 1002, 1019, 1021, 1023, 1025, 1030, 1032, 1034, 1041, 1043, 1052, 1820, 3000, 3345, 4624, 4834]@{}
http://www.comp.hkbu.edu.hk/v1/?page=job_vacancies?=sc?=tc?=tc@[634, 682, 899, 920, 925, 942, 947, 962, 964, 969, 984, 986, 988, 993, 995, 1002, 1019, 1021, 1023, 1025, 1030, 1032, 1034, 1041, 1043, 1052, 1820, 3000, 3345, 4623, 4818]@{}
http://www.comp.hkbu.edu.hk/v1/?page=sitemap?=tc?=tc?=tc@[634, 682, 899, 920, 925, 942, 947, 962, 964, 969, 984, 986, 988, 993, 995, 1002, 1019, 1021, 1023, 1025, 1030, 1032, 1034, 1041, 1043, 1052, 1820, 3000, 3345, 4624, 4824]@{}
http://www.comp.hkbu.edu.hk/v1/?page=sitemap?=sc?=tc?=tc@[634, 682, 899, 920, 925, 942, 947, 962, 964, 969, 984, 986, 988, 993, 995, 1002, 1019, 1021, 1023, 1025, 1030, 1032, 1034, 1041, 1043, 1052, 1820, 3000, 3345, 4624, 4827]@{}
http://www.comp.hkbu.edu.hk/v1/?page=home?=tc@[634, 682, 899, 920, 925, 942, 947, 962, 964, 969, 984, 986, 988, 993, 995, 1002, 1019, 1021, 1023, 1025, 1030, 1032, 1034, 1041, 1043, 1052, 1820, 2996, 3341, 4619, 4822]@{}
http://www.comp.hkbu.edu.hk/v1/?page=job_vacancies?=tc?=tc?=tc?=tc@[634, 682, 899, 920, 925, 942, 947, 962, 964, 969, 984, 986, 988, 993, 995, 1002, 1019, 1021, 1023, 1025, 1030, 1032, 1034, 1041, 1043, 1052, 1820, 3002, 3347, 4626, 4835]@{}
http://www.comp.hkbu.edu.hk/v1/?page=job_vacancies?=sc?=tc?=tc?=tc@[634, 682, 899, 920, 925, 942, 947, 962, 964, 969, 984, 986, 988, 993, 995, 1002, 1019, 1021, 1023, 1025, 1030, 1032, 1034, 1041, 1043, 1052, 1820, 3002, 3347, 4626, 4836]@{}
http://www.comp.hkbu.edu.hk/v1/?page=sitemap?=tc?=tc?=tc?=tc@[634, 682, 899, 920, 925, 942, 947, 962, 964, 969, 984, 986, 988, 993, 995, 1002, 1019, 1021, 1023, 1025, 1030, 1032, 1034, 1041, 1043, 1052, 1820, 3002, 3347, 4625, 4824]@{}
http://www.comp.hkbu.edu.hk/v1/?page=sitemap?=sc?=tc?=tc?=tc@[634, 682, 899, 920, 925, 942, 947, 962, 964, 969, 984, 986, 988, 993, 995, 1002, 1019, 1021, 1023, 1025, 1030, 1032, 1034, 1041, 1043, 1052, 1820, 3002, 3347, 4625, 4835]@{}
http://www.comp.hkbu.edu.hk/v1/?page=home?=tc?=tc@[634, 682, 899, 920, 925, 942, 947, 962, 964, 969, 984, 986, 988, 993, 995, 1002, 1019, 1021, 1023, 1025, 1030, 1032, 1034, 1041, 1043, 1052, 1820, 2998, 3343, 4621, 4824]@{}
http://www.comp.hkbu.edu.hk/v1/?page=job_vacancies?=tc?=tc?=tc?=tc?=tc@[634, 682, 899, 920, 925, 942, 947, 962, 964, 969, 984, 986, 988, 993, 995, 1002, 1019, 1021, 1023, 1025, 1030, 1032, 1034, 1041, 1043, 1052, 1820, 3004, 3349, 4628, 4838]@{}
http://www.comp.hkbu.edu.hk/v1/?page=job_vacancies?=sc?=tc?=tc?=tc?=tc@[634, 682, 899, 920, 925, 942, 947, 962, 964, 969, 984, 986, 988, 993, 995, 1002, 1019, 1021, 1023, 1025, 1030, 1032, 1034, 1041, 1043, 1052, 1820, 3004, 3349, 4627, 4823]@{}
http://www.comp.hkbu.edu.hk/v1/?page=sitemap?=tc?=tc?=tc?=tc?=tc@[634, 682, 899, 920, 925, 942, 947, 962, 964, 969, 984, 986, 988, 993, 995, 1002, 1019, 1021, 1023, 1025, 1030, 1032, 1034, 1041, 1043, 1052, 1820, 3004, 3349, 4628, 4831]@{}
http://www.comp.hkbu.edu.hk/v1/?page=sitemap?=sc?=tc?=tc?=tc?=tc@[634, 682, 899, 920, 925, 942, 947, 962, 964, 969, 984, 986, 988, 993, 995, 1002, 1019, 1021, 1023, 1025, 1030, 1032, 1034, 1041, 1043, 1052, 1820, 3004, 3349, 4627, 4837]@{}
http://www.comp.hkbu.edu.hk/v1/?page=home?=tc?=tc?=tc@[634, 682, 899, 920, 925, 942, 947, 962, 964, 969, 984, 986, 988, 993, 995, 1002, 1019, 1021, 1023, 1025, 1030, 1032, 1034, 1041, 1043, 1052, 1820, 3000, 3345, 4623, 4822]@{}
http://www.comp.hkbu.edu.hk/v1/?page=job_vacancies@[182, 230, 447, 468, 473, 490, 495, 510, 512, 517, 532, 534, 536, 541, 543, 550, 567, 569, 571, 573, 578, 580, 582, 589, 591, 600, 1368, 2542, 2887, 4140, 4198]@{}
http://www.comp.hkbu.edu.hk/v1/?page=job_vacancies?=tc?=tc?=tc?=tc?=tc?=tc@[634, 682, 899, 920, 925, 942, 947, 962, 964, 969, 984, 986, 988, 993, 995, 1002, 1019, 1021, 1023, 1025, 1030, 1032, 1034, 1041, 1043, 1052, 1820, 3006, 3351, 4630, 4826]@{}
http://www.comp.hkbu.edu.hk/v1/?page=job_vacancies?=sc?=tc?=tc?=tc?=tc?=tc@[634, 682, 899, 920, 925, 942, 947, 962, 964, 969, 984, 986, 988, 993, 995, 1002, 1019, 1021, 1023, 1025, 1030, 1032, 1034, 1041, 1043, 1052, 1820, 3006, 3351, 4629, 4825]@{}
http://www.comp.hkbu.edu.hk/v1/?page=sitemap?=tc?=tc?=tc?=tc?=tc?=tc@[634, 682, 899, 920, 925, 942, 947, 962, 964, 969, 984, 986, 988, 993, 995, 1002, 1019, 1021, 1023, 1025, 1030, 1032, 1034, 1041, 1043, 1052, 1820, 3006, 3351, 4629, 4829]@{}
http://www.comp.hkbu.edu.hk/v1/?page=sitemap?=sc?=tc?=tc?=tc?=tc?=tc@[634, 682, 899, 920, 925, 942, 947, 962, 964, 969, 984, 986, 988, 993, 995, 1002, 1019, 1021, 1023, 1025, 1030, 1032, 1034, 1041, 1043, 1052, 1820, 3006, 3351, 4630, 4847]@{}
http://www.comp.hkbu.edu.hk/v1/?page=home?=tc?=tc?=tc?=tc@[634, 682, 899, 920, 925, 942, 947, 962, 964, 969, 984, 986, 988, 993, 995, 1002, 1019, 1021, 1023, 1025, 1030, 1032, 1034, 1041, 1043, 1052, 1820, 3002, 3347, 4626, 4828]@{}
http://www.comp.hkbu.edu.hk/v1/?page=job_vacancies?=tc?=tc?=tc?=tc?=tc?=tc?=tc@[634, 682, 899, 920, 925, 942, 947, 962, 964, 969, 984, 986, 988, 993, 995, 1002, 1019, 1021, 1023, 1025, 1030, 1032, 1034, 1041, 1043, 1052, 1820, 3008, 3353, 4632, 4830]@{}
http://www.comp.hkbu.edu.hk/v1/?page=job_vacancies?=sc?=tc?=tc?=tc?=tc?=tc?=tc@[634, 682, 899, 920, 925, 942, 947, 962, 964, 969, 984, 986, 988, 993, 995, 1002, 1019, 1021, 1023, 1025, 1030, 1032, 1034, 1041, 1043, 1052, 1820, 3008, 3353, 4632, 4827]@{}
http://www.comp.hkbu.edu.hk/v1/?page=sitemap?=tc?=tc?=tc?=tc?=tc?=tc?=tc@[634, 682, 899, 920, 925, 942, 947, 962, 964, 969, 984, 986, 988, 993, 995, 1002, 1019, 1021, 1023, 1025, 1030, 1032, 1034, 1041, 1043, 1052, 1820, 3008, 3353, 4631, 4829]@{}
http://www.comp.hkbu.edu.hk/v1/?page=sitemap?=sc?=tc?=tc?=tc?=tc?=tc?=tc@[634, 682, 899, 920, 925, 942, 947, 962, 964, 969, 984, 986, 988, 993, 995, 1002, 1019, 1021, 1023, 1025, 1030, 1032, 1034, 1041, 1043, 1052, 1820, 3008, 3353, 4631, 4831]@{}
http://www.comp.hkbu.edu.hk/v1/?page=home?=tc?=tc?=tc?=tc?=tc@[634, 682, 899, 920, 925, 942, 947, 962, 964, 969, 984, 986, 988, 993, 995, 1002, 1019, 1021, 1023, 1025, 1030, 1032, 1034, 1041, 1043, 1052, 1820, 3004, 3349, 4628, 4831]@{}
http://www.comp.hkbu.edu.hk/v1/?page=job_vacancies?=tc?=tc?=tc?=tc?=tc?=tc?=tc?=tc@[634, 682, 899, 920, 925, 942, 947, 962, 964, 969, 984, 986, 988, 993, 995, 1002, 1019, 1021, 1023, 1025, 1030, 1032, 1034, 1041, 1043, 1052, 1820, 3010, 3355, 4634, 4846]@{}
http://www.comp.hkbu.edu.hk/v1/?page=job_vacancies?=sc?=tc?=tc?=tc?=tc?=tc?=tc?=tc@[634, 682, 899, 920, 925, 942, 947, 962, 964, 969, 984, 986, 988, 993, 995, 1002, 1019, 1021, 1023, 1025, 1030, 1032, 1034, 1041, 1043, 1052, 1820, 3010, 3355, 4634, 4830]@{}
http://www.comp.hkbu.edu.hk/v1/?page=sitemap?=tc?=tc?=tc?=tc?=tc?=tc?=tc?=tc@[634, 682, 899, 920, 925, 942, 947, 962, 964, 969, 984, 986, 988, 993, 995, 1002, 1019, 1021, 1023, 1025, 1030, 1032, 1034, 1041, 1043, 1052, 1820, 3010, 3355, 4634, 4833]@{}
http://www.comp.hkbu.edu.hk/v1/?page=sitemap?=sc?=tc?=tc?=tc?=tc?=tc?=tc?=tc@[634, 682, 899, 920, 925, 942, 947, 962, 964, 969, 984, 986, 988, 993, 995, 1002, 1019, 1021, 1023, 1025, 1030, 1032, 1034, 1041, 1043, 1052, 1820, 3010, 3355, 4634, 4847]@{}
http://www.comp.hkbu.edu.hk/v1/?page=sitemap@[180, 228, 445, 466, 471, 488, 493, 508, 510, 515, 530, 532, 534, 539, 541, 548, 565, 567, 569, 571, 576, 578, 580, 587, 589, 598, 1366, 2540, 2885, 4126, 4145, 4176, 4196, 4232, 4241, 4277, 4284, 4336, 4344, 4355, 4364, 4413, 4424, 4437, 4456, 4483, 4509, 4521, 4523, 4534, 4543, 4572, 4583, 4627, 4646, 4673, 4699, 4711, 4713, 4722, 4756, 4769, 4791, 4824, 4853, 4887, 4895, 4905, 4915, 4943, 4952, 4992, 5003, 5063, 5082, 5107, 5118, 5155, 5180, 5189, 5283, 5311, 5318, 5405, 5414, 5452, 5463, 5471, 5481, 5483, 5511, 5525, 5561, 5574, 5580, 5598, 5617, 5619, 5624, 5639, 5671]@{}
http://www.comp.hkbu.edu.hk/v1/?page=home?=tc?=tc?=tc?=tc?=tc?=tc@[634, 682, 899, 920, 925, 942, 947, 962, 964, 969, 984, 986, 988, 993, 995, 1002, 1019, 1021, 1023, 1025, 1030, 1032, 1034, 1041, 1043, 1052, 1820, 3006, 3351, 4629, 4832]@{}
http://www.comp.hkbu.edu.hk/v1/?page=job_vacancies?=tc?=tc?=tc?=tc?=tc?=tc?=tc?=tc?=tc@[634, 682, 899, 920, 925, 942, 947, 962, 964, 969, 984, 986, 988, 993, 995, 1002, 1019, 1021, 1023, 1025, 1030, 1032, 1034, 1041, 1043, 1052, 1820, 3012, 3357, 4636, 4846]@{}
http://www.comp.hkbu.edu.hk/v1/?page=job_vacancies?=sc?=tc?=tc?=tc?=tc?=tc?=tc?=tc?=tc@[634, 682, 899, 920, 925, 942, 947, 962, 964, 969, 984, 986, 988, 993, 995, 1002, 1019, 1021, 1023, 1025, 1030, 1032, 1034, 1041, 1043, 1052, 1820, 3012, 3357, 4636, 4845]@{}
http://www.comp.hkbu.edu.hk/v1/?page=sitemap?=tc?=tc?=tc?=tc?=tc?=tc?=tc?=tc?=tc@[634, 682, 899, 920, 925, 942, 947, 962, 964, 969, 984, 986, 988, 993, 995, 1002, 1019, 1021, 1023, 1025, 1030, 1032, 1034, 1041, 1043, 1052, 1820, 3012, 3357, 4635, 4830]@{}
http://www.comp.hkbu.edu.hk/v1/?page=sitemap?=sc?=tc?=tc?=tc?=tc?=tc?=tc?=tc?=tc@[634, 682, 899, 920, 925, 942, 947, 962, 964, 969, 984, 986, 988, 993, 995, 1002, 1019, 1021, 1023, 1025, 1030, 1032, 1034, 1041, 1043, 1052, 1820, 3012, 3357, 4635, 4848]@{}
http://www.comp.hkbu.edu.hk/v1/?lang=tc@[634, 682, 899, 920, 925, 942, 947, 962, 964, 969, 984, 986, 988, 993, 995, 1002, 1019, 1021, 1023, 1025, 1030, 1032, 1034, 1041, 1043, 1052, 1820, 2990, 3335, 4613, 4830]@{}
http://www.sci.hkbu.edu.hk/eng/page/?page=prospective-students@[928, 1074, 1075, 1125, 1207, 1235, 1274, 1339, 1362, 1384, 1456, 1478, 1489, 1508, 1534, 1555, 1567, 1568, 1587, 1616, 1627, 1661, 1663, 1685, 1739, 1762, 1763, 1885, 1910, 1948, 1974, 2059, 2429, 2475, 2478, 2520, 2523, 2558, 2563, 2617, 2620, 2659, 2662, 2698, 2703, 2738, 2741, 2782, 2793, 2833, 2844, 2887, 2898, 2955, 2966, 3082, 3093, 3127, 3439, 3620, 3621, 3659, 3660]@{}
http://www.sci.hkbu.edu.hk/eng/page/?page=current-students@[928, 1074, 1075, 1125, 1207, 1235, 1274, 1339, 1362, 1384, 1456, 1478, 1489, 1508, 1534, 1555, 1567, 1568, 1587, 1616, 1627, 1661, 1663, 1685, 1739, 1762, 1763, 1885, 1910, 1948, 1974, 2059, 3095, 3276, 3277, 3315, 3316]@{}
http://www.sci.hkbu.edu.hk/eng/page/@[928, 1074, 1075, 1125, 1207, 1235, 1274, 1339, 1362, 1384, 1456, 1478, 1489, 1508, 1534, 1555, 1567, 1568, 1587, 1616, 1627, 1661, 1663, 1685, 1739, 1762, 1763, 1885, 1910, 1948, 1974, 2059, 3198, 3379, 3380, 3418, 3419]@{}
http://www.sci.hkbu.edu.hk/eng/about-us/honorary-doctorate@[928, 1074, 1075, 1125, 1207, 1235, 1274, 1339, 1362, 1384, 1456, 1478, 1489, 1508, 1534, 1555, 1567, 1568, 1587, 1616, 1627, 1661, 1663, 1685, 1739, 1762, 1763, 1885, 1910, 1948, 1974, 2059, 2369, 2573, 3729, 3910, 3911, 3949, 3950]@{}
http://www.sci.hkbu.edu.hk/eng/about-us/distinguished-professorship/eng/page/?page=prospective-students@[928, 1074, 1075, 1125, 1207, 1235, 1274, 1339, 1362, 1384, 1456, 1478, 1489, 1508, 1534, 1555, 1567, 1568, 1587, 1616, 1627, 1661, 1663, 1685, 1739, 1762, 1763, 1885, 1910, 1948, 1974, 2059, 2555, 2709, 3054, 3794, 5776, 5779, 5780, 5783, 5786, 5789, 5792, 5815, 7894, 8075, 8076, 8114, 8115]@{}
http://www.sci.hkbu.edu.hk/eng/about-us/honorary-doctorate/eng/page/?page=prospective-students@[928, 1074, 1075, 1125, 1207, 1235, 1274, 1339, 1362, 1384, 1456, 1478, 1489, 1508, 1534, 1555, 1567, 1568, 1587, 1616, 1627, 1661, 1663, 1685, 1739, 1762, 1763, 1885, 1910, 1948, 1974, 2059, 2555, 2709, 3054, 3794, 5776, 5779, 5780, 5783, 5786, 5789, 5792, 5815, 7894, 8075, 8076, 8114, 8115]@{}
http://www.sci.hkbu.edu.hk/eng/about-us/distinguished-professor-of-science@[928, 1074, 1075, 1125, 1207, 1235, 1274, 1339, 1362, 1384, 1456, 1478, 1489, 1508, 1534, 1555, 1567, 1568, 1587, 1616, 1627, 1661, 1663, 1685, 1739, 1762, 1763, 1885, 1910, 1948, 1974, 2059, 2369, 2573, 3545, 3726, 3727, 3765, 3766]@{}
http://www.sci.hkbu.edu.hk/eng/about-us/dr-kennedy-wong-distinguished-visiting-professorship-scheme@[928, 1074, 1075, 1125, 1207, 1235, 1274, 1339, 1362, 1384, 1456, 1478, 1489, 1508, 1534, 1555, 1567, 1568, 1587, 1616, 1627, 1661, 1663, 1685, 1739, 1762, 1763, 1885, 1910, 1948, 1974, 2059, 2369, 2573, 3214, 3395, 3396, 3434, 3435]@{}
http://www.sci.hkbu.edu.hk/eng/about-us/distinguished-professor-of-science/eng/page/?page=prospective-students@[928, 1074, 1075, 1125, 1207, 1235, 1274, 1339, 1362, 1384, 1456, 1478, 1489, 1508, 1534, 1555, 1567, 1568, 1587, 1616, 1627, 1661, 1663, 1685, 1739, 1762, 1763, 1885, 1910, 1948, 1974, 2059, 2555, 2709, 3054, 3794, 5776, 5779, 5780, 5783, 5786, 5789, 5792, 5815, 7894, 8075, 8076, 8114, 8115]@{}
http://www.sci.hkbu.edu.hk/eng/about-us/dr-kennedy-wong-distinguished-visiting-professorship-scheme/eng/page/?page=prospective-students@[928, 1074, 1075, 1125, 1207, 1235, 1274, 1339, 1362, 1384, 1456, 1478, 1489, 1508, 1534, 1555, 1567, 1568, 1587, 1616, 1627, 1661, 1663, 1685, 1739, 1762, 1763, 1885, 1910, 1948, 1974, 2059, 2555, 2709, 3054, 3794, 5776, 5779, 5780, 5783, 5786, 5789, 5792, 5815, 7894, 8075, 8076, 8114, 8115]@{}
http://www.sci.hkbu.edu.hk/eng/page/eng/about-us/vision-mission@[928, 1074, 1075, 1125, 1207, 1235, 1274, 1339, 1362, 1384, 1456, 1478, 1489, 1508, 1534, 1555, 1567, 1568, 1587, 1616, 1627, 1661, 1663, 1685, 1739, 1762, 1763, 1885, 1910, 1948, 1974, 2059, 2555, 2709, 3054, 3794, 5776, 5779, 5780, 5783, 5786, 5789, 5792, 5815, 7894, 8075, 8076, 8114, 8115]@{}
http://www.sci.hkbu.edu.hk/eng/page/eng/about-us/faculty-advisory-committee@[928, 1074, 1075, 1125, 1207, 1235, 1274, 1339, 1362, 1384, 1456, 1478, 1489, 1508, 1534, 1555, 1567, 1568, 1587, 1616, 1627, 1661, 1663, 1685, 1739, 1762, 1763, 1885, 1910, 1948, 1974, 2059, 2555, 2709, 3054, 3794, 5776, 5779, 5780, 5783, 5786, 5789, 5792, 5815, 7894, 8075, 8076, 8114, 8115]@{}
http://www.sci.hkbu.edu.hk/eng@[928, 1074, 1075, 1125, 1207, 1235, 1274, 1339, 1362, 1384, 1456, 1478, 1489, 1508, 1534, 1555, 1567, 1568, 1587, 1616, 1627, 1661, 1663, 1685, 1739, 1762, 1763, 1885, 1910, 1948, 1974, 2059, 2555, 2709, 3054, 3794, 5776, 5779, 5780, 5783, 5786, 5789, 5792, 5815, 7894, 8075, 8076, 8114, 8115]@{}
http://www.sci.hkbu.edu.hk/eng/about-us/vision-mission@[928, 1074, 1075, 1125, 1207, 1235, 1274, 1339, 1362, 1384, 1456, 1478, 1489, 1508, 1534, 1555, 1567, 1568, 1587, 1616, 1627, 1661, 1663, 1685, 1739, 1762, 1763, 1885, 1910, 1948, 1974, 2059, 2369, 2573, 3118, 3299, 3300, 3338, 3339]@{}
http://www.sci.hkbu.edu.hk/eng/about-us/faculty-advisory-committee@[928, 1074, 1075, 1125, 1207, 1235, 1274, 1339, 1362, 1384, 1456, 1478, 1489, 1508, 1534, 1555, 1567, 1568, 1587, 1616, 1627, 1661, 1663, 1685, 1739, 1762, 1763, 1885, 1910, 1948, 1974, 2059, 2369, 2573, 2708, 2772, 3872, 4053, 4054, 4092, 4093]@{}
http://www.sci.hkbu.edu.hk/eng/about-us/vision-mission/eng/page/?page=prospective-students@[928, 1074, 1075, 1125, 1207, 1235, 1274, 1339, 1362, 1384, 1456, 1478, 1489, 1508, 1534, 1555, 1567, 1568, 1587, 1616, 1627, 1661, 1663, 1685, 1739, 1762, 1763, 1885, 1910, 1948, 1974, 2059, 2555, 2709, 3054, 3794, 5776, 5779, 5780, 5783, 5786, 5789, 5792, 5815, 7894, 8075, 8076, 8114, 8115]@{}
http://www.sci.hkbu.edu.hk/eng/about-us/faculty-advisory-committee/eng/page/?page=prospective-students@[928, 1074, 1075, 1125, 1207, 1235, 1274, 1339, 1362, 1384, 1456, 1478, 1489, 1508, 1534, 1555, 1567, 1568, 1587, 1616, 1627, 1661, 1663, 1685, 1739, 1762, 1763, 1885, 1910, 1948, 1974, 2059, 2555, 2709, 3054, 3794, 5776, 5779, 5780, 5783, 5786, 5789, 5792, 5815, 7894, 8075, 8076, 8114, 8115]@{}
http://www.sci.hkbu.edu.hk/eng/about-us/distinguished-professorship@[928, 1074, 1075, 1125, 1207, 1235, 1274, 1339, 1362, 1384, 1456, 1478, 1489, 1508, 1534, 1555, 1567, 1568, 1587, 1616, 1627, 1661, 1663, 1685, 1739, 1762, 1763, 1885, 1910, 1948, 1974, 2059, 2369, 2573, 2763, 2944, 2945, 2983, 2984]@{}
