https://www.comp.hkbu.edu.hk/v1/?page=library@[1273]@[1273]
https://library.hkbu.edu.hk/happenings/news/service-arrangements-7-sep-2020@[1175]@[1175]
https://www.comp.hkbu.edu.hk/v1/?page=head@[229, 257, 329, 477]@[229, 257, 329, 477]
https://www.hkbu.edu.hk/eng/visitors/visitors.jsp@[130, 150]@[130, 150]
https://twitter.com/HKBU_alumni@[0]@[]
https://www.comp.hkbu.edu.hk/v1/?page=events@[454]@[454]
https://foundation.hkbu.edu.hk/en/ways-to-give@[571]@[571]
https://www.comp.hkbu.edu.hk/v1/?pid=77@[172]@[172]
https://foundation.hkbu.edu.hk/en@[611, 919, 1108]@[611, 919, 1108]
https://policies.google.com/terms@[122, 152, 177, 222, 229, 310, 324, 522, 546, 550, 554, 558, 578, 658, 672, 704, 730, 744, 749, 790, 804, 836, 881, 889, 895, 912, 1031, 1038, 1185, 1586, 1598, 1838, 1929, 1943, 1966, 2055, 2083, 2090, 2150, 2157, 2279, 2294, 2313, 2371, 2540, 2550, 2567, 2582, 2630, 2645, 2947, 2973, 3017, 3050, 3134, 3150, 3222, 3229, 3438, 3448, 3518, 3529, 3536, 3546, 3565, 3571, 3599, 3609, 3627]@[122, 152, 177, 222, 229, 310, 324, 522, 546, 550, 554, 558, 578, 658, 672, 704, 730, 744, 749, 790, 804, 836, 881, 889, 895, 912, 1031, 1038, 1185, 1586, 1598, 1838, 1929, 1943, 1966, 2055, 2083, 2090, 2150, 2157, 2279, 2294, 2313, 2371, 2540, 2550, 2567, 2582, 2630, 2645, 2947, 2973, 3017, 3050, 3134, 3150, 3222, 3229, 3438, 3448, 3518, 3529, 3536, 3546, 3565, 3571, 3599, 3609, 3627]
https://policies.google.com/privacy@[107, 137, 140, 214, 371, 387, 415, 424, 431, 513, 517, 550, 555, 562, 637, 680, 691, 726, 754, 787, 867, 877, 893, 966, 1025, 1097, 1194, 1231, 1246, 1278, 1285, 1289, 1302, 1337, 1363, 1396, 1400, 1440, 1444, 1504, 1548, 1559, 1578, 1619, 1640, 1656, 1673, 1693, 1741, 1744, 1757, 1764, 1783, 1801, 1827, 1863, 1874, 1904, 1920, 1950, 1955, 2042, 2069, 2099, 2141, 2208, 2752, 2860, 2879, 2902, 2911, 2930, 2945, 3060, 3099, 3112, 3121, 3152, 3162, 3212, 3233, 3247, 3284, 3317, 3343, 3363, 3369, 3375, 3389, 3406, 3409, 3420, 3442, 3462, 3607, 3611, 3624, 3692, 3715, 3745, 3770, 3831, 3841, 3853, 3895, 3904, 3918, 3923, 3933, 3956, 4071, 4080, 4094, 4105, 4118, 4795, 5407, 5421, 5478, 5557, 5563, 5567, 5891, 5900, 5922, 6014, 6043, 6062, 6075, 6087, 6118, 6133, 6156, 6167, 6205, 6335, 6364, 6412, 6557, 6577, 6594, 6742, 6752, 6767, 6802, 6842, 6961, 6965, 6992, 7013, 7071, 7221, 7351, 7371, 7384, 7405, 7415, 7426, 7443]@[107, 137, 140, 214, 371, 387, 415, 424, 431, 513, 517, 550, 555, 562, 637, 680, 691, 726, 754, 787, 867, 877, 893, 966, 1025, 1097, 1194, 1231, 1246, 1278, 1285, 1289, 1302, 1337, 1363, 1396, 1400, 1440, 1444, 1504, 1548, 1559, 1578, 1619, 1640, 1656, 1673, 1693, 1741, 1744, 1757, 1764, 1783, 1801, 1827, 1863, 1874, 1904, 1920, 1950, 1955, 2042, 2069, 2099, 2141, 2208, 2752, 2860, 2879, 2902, 2911, 2930, 2945, 3060, 3099, 3112, 3121, 3152, 3162, 3212, 3233, 3247, 3284, 3317, 3343, 3363, 3369, 3375, 3389, 3406, 3409, 3420, 3442, 3462, 3607, 3611, 3624, 3692, 3715, 3745, 3770, 3831, 3841, 3853, 3895, 3904, 3918, 3923, 3933, 3956, 4071, 4080, 4094, 4105, 4118, 4795, 5407, 5421, 5478, 5557, 5563, 5567, 5891, 5900, 5922, 6014, 6043, 6062, 6075, 6087, 6118, 6133, 6156, 6167, 6205, 6335, 6364, 6412, 6557, 6577, 6594, 6742, 6752, 6767, 6802, 6842, 6961, 6965, 6992, 7013, 7071, 7221, 7351, 7371, 7384, 7405, 7415, 7426, 7443]
