http://www.comp.hkbu.edu.hk/~alumni/news/../news/@[802, 869, 878, 1236, 1245, 1440, 1449, 1569, 1577, 1708, 1717, 2090, 2099, 2226, 2235, 2692, 2703, 3242, 3258, 3334, 3520, 3539, 3802]@{}
http://www.comp.hkbu.edu.hk/~alumni/news/../scholarship/@[805]@{}
http://www.comp.hkbu.edu.hk/~alumni/news/../donation/@[622]@{}
http://www.comp.hkbu.edu.hk/~alumni/news/../news/../news/@[802, 869, 878, 1236, 1245, 1440, 1449, 1569, 1577, 1708, 1717, 2090, 2099, 2226, 2235, 2692, 2703, 3242, 3258, 3334, 3520, 3539, 3802]@{}
http://www.comp.hkbu.edu.hk/~alumni/news/../scholarship/../news/@[802, 869, 878, 1236, 1245, 1440, 1449, 1569, 1577, 1708, 1717, 2090, 2099, 2226, 2235, 2692, 2703, 3242, 3258, 3334, 3520, 3539, 3802]@{}
http://www.comp.hkbu.edu.hk/~alumni/news/../donation/../news/@[802, 869, 878, 1236, 1245, 1440, 1449, 1569, 1577, 1708, 1717, 2090, 2099, 2226, 2235, 2692, 2703, 3242, 3258, 3334, 3520, 3539, 3802]@{}
http://www.comp.hkbu.edu.hk/~alumni/news/../news/../news/../news/@[802, 869, 878, 1236, 1245, 1440, 1449, 1569, 1577, 1708, 1717, 2090, 2099, 2226, 2235, 2692, 2703, 3242, 3258, 3334, 3520, 3539, 3802]@{}
http://www.comp.hkbu.edu.hk/~alumni/news/../scholarship/../news/../news/@[802, 869, 878, 1236, 1245, 1440, 1449, 1569, 1577, 1708, 1717, 2090, 2099, 2226, 2235, 2692, 2703, 3242, 3258, 3334, 3520, 3539, 3802]@{}
http://www.comp.hkbu.edu.hk/~alumni/news/../donation/../news/../news/@[802, 869, 878, 1236, 1245, 1440, 1449, 1569, 1577, 1708, 1717, 2090, 2099, 2226, 2235, 2692, 2703, 3242, 3258, 3334, 3520, 3539, 3802]@{}
http://www.comp.hkbu.edu.hk/~alumni/news/../news/../news/../news/../news/@[802, 869, 878, 1236, 1245, 1440, 1449, 1569, 1577, 1708, 1717, 2090, 2099, 2226, 2235, 2692, 2703, 3242, 3258, 3334, 3520, 3539, 3802]@{}
http://www.comp.hkbu.edu.hk/~alumni/news/../scholarship/../news/../news/../news/@[802, 869, 878, 1236, 1245, 1440, 1449, 1569, 1577, 1708, 1717, 2090, 2099, 2226, 2235, 2692, 2703, 3242, 3258, 3334, 3520, 3539, 3802]@{}
http://www.comp.hkbu.edu.hk/~alumni/news/../donation/../news/../news/../news/@[802, 869, 878, 1236, 1245, 1440, 1449, 1569, 1577, 1708, 1717, 2090, 2099, 2226, 2235, 2692, 2703, 3242, 3258, 3334, 3520, 3539, 3802]@{}
http://www.comp.hkbu.edu.hk/~alumni/news/../news/../news/../news/../news/../news/@[802, 869, 878, 1236, 1245, 1440, 1449, 1569, 1577, 1708, 1717, 2090, 2099, 2226, 2235, 2692, 2703, 3242, 3258, 3334, 3520, 3539, 3802]@{}
http://www.comp.hkbu.edu.hk/~alumni/news/../scholarship/../news/../news/../news/../news/@[802, 869, 878, 1236, 1245, 1440, 1449, 1569, 1577, 1708, 1717, 2090, 2099, 2226, 2235, 2692, 2703, 3242, 3258, 3334, 3520, 3539, 3802]@{}
http://www.comp.hkbu.edu.hk/~alumni/news/../donation/../news/../news/../news/../news/@[802, 869, 878, 1236, 1245, 1440, 1449, 1569, 1577, 1708, 1717, 2090, 2099, 2226, 2235, 2692, 2703, 3242, 3258, 3334, 3520, 3539, 3802]@{}
http://www.comp.hkbu.edu.hk/~alumni/news/../news/../news/../news/../news/../news/../news/@[802, 869, 878, 1236, 1245, 1440, 1449, 1569, 1577, 1708, 1717, 2090, 2099, 2226, 2235, 2692, 2703, 3242, 3258, 3334, 3520, 3539, 3802]@{}
http://www.comp.hkbu.edu.hk/~alumni/news/../scholarship/../news/../news/../news/../news/../news/@[802, 869, 878, 1236, 1245, 1440, 1449, 1569, 1577, 1708, 1717, 2090, 2099, 2226, 2235, 2692, 2703, 3242, 3258, 3334, 3520, 3539, 3802]@{}
http://www.comp.hkbu.edu.hk/~alumni/news/../donation/../news/../news/../news/../news/../news/@[802, 869, 878, 1236, 1245, 1440, 1449, 1569, 1577, 1708, 1717, 2090, 2099, 2226, 2235, 2692, 2703, 3242, 3258, 3334, 3520, 3539, 3802]@{}
http://www.comp.hkbu.edu.hk/~alumni/news/../news/../news/../news/../news/../news/../news/../news/@[802, 869, 878, 1236, 1245, 1440, 1449, 1569, 1577, 1708, 1717, 2090, 2099, 2226, 2235, 2692, 2703, 3242, 3258, 3334, 3520, 3539, 3802]@{}
http://www.comp.hkbu.edu.hk/~alumni/news/../scholarship/../news/../news/../news/../news/../news/../news/@[802, 869, 878, 1236, 1245, 1440, 1449, 1569, 1577, 1708, 1717, 2090, 2099, 2226, 2235, 2692, 2703, 3242, 3258, 3334, 3520, 3539, 3802]@{}
http://www.comp.hkbu.edu.hk/~alumni/news/../donation/../news/../news/../news/../news/../news/../news/@[802, 869, 878, 1236, 1245, 1440, 1449, 1569, 1577, 1708, 1717, 2090, 2099, 2226, 2235, 2692, 2703, 3242, 3258, 3334, 3520, 3539, 3802]@{}
http://www.comp.hkbu.edu.hk/~alumni/news/../news/../news/../news/../news/../news/../news/../news/../news/@[802, 869, 878, 1236, 1245, 1440, 1449, 1569, 1577, 1708, 1717, 2090, 2099, 2226, 2235, 2692, 2703, 3242, 3258, 3334, 3520, 3539, 3802]@{}
http://www.comp.hkbu.edu.hk/~alumni/news/../scholarship/../news/../news/../news/../news/../news/../news/../news/@[802, 869, 878, 1236, 1245, 1440, 1449, 1569, 1577, 1708, 1717, 2090, 2099, 2226, 2235, 2692, 2703, 3242, 3258, 3334, 3520, 3539, 3802]@{}
http://www.comp.hkbu.edu.hk/~alumni/news/../donation/../news/../news/../news/../news/../news/../news/../news/@[802, 869, 878, 1236, 1245, 1440, 1449, 1569, 1577, 1708, 1717, 2090, 2099, 2226, 2235, 2692, 2703, 3242, 3258, 3334, 3520, 3539, 3802]@{}
http://www.comp.hkbu.edu.hk/~alumni/news/@[802, 869, 878, 1236, 1245, 1440, 1449, 1569, 1577, 1708, 1717, 2090, 2099, 2226, 2235, 2692, 2703, 3242, 3258, 3334, 3520, 3539, 3802]@{}
http://www.sci.hkbu.edu.hk/eng/page/@[2424]@{}
