http://www.comp.hkbu.edu.hk@[1885, 1894, 1903, 1914, 1923, 1932, 2403, 2415, 2427, 2454, 2667, 2772, 2980, 3829, 4265, 4590, 6481, 6833, 6886, 6904, 6916, 6928]@{}
http://www.comp.hkbu.edu.hk/v1/?page=job_vacancies?=tc@[1885, 1894, 1903, 1914, 1923, 1932, 2403, 2415, 2427, 2454, 2667, 2772, 2986, 3835, 4271, 4596, 6460, 6809, 6862, 6880, 6892, 6904]@{}
http://www.comp.hkbu.edu.hk/v1/?page=job_vacancies?=sc@[1885, 1894, 1903, 1914, 1923, 1932, 2403, 2415, 2427, 2454, 2667, 2772, 2986, 3835, 4271, 4596, 6471, 6818, 6871, 6889, 6901, 6913]@{}
http://www.comp.hkbu.edu.hk/v1/?page=sitemap?=tc@[1885, 1894, 1903, 1914, 1923, 1932, 2403, 2415, 2427, 2454, 2667, 2772, 2986, 3835, 4270, 4595, 6463, 6821, 6874, 6892, 6904, 6916]@{}
http://www.comp.hkbu.edu.hk/v1/?page=sitemap?=sc@[1885, 1894, 1903, 1914, 1923, 1932, 2403, 2415, 2427, 2454, 2667, 2772, 2986, 3835, 4270, 4595, 6470, 6836, 6889, 6907, 6919, 6931]@{}
http://www.comp.hkbu.edu.hk/v1/?lang=sc@[1885, 1894, 1903, 1914, 1923, 1932, 2403, 2415, 2427, 2454, 2667, 2772, 2980, 3829, 4265, 4590, 6462, 6802, 6855, 6873, 6885, 6897]@{}
http://www.comp.hkbu.edu.hk/v1/?page=job_vacancies?=tc?=tc@[1885, 1894, 1903, 1914, 1923, 1932, 2403, 2415, 2427, 2454, 2667, 2772, 2988, 3837, 4272, 4597, 6469, 6823, 6876, 6894, 6906, 6918]@{}
http://www.comp.hkbu.edu.hk/v1/?page=job_vacancies?=sc?=tc@[1885, 1894, 1903, 1914, 1923, 1932, 2403, 2415, 2427, 2454, 2667, 2772, 2988, 3837, 4272, 4597, 6488, 6852, 6905, 6923, 6935, 6947]@{}
http://www.comp.hkbu.edu.hk/v1/?page=sitemap?=tc?=tc@[1885, 1894, 1903, 1914, 1923, 1932, 2403, 2415, 2427, 2454, 2667, 2772, 2988, 3837, 4272, 4597, 6465, 6814, 6867, 6885, 6897, 6909]@{}
http://www.comp.hkbu.edu.hk/v1/?page=sitemap?=sc?=tc@[1885, 1894, 1903, 1914, 1923, 1932, 2403, 2415, 2427, 2454, 2667, 2772, 2988, 3837, 4272, 4597, 6482, 6841, 6894, 6912, 6924, 6936]@{}
http://www.comp.hkbu.edu.hk/v1/?page=home@[1885, 1894, 1903, 1914, 1923, 1932, 2403, 2415, 2427, 2454, 2667, 2772, 2984, 3833, 4268, 4593, 6458, 6806, 6859, 6877, 6889, 6901]@{}
http://www.comp.hkbu.edu.hk/v1/?page=job_vacancies?=tc?=tc?=tc@[1885, 1894, 1903, 1914, 1923, 1932, 2403, 2415, 2427, 2454, 2667, 2772, 2990, 3839, 4275, 4600, 6485, 6849, 6902, 6920, 6932, 6944]@{}
http://www.comp.hkbu.edu.hk/v1/?page=job_vacancies?=sc?=tc?=tc@[1885, 1894, 1903, 1914, 1923, 1932, 2403, 2415, 2427, 2454, 2667, 2772, 2990, 3839, 4274, 4599, 6470, 6818, 6871, 6889, 6901, 6913]@{}
http://www.comp.hkbu.edu.hk/v1/?page=sitemap?=tc?=tc?=tc@[1885, 1894, 1903, 1914, 1923, 1932, 2403, 2415, 2427, 2454, 2667, 2772, 2990, 3839, 4275, 4600, 6477, 6846, 6899, 6917, 6929, 6941]@{}
http://www.comp.hkbu.edu.hk/v1/?page=sitemap?=sc?=tc?=tc@[1885, 1894, 1903, 1914, 1923, 1932, 2403, 2415, 2427, 2454, 2667, 2772, 2990, 3839, 4275, 4600, 6478, 6849, 6902, 6920, 6932, 6944]@{}
http://www.comp.hkbu.edu.hk/v1/?page=home?=tc@[1885, 1894, 1903, 1914, 1923, 1932, 2403, 2415, 2427, 2454, 2667, 2772, 2986, 3835, 4270, 4595, 6474, 6834, 6887, 6905, 6917, 6929]@{}
http://www.comp.hkbu.edu.hk/v1/?page=job_vacancies?=tc?=tc?=tc?=tc@[1885, 1894, 1903, 1914, 1923, 1932, 2403, 2415, 2427, 2454, 2667, 2772, 2992, 3841, 4277, 4602, 6482, 6829, 6882, 6900, 6912, 6924]@{}
http://www.comp.hkbu.edu.hk/v1/?page=job_vacancies?=sc?=tc?=tc?=tc@[1885, 1894, 1903, 1914, 1923, 1932, 2403, 2415, 2427, 2454, 2667, 2772, 2992, 3841, 4277, 4602, 6475, 6817, 6870, 6888, 6900, 6912]@{}
http://www.comp.hkbu.edu.hk/v1/?page=sitemap?=tc?=tc?=tc?=tc@[1885, 1894, 1903, 1914, 1923, 1932, 2403, 2415, 2427, 2454, 2667, 2772, 2992, 3841, 4276, 4601, 6476, 6835, 6888, 6906, 6918, 6930]@{}
http://www.comp.hkbu.edu.hk/v1/?page=sitemap?=sc?=tc?=tc?=tc@[1885, 1894, 1903, 1914, 1923, 1932, 2403, 2415, 2427, 2454, 2667, 2772, 2992, 3841, 4276, 4601, 6487, 6843, 6896, 6914, 6926, 6938]@{}
http://www.comp.hkbu.edu.hk/v1/?page=home?=tc?=tc@[1885, 1894, 1903, 1914, 1923, 1932, 2403, 2415, 2427, 2454, 2667, 2772, 2988, 3837, 4272, 4597, 6480, 6817, 6870, 6888, 6900, 6912]@{}
http://www.comp.hkbu.edu.hk/v1/?page=job_vacancies?=tc?=tc?=tc?=tc?=tc@[1885, 1894, 1903, 1914, 1923, 1932, 2403, 2415, 2427, 2454, 2667, 2772, 2994, 3843, 4279, 4604, 6484, 6824, 6877, 6895, 6907, 6919]@{}
http://www.comp.hkbu.edu.hk/v1/?page=job_vacancies?=sc?=tc?=tc?=tc?=tc@[1885, 1894, 1903, 1914, 1923, 1932, 2403, 2415, 2427, 2454, 2667, 2772, 2994, 3843, 4278, 4603, 6480, 6826, 6879, 6897, 6909, 6921]@{}
http://www.comp.hkbu.edu.hk/v1/?page=sitemap?=tc?=tc?=tc?=tc?=tc@[1885, 1894, 1903, 1914, 1923, 1932, 2403, 2415, 2427, 2454, 2667, 2772, 2994, 3843, 4279, 4604, 6480, 6846, 6899, 6917, 6929, 6941]@{}
http://www.comp.hkbu.edu.hk/v1/?page=sitemap?=sc?=tc?=tc?=tc?=tc@[1885, 1894, 1903, 1914, 1923, 1932, 2403, 2415, 2427, 2454, 2667, 2772, 2994, 3843, 4278, 4603, 6488, 6831, 6884, 6902, 6914, 6926]@{}
http://www.comp.hkbu.edu.hk/v1/?page=home?=tc?=tc?=tc@[1885, 1894, 1903, 1914, 1923, 1932, 2403, 2415, 2427, 2454, 2667, 2772, 2990, 3839, 4274, 4599, 6478, 6831, 6884, 6902, 6914, 6926]@{}
http://www.comp.hkbu.edu.hk/v1/?page=job_vacancies@[1433, 1442, 1451, 1462, 1471, 1480, 1951, 1963, 1975, 2002, 2215, 2320, 2532, 3381, 3817, 4344, 4397, 4415, 4427, 4439]@{}
http://www.comp.hkbu.edu.hk/v1/?page=job_vacancies?=tc?=tc?=tc?=tc?=tc?=tc@[1885, 1894, 1903, 1914, 1923, 1932, 2403, 2415, 2427, 2454, 2667, 2772, 2996, 3845, 4281, 4606, 6478, 6821, 6874, 6892, 6904, 6916]@{}
http://www.comp.hkbu.edu.hk/v1/?page=job_vacancies?=sc?=tc?=tc?=tc?=tc?=tc@[1885, 1894, 1903, 1914, 1923, 1932, 2403, 2415, 2427, 2454, 2667, 2772, 2996, 3845, 4280, 4605, 6486, 6848, 6901, 6919, 6931, 6943]@{}
http://www.comp.hkbu.edu.hk/v1/?page=sitemap?=tc?=tc?=tc?=tc?=tc?=tc@[1885, 1894, 1903, 1914, 1923, 1932, 2403, 2415, 2427, 2454, 2667, 2772, 2996, 3845, 4280, 4605, 6475, 6838, 6891, 6909, 6921, 6933]@{}
http://www.comp.hkbu.edu.hk/v1/?page=sitemap?=sc?=tc?=tc?=tc?=tc?=tc@[1885, 1894, 1903, 1914, 1923, 1932, 2403, 2415, 2427, 2454, 2667, 2772, 2996, 3845, 4281, 4606, 6494, 6848, 6901, 6919, 6931, 6943]@{}
http://www.comp.hkbu.edu.hk/v1/?page=home?=tc?=tc?=tc?=tc@[1885, 1894, 1903, 1914, 1923, 1932, 2403, 2415, 2427, 2454, 2667, 2772, 2992, 3841, 4277, 4602, 6476, 6832, 6885, 6903, 6915, 6927]@{}
http://www.comp.hkbu.edu.hk/v1/?page=job_vacancies?=tc?=tc?=tc?=tc?=tc?=tc?=tc@[1885, 1894, 1903, 1914, 1923, 1932, 2403, 2415, 2427, 2454, 2667, 2772, 2998, 3847, 4283, 4608, 6474, 6820, 6873, 6891, 6903, 6915]@{}
http://www.comp.hkbu.edu.hk/v1/?page=job_vacancies?=sc?=tc?=tc?=tc?=tc?=tc?=tc@[1885, 1894, 1903, 1914, 1923, 1932, 2403, 2415, 2427, 2454, 2667, 2772, 2998, 3847, 4283, 4608, 6474, 6840, 6893, 6911, 6923, 6935]@{}
http://www.comp.hkbu.edu.hk/v1/?page=sitemap?=tc?=tc?=tc?=tc?=tc?=tc?=tc@[1885, 1894, 1903, 1914, 1923, 1932, 2403, 2415, 2427, 2454, 2667, 2772, 2998, 3847, 4282, 4607, 6471, 6820, 6873, 6891, 6903, 6915]@{}
http://www.comp.hkbu.edu.hk/v1/?page=sitemap?=sc?=tc?=tc?=tc?=tc?=tc?=tc@[1885, 1894, 1903, 1914, 1923, 1932, 2403, 2415, 2427, 2454, 2667, 2772, 2998, 3847, 4282, 4607, 6486, 6841, 6894, 6912, 6924, 6936]@{}
http://www.comp.hkbu.edu.hk/v1/?page=home?=tc?=tc?=tc?=tc?=tc@[1885, 1894, 1903, 1914, 1923, 1932, 2403, 2415, 2427, 2454, 2667, 2772, 2994, 3843, 4279, 4604, 6480, 6845, 6898, 6916, 6928, 6940]@{}
http://www.comp.hkbu.edu.hk/v1/?page=job_vacancies?=tc?=tc?=tc?=tc?=tc?=tc?=tc?=tc@[1885, 1894, 1903, 1914, 1923, 1932, 2403, 2415, 2427, 2454, 2667, 2772, 3000, 3849, 4285, 4610, 6494, 6863, 6916, 6934, 6946, 6958]@{}
http://www.comp.hkbu.edu.hk/v1/?page=job_vacancies?=sc?=tc?=tc?=tc?=tc?=tc?=tc?=tc@[1885, 1894, 1903, 1914, 1923, 1932, 2403, 2415, 2427, 2454, 2667, 2772, 3000, 3849, 4285, 4610, 6490, 6842, 6895, 6913, 6925, 6937]@{}
http://www.comp.hkbu.edu.hk/v1/?page=sitemap?=tc?=tc?=tc?=tc?=tc?=tc?=tc?=tc@[1885, 1894, 1903, 1914, 1923, 1932, 2403, 2415, 2427, 2454, 2667, 2772, 3000, 3849, 4285, 4610, 6475, 6833, 6886, 6904, 6916, 6928]@{}
http://www.comp.hkbu.edu.hk/v1/?page=sitemap?=sc?=tc?=tc?=tc?=tc?=tc?=tc?=tc@[1885, 1894, 1903, 1914, 1923, 1932, 2403, 2415, 2427, 2454, 2667, 2772, 3000, 3849, 4285, 4610, 6501, 6841, 6894, 6912, 6924, 6936]@{}
http://www.comp.hkbu.edu.hk/v1/?page=sitemap@[1431, 1440, 1449, 1460, 1469, 1478, 1949, 1961, 1973, 2000, 2213, 2318, 2530, 3379, 3814, 5704, 5757, 5775, 5787, 5799]@{}
http://www.comp.hkbu.edu.hk/v1/?page=home?=tc?=tc?=tc?=tc?=tc?=tc@[1885, 1894, 1903, 1914, 1923, 1932, 2403, 2415, 2427, 2454, 2667, 2772, 2996, 3845, 4280, 4605, 6487, 6841, 6894, 6912, 6924, 6936]@{}
http://www.comp.hkbu.edu.hk/v1/?page=job_vacancies?=tc?=tc?=tc?=tc?=tc?=tc?=tc?=tc?=tc@[1885, 1894, 1903, 1914, 1923, 1932, 2403, 2415, 2427, 2454, 2667, 2772, 3002, 3851, 4287, 4612, 6493, 6837, 6890, 6908, 6920, 6932]@{}
http://www.comp.hkbu.edu.hk/v1/?page=job_vacancies?=sc?=tc?=tc?=tc?=tc?=tc?=tc?=tc?=tc@[1885, 1894, 1903, 1914, 1923, 1932, 2403, 2415, 2427, 2454, 2667, 2772, 3002, 3851, 4287, 4612, 6497, 6849, 6902, 6920, 6932, 6944]@{}
http://www.comp.hkbu.edu.hk/v1/?page=sitemap?=tc?=tc?=tc?=tc?=tc?=tc?=tc?=tc?=tc@[1885, 1894, 1903, 1914, 1923, 1932, 2403, 2415, 2427, 2454, 2667, 2772, 3002, 3851, 4286, 4611, 6475, 6817, 6870, 6888, 6900, 6912]@{}
http://www.comp.hkbu.edu.hk/v1/?page=sitemap?=sc?=tc?=tc?=tc?=tc?=tc?=tc?=tc?=tc@[1885, 1894, 1903, 1914, 1923, 1932, 2403, 2415, 2427, 2454, 2667, 2772, 3002, 3851, 4286, 4611, 6499, 6843, 6896, 6914, 6926, 6938]@{}
http://www.comp.hkbu.edu.hk/v1/?lang=tc@[1885, 1894, 1903, 1914, 1923, 1932, 2403, 2415, 2427, 2454, 2667, 2772, 2980, 3829, 4264, 4589, 6487, 6845, 6898, 6916, 6928, 6940]@{}
