https://www.comp.hkbu.edu.hk/v1/?page=library@[1290]@[1290]
https://www.comp.hkbu.edu.hk/v1/?page=sitemap@[173, 214]@[173, 214]
https://iss.hkbu.edu.hk/buam/buam2/reset_pwd/verify_acct.seam@[22]@[22]
https://iss.hkbu.edu.hk/buam/buam2/change_pwd/index.seam@[30, 49]@[30, 49]
https://library.hkbu.edu.hk/happenings/news/service-arrangements-7-sep-2020@[523, 1123, 1192]@[523, 1123, 1192]
https://www.comp.hkbu.edu.hk/v1/?page=prospective_students@[112, 132]@[112, 132]
https://iss.hkbu.edu.hk/buam/buam2/reset_pwd_alumni/verify_acct.seam@[19, 30, 65]@[19, 30, 65]
https://aao.hkbu.edu.hk/en/contact/index.php@[57, 69]@[57, 69]
https://iss.hkbu.edu.hk/buam/buam2/activation/index.seam@[33]@[33]
https://www.hkbu.edu.hk/eng/about/privacy.jsp@[2146]@[2146]
https://www.comp.hkbu.edu.hk/v1/?page=4_prospective_stud_ug_prog@[158]@[158]
https://www.comp.hkbu.edu.hk/v1/?page=4_prospective_stud_ug_prog_nj@[154]@[154]
https://www.hkbu.edu.hk/eng/visitors/visitors.jsp@[180]@[180]
https://www.comp.hkbu.edu.hk/v1/?pid=174@[120, 132, 143]@[120, 132, 143]
https://www.comp.hkbu.edu.hk/v1/?pid=175@[126, 138, 149]@[126, 138, 149]
https://twitter.com/HKBU_alumni@[11]@[]
https://www.hkbu.edu.hk/eng/media/media1.jsp@[145]@[145]
https://www.comp.hkbu.edu.hk/v1/?page=events@[953, 1700, 2352, 6826, 7694]@[953, 1700, 2352, 6826, 7694]
https://foundation.hkbu.edu.hk/en/ways-to-give@[589, 602, 610]@[589, 602, 610]
https://www.comp.hkbu.edu.hk/outreach@[82]@[82]
https://www.comp.hkbu.edu.hk/v1/?pid=77@[803]@[803]
https://www.comp.hkbu.edu.hk/v1/?page=driving_direction@[108, 150, 164]@[108, 150, 164]
https://foundation.hkbu.edu.hk/en@[646]@[646]
https://iss.hkbu.edu.hk/buam/buam2/registration/index.seam@[37]@[37]
https://forms.gle/DjStXN8kEpUVwTW38@[13, 48, 57, 66, 74]@[]
https://ito.hkbu.edu.hk/index.php/services-2/account-password/#tab-3@[203, 237, 280, 322, 343, 372, 406, 446]@[203, 237, 280, 322, 343, 372, 406, 446]
https://policies.google.com/terms@[140, 146, 155, 197, 199, 214, 232, 254, 264, 279, 301, 326, 334, 354, 389, 401, 427, 429, 437, 450, 452, 517, 524, 531, 566, 629, 643, 691, 752, 793, 806, 815, 848, 883, 907, 923, 1012, 1026, 1068, 1078, 1090, 1098, 1103, 1113, 1135, 1142, 1149, 1158, 1163, 1166, 1182, 1200, 1260, 1293, 1330, 1377, 1388, 1427, 1433, 1533, 1546, 1571, 1591, 1606, 1640, 1674, 1687, 1720, 1728, 1767, 1772, 1785, 1799, 1806, 1816, 1821, 1840, 1899, 1904, 1925, 1932, 1946, 1953, 1975, 1987, 1998, 2007, 2010, 2017, 2065, 2074, 2127, 2132, 2177, 2200, 2230, 2281, 2296, 2345, 2375, 2400, 2417, 2432, 2441, 2471, 2485, 2521, 2526, 2561, 2571, 2750, 2765, 2881, 2896, 2912, 2950, 2965, 3121, 3184, 3186, 3198, 3203, 3216, 3300, 3328, 3379, 3413, 3505, 3612, 3650, 3658, 3668, 3891, 4046, 4066, 4070, 4075, 4080, 4085, 4092, 4101]@[140, 146, 155, 197, 199, 214, 232, 254, 264, 279, 301, 326, 334, 354, 389, 401, 427, 429, 437, 450, 452, 517, 524, 531, 566, 629, 643, 691, 752, 793, 806, 815, 848, 883, 907, 923, 1012, 1026, 1068, 1078, 1090, 1098, 1103, 1113, 1135, 1142, 1149, 1158, 1163, 1166, 1182, 1200, 1260, 1293, 1330, 1377, 1388, 1427, 1433, 1533, 1546, 1571, 1591, 1606, 1640, 1674, 1687, 1720, 1728, 1767, 1772, 1785, 1799, 1806, 1816, 1821, 1840, 1899, 1904, 1925, 1932, 1946, 1953, 1975, 1987, 1998, 2007, 2010, 2017, 2065, 2074, 2127, 2132, 2177, 2200, 2230, 2281, 2296, 2345, 2375, 2400, 2417, 2432, 2441, 2471, 2485, 2521, 2526, 2561, 2571, 2750, 2765, 2881, 2896, 2912, 2950, 2965, 3121, 3184, 3186, 3198, 3203, 3216, 3300, 3328, 3379, 3413, 3505, 3612, 3650, 3658, 3668, 3891, 4046, 4066, 4070, 4075, 4080, 4085, 4092, 4101]
https://policies.google.com/privacy@[96, 100, 123, 133, 145, 275, 291, 300, 318, 325, 344, 362, 400, 408, 417, 427, 450, 459, 470, 476, 492, 498, 504, 529, 546, 568, 575, 580, 593, 610, 619, 642, 658, 665, 670, 674, 683, 700, 804, 821, 862, 887, 898, 902, 916, 925, 944, 952, 1000, 1032, 1054, 1110, 1127, 1135, 1144, 1159, 1200, 1314, 1324, 1358, 1451, 1471, 1482, 1488, 1497, 1508, 1518, 1523, 1532, 1543, 1552, 1563, 1586, 1596, 1603, 1680, 1706, 1740, 1753, 1760, 1786, 1798, 1816, 1884, 1899, 1945, 1972, 1980, 2041, 2066, 2093, 2118, 2150, 2170, 2174, 2185, 2197, 2203, 2214, 2238, 2247, 2254, 2263, 2289, 2304, 2322, 2336, 2342, 2349, 2386, 2396, 2402, 2411, 2436, 2467, 2471, 2495, 2525, 2545, 2557, 2575, 2594, 2641, 2655, 2676, 2689, 2705, 2756, 2769, 2778, 2785, 2790, 2794, 2802, 2812, 2828, 2918, 2962, 3015, 3360, 3371, 3378, 3382, 3394, 3438, 3511, 3529, 3541, 3563, 3629, 3635, 3639, 3645, 3649, 3697, 3708, 3742, 3793, 3807, 3873, 3960, 4057, 4211, 4231, 4241, 4255, 4510, 4515, 4537, 4582, 4619, 4655, 4657, 4670, 4762, 4769, 4871, 4934, 5249, 5378, 5386, 5393, 5403, 5424, 5433, 5444, 5571, 5583, 5599, 5631, 5665, 5682, 5693, 5702, 5712, 5726, 5744, 5753, 5768, 5808, 5824, 5844, 5849, 5858, 5863, 5872, 5911, 5914, 5936, 5951, 5960, 5968, 5977, 5994, 6002, 6038, 6096, 6100, 6113, 6197, 6221, 6262, 6310, 6528, 6541, 6588, 6603, 6610, 6616, 6630, 6643, 6660, 6667, 6699, 6704, 6714, 6719, 6724, 6740, 6755, 6813, 6910, 6926, 6958, 6972, 6979, 7183, 7194, 7199, 7204, 7296, 7313, 7318, 7332, 7343, 7395, 7452, 7461, 7599]@[96, 100, 123, 133, 145, 275, 291, 300, 318, 325, 344, 362, 400, 408, 417, 427, 450, 459, 470, 476, 492, 498, 504, 529, 546, 568, 575, 580, 593, 610, 619, 642, 658, 665, 670, 674, 683, 700, 804, 821, 862, 887, 898, 902, 916, 925, 944, 952, 1000, 1032, 1054, 1110, 1127, 1135, 1144, 1159, 1200, 1314, 1324, 1358, 1451, 1471, 1482, 1488, 1497, 1508, 1518, 1523, 1532, 1543, 1552, 1563, 1586, 1596, 1603, 1680, 1706, 1740, 1753, 1760, 1786, 1798, 1816, 1884, 1899, 1945, 1972, 1980, 2041, 2066, 2093, 2118, 2150, 2170, 2174, 2185, 2197, 2203, 2214, 2238, 2247, 2254, 2263, 2289, 2304, 2322, 2336, 2342, 2349, 2386, 2396, 2402, 2411, 2436, 2467, 2471, 2495, 2525, 2545, 2557, 2575, 2594, 2641, 2655, 2676, 2689, 2705, 2756, 2769, 2778, 2785, 2790, 2794, 2802, 2812, 2828, 2918, 2962, 3015, 3360, 3371, 3378, 3382, 3394, 3438, 3511, 3529, 3541, 3563, 3629, 3635, 3639, 3645, 3649, 3697, 3708, 3742, 3793, 3807, 3873, 3960, 4057, 4211, 4231, 4241, 4255, 4510, 4515, 4537, 4582, 4619, 4655, 4657, 4670, 4762, 4769, 4871, 4934, 5249, 5378, 5386, 5393, 5403, 5424, 5433, 5444, 5571, 5583, 5599, 5631, 5665, 5682, 5693, 5702, 5712, 5726, 5744, 5753, 5768, 5808, 5824, 5844, 5849, 5858, 5863, 5872, 5911, 5914, 5936, 5951, 5960, 5968, 5977, 5994, 6002, 6038, 6096, 6100, 6113, 6197, 6221, 6262, 6310, 6528, 6541, 6588, 6603, 6610, 6616, 6630, 6643, 6660, 6667, 6699, 6704, 6714, 6719, 6724, 6740, 6755, 6813, 6910, 6926, 6958, 6972, 6979, 7183, 7194, 7199, 7204, 7296, 7313, 7318, 7332, 7343, 7395, 7452, 7461, 7599]
