http://www.comp.hkbu.edu.hk@[630, 2468, 2517, 2534, 2629, 2643, 2796, 2797, 2967, 2987, 3336, 3337, 3344, 3347, 3348, 3433, 3434, 3496, 3497, 3571, 3572, 3653, 3654, 3719, 3720, 3790, 3791, 3871, 3911, 3912, 3959, 3960, 4000, 4001, 4041, 4042, 4079, 4080, 4117, 4560, 4586, 4859, 5079, 5085, 5559, 5579, 5606, 5632, 5653, 5654, 5712, 5879, 6015, 6043, 6049, 6078, 6079, 6080, 6081, 6097, 6098, 6398, 6399]@{}
http://www.comp.hkbu.edu.hk/v1/?page=sci@[626, 703, 704, 712, 805, 806, 877, 878, 889, 934, 947, 953, 1035, 1036, 1037, 1126, 1127, 1128, 1129, 1141, 1151, 1155, 1194, 1195, 2060, 2061, 2062, 2063, 2332, 2387, 2390, 2393, 2444, 2445, 2446, 2449, 2455, 2463, 2481, 2482, 2483, 2491, 2513, 2514, 2515, 2516, 2517, 2520, 2535, 2536, 2537, 2540, 2551, 2710, 2711, 2712, 2713, 2714, 2721, 2724, 2740, 2763, 2778, 2794, 2817, 2820, 2821, 2822, 2841, 2844, 2845, 2846, 2870, 2873, 2874, 2875, 2895, 2898, 2899, 2900, 2901, 2918, 2936, 2937, 2940, 2978, 2979, 2980, 2981, 2994, 3004, 3005, 3006, 3010, 3011, 3015, 3049, 3061, 3090, 3091, 3132, 3135, 3162, 3163, 3205, 3208, 3235, 3236, 3280, 3283, 3312, 3313, 3352, 3355, 3384, 3385, 3427, 3430, 3458, 3459, 3494, 3497, 3530, 3531, 3568, 3571, 3597, 3598, 3638, 3641, 3669, 3670, 3711, 3714, 3745, 3746, 3792, 3795, 3796, 3798, 3808, 3809, 3810, 3831, 3846, 3862, 3885, 3888, 3889, 3890, 3909, 3912, 3913, 3914, 3938, 3941, 3942, 3943, 3963, 3966, 3967, 3968, 3969, 3986, 4004, 4005, 4008, 4046, 4047, 4048, 4049, 4062, 4072, 4073, 4074, 4078, 4079, 4216, 4226, 4227, 4229, 4231, 5796, 5799, 5808, 5813, 5818, 6191, 7786, 7787, 7795, 7798, 7879, 7880, 8116, 8117, 8118]@{}
http://www.comp.hkbu.edu.hk/v1/?page=job_vacancies?=tc@[630, 2468, 2517, 2534, 2629, 2643, 2796, 2797, 2973, 2993, 3342, 3343, 3350, 3353, 3354, 3439, 3440, 3502, 3503, 3577, 3578, 3659, 3660, 3725, 3726, 3796, 3797, 3877, 3917, 3918, 3965, 3966, 4006, 4007, 4047, 4048, 4085, 4086, 4123, 4566, 4592, 4855, 5075, 5081, 5555, 5575, 5602, 5628, 5649, 5650, 5708, 5875, 6011, 6039, 6045, 6074, 6075, 6076, 6077, 6093, 6094, 6377, 6378]@{}
http://www.comp.hkbu.edu.hk/v1/?page=job_vacancies?=sc@[630, 2468, 2517, 2534, 2629, 2643, 2796, 2797, 2973, 2993, 3342, 3343, 3350, 3353, 3354, 3439, 3440, 3502, 3503, 3577, 3578, 3659, 3660, 3725, 3726, 3796, 3797, 3877, 3917, 3918, 3965, 3966, 4006, 4007, 4047, 4048, 4085, 4086, 4123, 4566, 4592, 4855, 5075, 5081, 5555, 5575, 5602, 5628, 5649, 5650, 5708, 5875, 6011, 6039, 6045, 6074, 6075, 6076, 6077, 6093, 6094, 6388, 6389]@{}
http://www.comp.hkbu.edu.hk/v1/?page=sitemap?=tc@[630, 2468, 2517, 2534, 2629, 2643, 2796, 2797, 2973, 2993, 3342, 3343, 3350, 3353, 3354, 3439, 3440, 3502, 3503, 3577, 3578, 3659, 3660, 3725, 3726, 3796, 3797, 3877, 3917, 3918, 3965, 3966, 4006, 4007, 4047, 4048, 4085, 4086, 4122, 4565, 4591, 4851, 5071, 5077, 5551, 5571, 5598, 5624, 5645, 5646, 5704, 5871, 6007, 6035, 6041, 6070, 6071, 6072, 6073, 6089, 6090, 6380, 6381]@{}
http://www.comp.hkbu.edu.hk/v1/?page=sitemap?=sc@[630, 2468, 2517, 2534, 2629, 2643, 2796, 2797, 2973, 2993, 3342, 3343, 3350, 3353, 3354, 3439, 3440, 3502, 3503, 3577, 3578, 3659, 3660, 3725, 3726, 3796, 3797, 3877, 3917, 3918, 3965, 3966, 4006, 4007, 4047, 4048, 4085, 4086, 4122, 4565, 4591, 4850, 5070, 5076, 5550, 5570, 5597, 5623, 5644, 5645, 5703, 5870, 6006, 6034, 6040, 6069, 6070, 6071, 6072, 6088, 6089, 6387, 6388]@{}
http://www.comp.hkbu.edu.hk/v1/?lang=sc@[630, 2468, 2517, 2534, 2629, 2643, 2796, 2797, 2967, 2987, 3336, 3337, 3344, 3347, 3348, 3433, 3434, 3496, 3497, 3571, 3572, 3653, 3654, 3719, 3720, 3790, 3791, 3871, 3911, 3912, 3959, 3960, 4000, 4001, 4041, 4042, 4079, 4080, 4117, 4560, 4586, 4846, 5066, 5072, 5546, 5566, 5593, 5619, 5640, 5641, 5699, 5866, 6002, 6030, 6036, 6065, 6066, 6067, 6068, 6084, 6085, 6379, 6380]@{}
http://www.comp.hkbu.edu.hk/~alumni/news/../news/@[596, 600, 644, 649, 671, 672, 677, 742, 743, 744, 758, 4024, 4043, 5015, 5030]@{}
http://www.comp.hkbu.edu.hk/~alumni/news/../scholarship/@[849, 864]@{}
http://www.comp.hkbu.edu.hk/~alumni/news/../donation/@[1337, 1352]@{}
http://www.comp.hkbu.edu.hk/v1/?page=job_vacancies?=tc?=tc@[630, 2468, 2517, 2534, 2629, 2643, 2796, 2797, 2975, 2995, 3344, 3345, 3352, 3355, 3356, 3441, 3442, 3504, 3505, 3579, 3580, 3661, 3662, 3727, 3728, 3798, 3799, 3879, 3919, 3920, 3967, 3968, 4008, 4009, 4049, 4050, 4087, 4088, 4124, 4567, 4593, 4852, 5072, 5078, 5552, 5572, 5599, 5625, 5646, 5647, 5705, 5872, 6008, 6036, 6042, 6071, 6072, 6073, 6074, 6090, 6091, 6386, 6387]@{}
http://www.comp.hkbu.edu.hk/v1/?page=job_vacancies?=sc?=tc@[630, 2468, 2517, 2534, 2629, 2643, 2796, 2797, 2975, 2995, 3344, 3345, 3352, 3355, 3356, 3441, 3442, 3504, 3505, 3579, 3580, 3661, 3662, 3727, 3728, 3798, 3799, 3879, 3919, 3920, 3967, 3968, 4008, 4009, 4049, 4050, 4087, 4088, 4124, 4567, 4593, 4862, 5082, 5088, 5562, 5582, 5609, 5635, 5656, 5657, 5715, 5882, 6018, 6046, 6052, 6081, 6082, 6083, 6084, 6100, 6101, 6405, 6406]@{}
http://www.comp.hkbu.edu.hk/v1/?page=sitemap?=tc?=tc@[630, 2468, 2517, 2534, 2629, 2643, 2796, 2797, 2975, 2995, 3344, 3345, 3352, 3355, 3356, 3441, 3442, 3504, 3505, 3579, 3580, 3661, 3662, 3727, 3728, 3798, 3799, 3879, 3919, 3920, 3967, 3968, 4008, 4009, 4049, 4050, 4087, 4088, 4124, 4567, 4593, 4852, 5072, 5078, 5552, 5572, 5599, 5625, 5646, 5647, 5705, 5872, 6008, 6036, 6042, 6071, 6072, 6073, 6074, 6090, 6091, 6382, 6383]@{}
http://www.comp.hkbu.edu.hk/v1/?page=sitemap?=sc?=tc@[630, 2468, 2517, 2534, 2629, 2643, 2796, 2797, 2975, 2995, 3344, 3345, 3352, 3355, 3356, 3441, 3442, 3504, 3505, 3579, 3580, 3661, 3662, 3727, 3728, 3798, 3799, 3879, 3919, 3920, 3967, 3968, 4008, 4009, 4049, 4050, 4087, 4088, 4124, 4567, 4593, 4866, 5086, 5092, 5566, 5586, 5613, 5639, 5660, 5661, 5719, 5886, 6022, 6050, 6056, 6085, 6086, 6087, 6088, 6104, 6105, 6399, 6400]@{}
http://www.comp.hkbu.edu.hk/v1/?page=home@[630, 2468, 2517, 2534, 2629, 2643, 2796, 2797, 2971, 2991, 3340, 3341, 3348, 3351, 3352, 3437, 3438, 3500, 3501, 3575, 3576, 3657, 3658, 3723, 3724, 3794, 3795, 3875, 3915, 3916, 3963, 3964, 4004, 4005, 4045, 4046, 4083, 4084, 4120, 4563, 4589, 4844, 5064, 5070, 5544, 5564, 5591, 5617, 5638, 5639, 5697, 5864, 6000, 6028, 6034, 6063, 6064, 6065, 6066, 6082, 6083, 6375, 6376]@{}
http://www.comp.hkbu.edu.hk/~alumni/news/../news/../news/@[596, 600, 644, 649, 671, 672, 677, 742, 743, 744, 758, 4024, 4043, 5015, 5030]@{}
http://www.comp.hkbu.edu.hk/~alumni/news/../scholarship/../news/@[596, 600, 644, 649, 671, 672, 677, 742, 743, 744, 758, 4024, 4043, 5015, 5030]@{}
http://www.comp.hkbu.edu.hk/~alumni/news/../donation/../news/@[596, 600, 644, 649, 671, 672, 677, 742, 743, 744, 758, 4024, 4043, 5015, 5030]@{}
http://www.comp.hkbu.edu.hk/v1/?page=job_vacancies?=tc?=tc?=tc@[630, 2468, 2517, 2534, 2629, 2643, 2796, 2797, 2977, 2997, 3346, 3347, 3354, 3357, 3358, 3443, 3444, 3506, 3507, 3581, 3582, 3663, 3664, 3729, 3730, 3800, 3801, 3881, 3921, 3922, 3969, 3970, 4010, 4011, 4051, 4052, 4089, 4090, 4127, 4570, 4596, 4866, 5086, 5092, 5566, 5586, 5613, 5639, 5660, 5661, 5719, 5886, 6022, 6050, 6056, 6085, 6086, 6087, 6088, 6104, 6105, 6402, 6403]@{}
http://www.comp.hkbu.edu.hk/v1/?page=job_vacancies?=sc?=tc?=tc@[630, 2468, 2517, 2534, 2629, 2643, 2796, 2797, 2977, 2997, 3346, 3347, 3354, 3357, 3358, 3443, 3444, 3506, 3507, 3581, 3582, 3663, 3664, 3729, 3730, 3800, 3801, 3881, 3921, 3922, 3969, 3970, 4010, 4011, 4051, 4052, 4089, 4090, 4126, 4569, 4595, 4850, 5070, 5076, 5550, 5570, 5597, 5623, 5644, 5645, 5703, 5870, 6006, 6034, 6040, 6069, 6070, 6071, 6072, 6088, 6089, 6387, 6388]@{}
http://www.comp.hkbu.edu.hk/v1/?page=sitemap?=tc?=tc?=tc@[630, 2468, 2517, 2534, 2629, 2643, 2796, 2797, 2977, 2997, 3346, 3347, 3354, 3357, 3358, 3443, 3444, 3506, 3507, 3581, 3582, 3663, 3664, 3729, 3730, 3800, 3801, 3881, 3921, 3922, 3969, 3970, 4010, 4011, 4051, 4052, 4089, 4090, 4127, 4570, 4596, 4856, 5076, 5082, 5556, 5576, 5603, 5629, 5650, 5651, 5709, 5876, 6012, 6040, 6046, 6075, 6076, 6077, 6078, 6094, 6095, 6394, 6395]@{}
http://www.comp.hkbu.edu.hk/v1/?page=sitemap?=sc?=tc?=tc@[630, 2468, 2517, 2534, 2629, 2643, 2796, 2797, 2977, 2997, 3346, 3347, 3354, 3357, 3358, 3443, 3444, 3506, 3507, 3581, 3582, 3663, 3664, 3729, 3730, 3800, 3801, 3881, 3921, 3922, 3969, 3970, 4010, 4011, 4051, 4052, 4089, 4090, 4127, 4570, 4596, 4859, 5079, 5085, 5559, 5579, 5606, 5632, 5653, 5654, 5712, 5879, 6015, 6043, 6049, 6078, 6079, 6080, 6081, 6097, 6098, 6395, 6396]@{}
http://www.comp.hkbu.edu.hk/v1/?page=home?=tc@[630, 2468, 2517, 2534, 2629, 2643, 2796, 2797, 2973, 2993, 3342, 3343, 3350, 3353, 3354, 3439, 3440, 3502, 3503, 3577, 3578, 3659, 3660, 3725, 3726, 3796, 3797, 3877, 3917, 3918, 3965, 3966, 4006, 4007, 4047, 4048, 4085, 4086, 4122, 4565, 4591, 4854, 5074, 5080, 5554, 5574, 5601, 5627, 5648, 5649, 5707, 5874, 6010, 6038, 6044, 6073, 6074, 6075, 6076, 6092, 6093, 6391, 6392]@{}
http://www.comp.hkbu.edu.hk/~alumni/news/../news/../news/../news/@[596, 600, 644, 649, 671, 672, 677, 742, 743, 744, 758, 4024, 4043, 5015, 5030]@{}
http://www.comp.hkbu.edu.hk/~alumni/news/../scholarship/../news/../news/@[596, 600, 644, 649, 671, 672, 677, 742, 743, 744, 758, 4024, 4043, 5015, 5030]@{}
http://www.comp.hkbu.edu.hk/~alumni/news/../donation/../news/../news/@[596, 600, 644, 649, 671, 672, 677, 742, 743, 744, 758, 4024, 4043, 5015, 5030]@{}
http://www.comp.hkbu.edu.hk/v1/?page=job_vacancies?=tc?=tc?=tc?=tc@[630, 2468, 2517, 2534, 2629, 2643, 2796, 2797, 2979, 2999, 3348, 3349, 3356, 3359, 3360, 3445, 3446, 3508, 3509, 3583, 3584, 3665, 3666, 3731, 3732, 3802, 3803, 3883, 3923, 3924, 3971, 3972, 4012, 4013, 4053, 4054, 4091, 4092, 4129, 4572, 4598, 4867, 5087, 5093, 5567, 5587, 5614, 5640, 5661, 5662, 5720, 5887, 6023, 6051, 6057, 6086, 6087, 6088, 6089, 6105, 6106, 6399, 6400]@{}
http://www.comp.hkbu.edu.hk/v1/?page=job_vacancies?=sc?=tc?=tc?=tc@[630, 2468, 2517, 2534, 2629, 2643, 2796, 2797, 2979, 2999, 3348, 3349, 3356, 3359, 3360, 3445, 3446, 3508, 3509, 3583, 3584, 3665, 3666, 3731, 3732, 3802, 3803, 3883, 3923, 3924, 3971, 3972, 4012, 4013, 4053, 4054, 4091, 4092, 4129, 4572, 4598, 4868, 5088, 5094, 5568, 5588, 5615, 5641, 5662, 5663, 5721, 5888, 6024, 6052, 6058, 6087, 6088, 6089, 6090, 6106, 6107, 6392, 6393]@{}
http://www.comp.hkbu.edu.hk/v1/?page=sitemap?=tc?=tc?=tc?=tc@[630, 2468, 2517, 2534, 2629, 2643, 2796, 2797, 2979, 2999, 3348, 3349, 3356, 3359, 3360, 3445, 3446, 3508, 3509, 3583, 3584, 3665, 3666, 3731, 3732, 3802, 3803, 3883, 3923, 3924, 3971, 3972, 4012, 4013, 4053, 4054, 4091, 4092, 4128, 4571, 4597, 4856, 5076, 5082, 5556, 5576, 5603, 5629, 5650, 5651, 5709, 5876, 6012, 6040, 6046, 6075, 6076, 6077, 6078, 6094, 6095, 6393, 6394]@{}
http://www.comp.hkbu.edu.hk/v1/?page=sitemap?=sc?=tc?=tc?=tc@[630, 2468, 2517, 2534, 2629, 2643, 2796, 2797, 2979, 2999, 3348, 3349, 3356, 3359, 3360, 3445, 3446, 3508, 3509, 3583, 3584, 3665, 3666, 3731, 3732, 3802, 3803, 3883, 3923, 3924, 3971, 3972, 4012, 4013, 4053, 4054, 4091, 4092, 4128, 4571, 4597, 4867, 5087, 5093, 5567, 5587, 5614, 5640, 5661, 5662, 5720, 5887, 6023, 6051, 6057, 6086, 6087, 6088, 6089, 6105, 6106, 6404, 6405]@{}
http://www.comp.hkbu.edu.hk/v1/?page=home?=tc?=tc@[630, 2468, 2517, 2534, 2629, 2643, 2796, 2797, 2975, 2995, 3344, 3345, 3352, 3355, 3356, 3441, 3442, 3504, 3505, 3579, 3580, 3661, 3662, 3727, 3728, 3798, 3799, 3879, 3919, 3920, 3967, 3968, 4008, 4009, 4049, 4050, 4087, 4088, 4124, 4567, 4593, 4856, 5076, 5082, 5556, 5576, 5603, 5629, 5650, 5651, 5709, 5876, 6012, 6040, 6046, 6075, 6076, 6077, 6078, 6094, 6095, 6397, 6398]@{}
http://www.comp.hkbu.edu.hk/~alumni/news/../news/../news/../news/../news/@[596, 600, 644, 649, 671, 672, 677, 742, 743, 744, 758, 4024, 4043, 5015, 5030]@{}
http://www.comp.hkbu.edu.hk/v1/?page=alumni@[45, 164]@{}
http://www.comp.hkbu.edu.hk/~alumni/news/../scholarship/../news/../news/../news/@[596, 600, 644, 649, 671, 672, 677, 742, 743, 744, 758, 4024, 4043, 5015, 5030]@{}
http://www.comp.hkbu.edu.hk/~alumni/news/../donation/../news/../news/../news/@[596, 600, 644, 649, 671, 672, 677, 742, 743, 744, 758, 4024, 4043, 5015, 5030]@{}
http://www.comp.hkbu.edu.hk/v1/?page=job_vacancies?=tc?=tc?=tc?=tc?=tc@[630, 2468, 2517, 2534, 2629, 2643, 2796, 2797, 2981, 3001, 3350, 3351, 3358, 3361, 3362, 3447, 3448, 3510, 3511, 3585, 3586, 3667, 3668, 3733, 3734, 3804, 3805, 3885, 3925, 3926, 3973, 3974, 4014, 4015, 4055, 4056, 4093, 4094, 4131, 4574, 4600, 4870, 5090, 5096, 5570, 5590, 5617, 5643, 5664, 5665, 5723, 5890, 6026, 6054, 6060, 6089, 6090, 6091, 6092, 6108, 6109, 6401, 6402]@{}
http://www.comp.hkbu.edu.hk/v1/?page=job_vacancies?=sc?=tc?=tc?=tc?=tc@[630, 2468, 2517, 2534, 2629, 2643, 2796, 2797, 2981, 3001, 3350, 3351, 3358, 3361, 3362, 3447, 3448, 3510, 3511, 3585, 3586, 3667, 3668, 3733, 3734, 3804, 3805, 3885, 3925, 3926, 3973, 3974, 4014, 4015, 4055, 4056, 4093, 4094, 4130, 4573, 4599, 4855, 5075, 5081, 5555, 5575, 5602, 5628, 5649, 5650, 5708, 5875, 6011, 6039, 6045, 6074, 6075, 6076, 6077, 6093, 6094, 6397, 6398]@{}
http://www.comp.hkbu.edu.hk/v1/?page=sitemap?=tc?=tc?=tc?=tc?=tc@[630, 2468, 2517, 2534, 2629, 2643, 2796, 2797, 2981, 3001, 3350, 3351, 3358, 3361, 3362, 3447, 3448, 3510, 3511, 3585, 3586, 3667, 3668, 3733, 3734, 3804, 3805, 3885, 3925, 3926, 3973, 3974, 4014, 4015, 4055, 4056, 4093, 4094, 4131, 4574, 4600, 4863, 5083, 5089, 5563, 5583, 5610, 5636, 5657, 5658, 5716, 5883, 6019, 6047, 6053, 6082, 6083, 6084, 6085, 6101, 6102, 6397, 6398]@{}
http://www.comp.hkbu.edu.hk/v1/?page=sitemap?=sc?=tc?=tc?=tc?=tc@[630, 2468, 2517, 2534, 2629, 2643, 2796, 2797, 2981, 3001, 3350, 3351, 3358, 3361, 3362, 3447, 3448, 3510, 3511, 3585, 3586, 3667, 3668, 3733, 3734, 3804, 3805, 3885, 3925, 3926, 3973, 3974, 4014, 4015, 4055, 4056, 4093, 4094, 4130, 4573, 4599, 4869, 5089, 5095, 5569, 5589, 5616, 5642, 5663, 5664, 5722, 5889, 6025, 6053, 6059, 6088, 6089, 6090, 6091, 6107, 6108, 6405, 6406]@{}
http://www.comp.hkbu.edu.hk/v1/?page=home?=tc?=tc?=tc@[630, 2468, 2517, 2534, 2629, 2643, 2796, 2797, 2977, 2997, 3346, 3347, 3354, 3357, 3358, 3443, 3444, 3506, 3507, 3581, 3582, 3663, 3664, 3729, 3730, 3800, 3801, 3881, 3921, 3922, 3969, 3970, 4010, 4011, 4051, 4052, 4089, 4090, 4126, 4569, 4595, 4854, 5074, 5080, 5554, 5574, 5601, 5627, 5648, 5649, 5707, 5874, 6010, 6038, 6044, 6073, 6074, 6075, 6076, 6092, 6093, 6395, 6396]@{}
http://www.comp.hkbu.edu.hk/~alumni/news/../news/../news/../news/../news/../news/@[596, 600, 644, 649, 671, 672, 677, 742, 743, 744, 758, 4024, 4043, 5015, 5030]@{}
http://www.comp.hkbu.edu.hk/~alumni/news/../scholarship/../news/../news/../news/../news/@[596, 600, 644, 649, 671, 672, 677, 742, 743, 744, 758, 4024, 4043, 5015, 5030]@{}
http://www.comp.hkbu.edu.hk/~alumni/news/../donation/../news/../news/../news/../news/@[596, 600, 644, 649, 671, 672, 677, 742, 743, 744, 758, 4024, 4043, 5015, 5030]@{}
http://www.comp.hkbu.edu.hk/v1/?page=job_vacancies@[178, 2016, 2065, 2082, 2177, 2191, 2344, 2345, 2519, 2539, 2888, 2889, 2896, 2899, 2900, 2985, 2986, 3048, 3049, 3123, 3124, 3205, 3206, 3271, 3272, 3342, 3343, 3423, 3463, 3464, 3511, 3512, 3552, 3553, 3593, 3594, 3631, 3632, 3669]@{}
http://www.comp.hkbu.edu.hk/v1/?page=job_vacancies?=tc?=tc?=tc?=tc?=tc?=tc@[630, 2468, 2517, 2534, 2629, 2643, 2796, 2797, 2983, 3003, 3352, 3353, 3360, 3363, 3364, 3449, 3450, 3512, 3513, 3587, 3588, 3669, 3670, 3735, 3736, 3806, 3807, 3887, 3927, 3928, 3975, 3976, 4016, 4017, 4057, 4058, 4095, 4096, 4133, 4576, 4602, 4858, 5078, 5084, 5558, 5578, 5605, 5631, 5652, 5653, 5711, 5878, 6014, 6042, 6048, 6077, 6078, 6079, 6080, 6096, 6097, 6395, 6396]@{}
http://www.comp.hkbu.edu.hk/v1/?page=job_vacancies?=sc?=tc?=tc?=tc?=tc?=tc@[630, 2468, 2517, 2534, 2629, 2643, 2796, 2797, 2983, 3003, 3352, 3353, 3360, 3363, 3364, 3449, 3450, 3512, 3513, 3587, 3588, 3669, 3670, 3735, 3736, 3806, 3807, 3887, 3927, 3928, 3975, 3976, 4016, 4017, 4057, 4058, 4095, 4096, 4132, 4575, 4601, 4857, 5077, 5083, 5557, 5577, 5604, 5630, 5651, 5652, 5710, 5877, 6013, 6041, 6047, 6076, 6077, 6078, 6079, 6095, 6096, 6403, 6404]@{}
http://www.comp.hkbu.edu.hk/v1/?page=sitemap?=tc?=tc?=tc?=tc?=tc?=tc@[630, 2468, 2517, 2534, 2629, 2643, 2796, 2797, 2983, 3003, 3352, 3353, 3360, 3363, 3364, 3449, 3450, 3512, 3513, 3587, 3588, 3669, 3670, 3735, 3736, 3806, 3807, 3887, 3927, 3928, 3975, 3976, 4016, 4017, 4057, 4058, 4095, 4096, 4132, 4575, 4601, 4861, 5081, 5087, 5561, 5581, 5608, 5634, 5655, 5656, 5714, 5881, 6017, 6045, 6051, 6080, 6081, 6082, 6083, 6099, 6100, 6392, 6393]@{}
http://www.comp.hkbu.edu.hk/v1/?page=sitemap?=sc?=tc?=tc?=tc?=tc?=tc@[630, 2468, 2517, 2534, 2629, 2643, 2796, 2797, 2983, 3003, 3352, 3353, 3360, 3363, 3364, 3449, 3450, 3512, 3513, 3587, 3588, 3669, 3670, 3735, 3736, 3806, 3807, 3887, 3927, 3928, 3975, 3976, 4016, 4017, 4057, 4058, 4095, 4096, 4133, 4576, 4602, 4879, 5099, 5105, 5579, 5599, 5626, 5652, 5673, 5674, 5732, 5899, 6035, 6063, 6069, 6098, 6099, 6100, 6101, 6117, 6118, 6411, 6412]@{}
http://www.comp.hkbu.edu.hk/v1/?page=home?=tc?=tc?=tc?=tc@[630, 2468, 2517, 2534, 2629, 2643, 2796, 2797, 2979, 2999, 3348, 3349, 3356, 3359, 3360, 3445, 3446, 3508, 3509, 3583, 3584, 3665, 3666, 3731, 3732, 3802, 3803, 3883, 3923, 3924, 3971, 3972, 4012, 4013, 4053, 4054, 4091, 4092, 4129, 4572, 4598, 4860, 5080, 5086, 5560, 5580, 5607, 5633, 5654, 5655, 5713, 5880, 6016, 6044, 6050, 6079, 6080, 6081, 6082, 6098, 6099, 6393, 6394]@{}
http://www.comp.hkbu.edu.hk/~alumni/news/../news/../news/../news/../news/../news/../news/@[596, 600, 644, 649, 671, 672, 677, 742, 743, 744, 758, 4024, 4043, 5015, 5030]@{}
http://www.comp.hkbu.edu.hk/~alumni/news/../scholarship/../news/../news/../news/../news/../news/@[596, 600, 644, 649, 671, 672, 677, 742, 743, 744, 758, 4024, 4043, 5015, 5030]@{}
http://www.comp.hkbu.edu.hk/~alumni/news/../donation/../news/../news/../news/../news/../news/@[596, 600, 644, 649, 671, 672, 677, 742, 743, 744, 758, 4024, 4043, 5015, 5030]@{}
http://www.comp.hkbu.edu.hk/v1/?page=job_vacancies?=tc?=tc?=tc?=tc?=tc?=tc?=tc@[630, 2468, 2517, 2534, 2629, 2643, 2796, 2797, 2985, 3005, 3354, 3355, 3362, 3365, 3366, 3451, 3452, 3514, 3515, 3589, 3590, 3671, 3672, 3737, 3738, 3808, 3809, 3889, 3929, 3930, 3977, 3978, 4018, 4019, 4059, 4060, 4097, 4098, 4135, 4578, 4604, 4862, 5082, 5088, 5562, 5582, 5609, 5635, 5656, 5657, 5715, 5882, 6018, 6046, 6052, 6081, 6082, 6083, 6084, 6100, 6101, 6391, 6392]@{}
http://www.comp.hkbu.edu.hk/v1/?page=job_vacancies?=sc?=tc?=tc?=tc?=tc?=tc?=tc@[630, 2468, 2517, 2534, 2629, 2643, 2796, 2797, 2985, 3005, 3354, 3355, 3362, 3365, 3366, 3451, 3452, 3514, 3515, 3589, 3590, 3671, 3672, 3737, 3738, 3808, 3809, 3889, 3929, 3930, 3977, 3978, 4018, 4019, 4059, 4060, 4097, 4098, 4135, 4578, 4604, 4859, 5079, 5085, 5559, 5579, 5606, 5632, 5653, 5654, 5712, 5879, 6015, 6043, 6049, 6078, 6079, 6080, 6081, 6097, 6098, 6391, 6392]@{}
http://www.comp.hkbu.edu.hk/v1/?page=sitemap?=tc?=tc?=tc?=tc?=tc?=tc?=tc@[630, 2468, 2517, 2534, 2629, 2643, 2796, 2797, 2985, 3005, 3354, 3355, 3362, 3365, 3366, 3451, 3452, 3514, 3515, 3589, 3590, 3671, 3672, 3737, 3738, 3808, 3809, 3889, 3929, 3930, 3977, 3978, 4018, 4019, 4059, 4060, 4097, 4098, 4134, 4577, 4603, 4861, 5081, 5087, 5561, 5581, 5608, 5634, 5655, 5656, 5714, 5881, 6017, 6045, 6051, 6080, 6081, 6082, 6083, 6099, 6100, 6388, 6389]@{}
http://www.comp.hkbu.edu.hk/v1/?page=sitemap?=sc?=tc?=tc?=tc?=tc?=tc?=tc@[630, 2468, 2517, 2534, 2629, 2643, 2796, 2797, 2985, 3005, 3354, 3355, 3362, 3365, 3366, 3451, 3452, 3514, 3515, 3589, 3590, 3671, 3672, 3737, 3738, 3808, 3809, 3889, 3929, 3930, 3977, 3978, 4018, 4019, 4059, 4060, 4097, 4098, 4134, 4577, 4603, 4863, 5083, 5089, 5563, 5583, 5610, 5636, 5657, 5658, 5716, 5883, 6019, 6047, 6053, 6082, 6083, 6084, 6085, 6101, 6102, 6403, 6404]@{}
http://www.comp.hkbu.edu.hk/v1/?page=home?=tc?=tc?=tc?=tc?=tc@[630, 2468, 2517, 2534, 2629, 2643, 2796, 2797, 2981, 3001, 3350, 3351, 3358, 3361, 3362, 3447, 3448, 3510, 3511, 3585, 3586, 3667, 3668, 3733, 3734, 3804, 3805, 3885, 3925, 3926, 3973, 3974, 4014, 4015, 4055, 4056, 4093, 4094, 4131, 4574, 4600, 4863, 5083, 5089, 5563, 5583, 5610, 5636, 5657, 5658, 5716, 5883, 6019, 6047, 6053, 6082, 6083, 6084, 6085, 6101, 6102, 6397, 6398]@{}
http://www.comp.hkbu.edu.hk/~alumni/news/../news/../news/../news/../news/../news/../news/../news/@[596, 600, 644, 649, 671, 672, 677, 742, 743, 744, 758, 4024, 4043, 5015, 5030]@{}
http://www.comp.hkbu.edu.hk/~alumni/news/../scholarship/../news/../news/../news/../news/../news/../news/@[596, 600, 644, 649, 671, 672, 677, 742, 743, 744, 758, 4024, 4043, 5015, 5030]@{}
http://www.comp.hkbu.edu.hk/~alumni/news/../donation/../news/../news/../news/../news/../news/../news/@[596, 600, 644, 649, 671, 672, 677, 742, 743, 744, 758, 4024, 4043, 5015, 5030]@{}
http://www.comp.hkbu.edu.hk/v1/?page=job_vacancies?=tc?=tc?=tc?=tc?=tc?=tc?=tc?=tc@[630, 2468, 2517, 2534, 2629, 2643, 2796, 2797, 2987, 3007, 3356, 3357, 3364, 3367, 3368, 3453, 3454, 3516, 3517, 3591, 3592, 3673, 3674, 3739, 3740, 3810, 3811, 3891, 3931, 3932, 3979, 3980, 4020, 4021, 4061, 4062, 4099, 4100, 4137, 4580, 4606, 4878, 5098, 5104, 5578, 5598, 5625, 5651, 5672, 5673, 5731, 5898, 6034, 6062, 6068, 6097, 6098, 6099, 6100, 6116, 6117, 6411, 6412]@{}
http://www.comp.hkbu.edu.hk/v1/?page=job_vacancies?=sc?=tc?=tc?=tc?=tc?=tc?=tc?=tc@[630, 2468, 2517, 2534, 2629, 2643, 2796, 2797, 2987, 3007, 3356, 3357, 3364, 3367, 3368, 3453, 3454, 3516, 3517, 3591, 3592, 3673, 3674, 3739, 3740, 3810, 3811, 3891, 3931, 3932, 3979, 3980, 4020, 4021, 4061, 4062, 4099, 4100, 4137, 4580, 4606, 4862, 5082, 5088, 5562, 5582, 5609, 5635, 5656, 5657, 5715, 5882, 6018, 6046, 6052, 6081, 6082, 6083, 6084, 6100, 6101, 6407, 6408]@{}
http://www.comp.hkbu.edu.hk/v1/?page=sitemap?=tc?=tc?=tc?=tc?=tc?=tc?=tc?=tc@[630, 2468, 2517, 2534, 2629, 2643, 2796, 2797, 2987, 3007, 3356, 3357, 3364, 3367, 3368, 3453, 3454, 3516, 3517, 3591, 3592, 3673, 3674, 3739, 3740, 3810, 3811, 3891, 3931, 3932, 3979, 3980, 4020, 4021, 4061, 4062, 4099, 4100, 4137, 4580, 4606, 4865, 5085, 5091, 5565, 5585, 5612, 5638, 5659, 5660, 5718, 5885, 6021, 6049, 6055, 6084, 6085, 6086, 6087, 6103, 6104, 6392, 6393]@{}
http://www.comp.hkbu.edu.hk/v1/?page=sitemap?=sc?=tc?=tc?=tc?=tc?=tc?=tc?=tc@[630, 2468, 2517, 2534, 2629, 2643, 2796, 2797, 2987, 3007, 3356, 3357, 3364, 3367, 3368, 3453, 3454, 3516, 3517, 3591, 3592, 3673, 3674, 3739, 3740, 3810, 3811, 3891, 3931, 3932, 3979, 3980, 4020, 4021, 4061, 4062, 4099, 4100, 4137, 4580, 4606, 4879, 5099, 5105, 5579, 5599, 5626, 5652, 5673, 5674, 5732, 5899, 6035, 6063, 6069, 6098, 6099, 6100, 6101, 6117, 6118, 6418, 6419]@{}
http://www.comp.hkbu.edu.hk/v1/?page=sitemap@[176, 2014, 2063, 2080, 2175, 2189, 2342, 2343, 2517, 2537, 2886, 2887, 2894, 2897, 2898, 2983, 2984, 3046, 3047, 3121, 3122, 3203, 3204, 3269, 3270, 3340, 3341, 3421, 3461, 3462, 3509, 3510, 3550, 3551, 3591, 3592, 3629, 3630, 3666]@{}
http://www.comp.hkbu.edu.hk/v1/?page=home?=tc?=tc?=tc?=tc?=tc?=tc@[630, 2468, 2517, 2534, 2629, 2643, 2796, 2797, 2983, 3003, 3352, 3353, 3360, 3363, 3364, 3449, 3450, 3512, 3513, 3587, 3588, 3669, 3670, 3735, 3736, 3806, 3807, 3887, 3927, 3928, 3975, 3976, 4016, 4017, 4057, 4058, 4095, 4096, 4132, 4575, 4601, 4864, 5084, 5090, 5564, 5584, 5611, 5637, 5658, 5659, 5717, 5884, 6020, 6048, 6054, 6083, 6084, 6085, 6086, 6102, 6103, 6404, 6405]@{}
http://www.comp.hkbu.edu.hk/~alumni/news/../news/../news/../news/../news/../news/../news/../news/../news/@[596, 600, 644, 649, 671, 672, 677, 742, 743, 744, 758, 4024, 4043, 5015, 5030]@{}
http://www.comp.hkbu.edu.hk/~alumni/news/../scholarship/../news/../news/../news/../news/../news/../news/../news/@[596, 600, 644, 649, 671, 672, 677, 742, 743, 744, 758, 4024, 4043, 5015, 5030]@{}
http://www.comp.hkbu.edu.hk/~alumni/news/../donation/../news/../news/../news/../news/../news/../news/../news/@[596, 600, 644, 649, 671, 672, 677, 742, 743, 744, 758, 4024, 4043, 5015, 5030]@{}
http://www.comp.hkbu.edu.hk/v1/?page=job_vacancies?=tc?=tc?=tc?=tc?=tc?=tc?=tc?=tc?=tc@[630, 2468, 2517, 2534, 2629, 2643, 2796, 2797, 2989, 3009, 3358, 3359, 3366, 3369, 3370, 3455, 3456, 3518, 3519, 3593, 3594, 3675, 3676, 3741, 3742, 3812, 3813, 3893, 3933, 3934, 3981, 3982, 4022, 4023, 4063, 4064, 4101, 4102, 4139, 4582, 4608, 4878, 5098, 5104, 5578, 5598, 5625, 5651, 5672, 5673, 5731, 5898, 6034, 6062, 6068, 6097, 6098, 6099, 6100, 6116, 6117, 6410, 6411]@{}
http://www.comp.hkbu.edu.hk/v1/?page=job_vacancies?=sc?=tc?=tc?=tc?=tc?=tc?=tc?=tc?=tc@[630, 2468, 2517, 2534, 2629, 2643, 2796, 2797, 2989, 3009, 3358, 3359, 3366, 3369, 3370, 3455, 3456, 3518, 3519, 3593, 3594, 3675, 3676, 3741, 3742, 3812, 3813, 3893, 3933, 3934, 3981, 3982, 4022, 4023, 4063, 4064, 4101, 4102, 4139, 4582, 4608, 4877, 5097, 5103, 5577, 5597, 5624, 5650, 5671, 5672, 5730, 5897, 6033, 6061, 6067, 6096, 6097, 6098, 6099, 6115, 6116, 6414, 6415]@{}
http://www.comp.hkbu.edu.hk/v1/?page=sitemap?=tc?=tc?=tc?=tc?=tc?=tc?=tc?=tc?=tc@[630, 2468, 2517, 2534, 2629, 2643, 2796, 2797, 2989, 3009, 3358, 3359, 3366, 3369, 3370, 3455, 3456, 3518, 3519, 3593, 3594, 3675, 3676, 3741, 3742, 3812, 3813, 3893, 3933, 3934, 3981, 3982, 4022, 4023, 4063, 4064, 4101, 4102, 4138, 4581, 4607, 4862, 5082, 5088, 5562, 5582, 5609, 5635, 5656, 5657, 5715, 5882, 6018, 6046, 6052, 6081, 6082, 6083, 6084, 6100, 6101, 6392, 6393]@{}
http://www.comp.hkbu.edu.hk/v1/?page=sitemap?=sc?=tc?=tc?=tc?=tc?=tc?=tc?=tc?=tc@[630, 2468, 2517, 2534, 2629, 2643, 2796, 2797, 2989, 3009, 3358, 3359, 3366, 3369, 3370, 3455, 3456, 3518, 3519, 3593, 3594, 3675, 3676, 3741, 3742, 3812, 3813, 3893, 3933, 3934, 3981, 3982, 4022, 4023, 4063, 4064, 4101, 4102, 4138, 4581, 4607, 4880, 5100, 5106, 5580, 5600, 5627, 5653, 5674, 5675, 5733, 5900, 6036, 6064, 6070, 6099, 6100, 6101, 6102, 6118, 6119, 6416, 6417]@{}
http://www.comp.hkbu.edu.hk/v1/?lang=tc@[630, 2468, 2517, 2534, 2629, 2643, 2796, 2797, 2967, 2987, 3336, 3337, 3344, 3347, 3348, 3433, 3434, 3496, 3497, 3571, 3572, 3653, 3654, 3719, 3720, 3790, 3791, 3871, 3911, 3912, 3959, 3960, 4000, 4001, 4041, 4042, 4079, 4080, 4116, 4559, 4585, 4862, 5082, 5088, 5562, 5582, 5609, 5635, 5656, 5657, 5715, 5882, 6018, 6046, 6052, 6081, 6082, 6083, 6084, 6100, 6101, 6404, 6405]@{}
http://www.comp.hkbu.edu.hk/~alumni/news/@[596, 600, 644, 649, 671, 672, 677, 742, 743, 744, 758, 4024, 4043, 5015, 5030]@{}
http://www.sci.hkbu.edu.hk/eng/page/?page=prospective-students@[626, 703, 704, 712, 805, 806, 877, 878, 889, 934, 947, 953, 1035, 1036, 1037, 1126, 1127, 1128, 1129, 1141, 1151, 1155, 1194, 1195, 2060, 2061, 2062, 2063, 2332, 2335, 2338, 2341, 2344, 2351, 2352, 2362, 2367, 2368, 2382, 3135, 3136, 3146, 3155, 3224, 3225, 3298, 3299, 3300, 3301, 3307, 3308, 3309, 3310, 3316, 3317, 3318, 3319, 3331, 3332, 3340, 3343, 3424, 3425, 3661, 3662, 3663]@{}
http://www.sci.hkbu.edu.hk/eng/page/?page=current-students@[626, 703, 704, 712, 805, 806, 877, 878, 889, 934, 947, 953, 1035, 1036, 1037, 1126, 1127, 1128, 1129, 1141, 1151, 1155, 1194, 1195, 2060, 2061, 2062, 2063, 2332, 2335, 2338, 2341, 2344, 2351, 2352, 2362, 2367, 2368, 2375, 2395, 2404, 2422, 2423, 2444, 2445, 2464, 2465, 2466, 2479, 2501, 2502, 2524, 2525, 2526, 2538, 2559, 2560, 2582, 2583, 2608, 2609, 2643, 2644, 2663, 2664, 2684, 2685, 2695, 2696, 2713, 2714, 2715, 2716, 2717, 2731, 2756, 2757, 2782, 2783, 2814, 2815, 2816, 2829, 2854, 2855, 2899, 2900, 2914, 2915, 2929, 2930, 2931, 2964, 2965, 2966, 2972, 2973, 2974, 2975, 2987, 2988, 2996, 2999, 3080, 3081, 3317, 3318, 3319]@{}
http://www.sci.hkbu.edu.hk/eng/page/@[626, 703, 704, 712, 805, 806, 877, 878, 889, 934, 947, 953, 1035, 1036, 1037, 1126, 1127, 1128, 1129, 1141, 1151, 1155, 1194, 1195, 2060, 2061, 2062, 2063, 2332, 2335, 2338, 2341, 2344, 2351, 2352, 2362, 2368, 2379, 2386, 3059, 3060, 3066, 3067, 3068, 3069, 3075, 3076, 3077, 3078, 3090, 3091, 3099, 3102, 3183, 3184, 3420, 3421, 3422]@{}
http://www.sci.hkbu.edu.hk/eng/about-us/honorary-doctorate@[626, 703, 704, 712, 805, 806, 877, 878, 889, 934, 947, 953, 1035, 1036, 1037, 1126, 1127, 1128, 1129, 1141, 1151, 1155, 1194, 1195, 2060, 2061, 2062, 2063, 2332, 2335, 2338, 2341, 2344, 2358, 2574, 2575, 2576, 2586, 2592, 2619, 2641, 2648, 2711, 2712, 2775, 2776, 2785, 2792, 2854, 2855, 2864, 2871, 2935, 2936, 2945, 2952, 3014, 3015, 3024, 3031, 3094, 3095, 3104, 3111, 3173, 3174, 3183, 3190, 3252, 3253, 3262, 3269, 3332, 3333, 3598, 3599, 3600, 3606, 3607, 3608, 3609, 3621, 3622, 3630, 3633, 3714, 3715, 3951, 3952, 3953]@{}
http://www.sci.hkbu.edu.hk/eng/about-us/distinguished-professorship/eng/page/?page=prospective-students@[626, 703, 704, 712, 805, 806, 877, 878, 889, 934, 947, 953, 1035, 1036, 1037, 1126, 1127, 1128, 1129, 1141, 1151, 1155, 1194, 1195, 2060, 2061, 2062, 2063, 2332, 2387, 2390, 2393, 2444, 2445, 2446, 2449, 2455, 2463, 2481, 2482, 2483, 2491, 2513, 2514, 2515, 2516, 2517, 2520, 2535, 2536, 2537, 2540, 2551, 2710, 2711, 2712, 2713, 2714, 2721, 2724, 2740, 2763, 2778, 2794, 2817, 2820, 2821, 2822, 2841, 2844, 2845, 2846, 2870, 2873, 2874, 2875, 2895, 2898, 2899, 2900, 2901, 2918, 2936, 2937, 2940, 2978, 2979, 2980, 2981, 2994, 3004, 3005, 3006, 3010, 3011, 3015, 3049, 3061, 3090, 3091, 3132, 3135, 3162, 3163, 3205, 3208, 3235, 3236, 3280, 3283, 3312, 3313, 3352, 3355, 3384, 3385, 3427, 3430, 3458, 3459, 3494, 3497, 3530, 3531, 3568, 3571, 3597, 3598, 3638, 3641, 3669, 3670, 3711, 3714, 3745, 3746, 3792, 3795, 3796, 3798, 3808, 3809, 3810, 3831, 3846, 3862, 3885, 3888, 3889, 3890, 3909, 3912, 3913, 3914, 3938, 3941, 3942, 3943, 3963, 3966, 3967, 3968, 3969, 3986, 4004, 4005, 4008, 4046, 4047, 4048, 4049, 4062, 4072, 4073, 4074, 4078, 4079, 4216, 4226, 4227, 4229, 4231, 5796, 5799, 5808, 5813, 5818, 6191, 7786, 7787, 7795, 7798, 7879, 7880, 8116, 8117, 8118]@{}
http://www.sci.hkbu.edu.hk/eng/about-us/honorary-doctorate/eng/page/?page=prospective-students@[626, 703, 704, 712, 805, 806, 877, 878, 889, 934, 947, 953, 1035, 1036, 1037, 1126, 1127, 1128, 1129, 1141, 1151, 1155, 1194, 1195, 2060, 2061, 2062, 2063, 2332, 2387, 2390, 2393, 2444, 2445, 2446, 2449, 2455, 2463, 2481, 2482, 2483, 2491, 2513, 2514, 2515, 2516, 2517, 2520, 2535, 2536, 2537, 2540, 2551, 2710, 2711, 2712, 2713, 2714, 2721, 2724, 2740, 2763, 2778, 2794, 2817, 2820, 2821, 2822, 2841, 2844, 2845, 2846, 2870, 2873, 2874, 2875, 2895, 2898, 2899, 2900, 2901, 2918, 2936, 2937, 2940, 2978, 2979, 2980, 2981, 2994, 3004, 3005, 3006, 3010, 3011, 3015, 3049, 3061, 3090, 3091, 3132, 3135, 3162, 3163, 3205, 3208, 3235, 3236, 3280, 3283, 3312, 3313, 3352, 3355, 3384, 3385, 3427, 3430, 3458, 3459, 3494, 3497, 3530, 3531, 3568, 3571, 3597, 3598, 3638, 3641, 3669, 3670, 3711, 3714, 3745, 3746, 3792, 3795, 3796, 3798, 3808, 3809, 3810, 3831, 3846, 3862, 3885, 3888, 3889, 3890, 3909, 3912, 3913, 3914, 3938, 3941, 3942, 3943, 3963, 3966, 3967, 3968, 3969, 3986, 4004, 4005, 4008, 4046, 4047, 4048, 4049, 4062, 4072, 4073, 4074, 4078, 4079, 4216, 4226, 4227, 4229, 4231, 5796, 5799, 5808, 5813, 5818, 6191, 7786, 7787, 7795, 7798, 7879, 7880, 8116, 8117, 8118]@{}
http://www.sci.hkbu.edu.hk/eng/about-us/distinguished-professor-of-science@[626, 703, 704, 712, 805, 806, 877, 878, 889, 934, 947, 953, 1035, 1036, 1037, 1126, 1127, 1128, 1129, 1141, 1151, 1155, 1194, 1195, 2060, 2061, 2062, 2063, 2332, 2335, 2338, 2341, 2344, 2358, 2574, 2575, 2576, 2586, 2594, 2623, 2715, 2725, 2756, 2757, 2810, 2811, 2842, 2843, 2900, 2901, 2902, 2912, 2942, 2943, 2989, 2990, 3020, 3021, 3069, 3070, 3071, 3081, 3111, 3112, 3160, 3161, 3191, 3192, 3244, 3245, 3246, 3259, 3289, 3290, 3334, 3335, 3365, 3366, 3412, 3413, 3414, 3415, 3416, 3422, 3423, 3424, 3425, 3437, 3438, 3446, 3449, 3530, 3531, 3767, 3768, 3769]@{}
http://www.sci.hkbu.edu.hk/eng/about-us/dr-kennedy-wong-distinguished-visiting-professorship-scheme@[626, 703, 704, 712, 805, 806, 877, 878, 889, 934, 947, 953, 1035, 1036, 1037, 1126, 1127, 1128, 1129, 1141, 1151, 1155, 1194, 1195, 2060, 2061, 2062, 2063, 2332, 2335, 2338, 2341, 2344, 2358, 2574, 2575, 2576, 2586, 2597, 2629, 2650, 2660, 2690, 2691, 2746, 2747, 2762, 2772, 2802, 2803, 2855, 2856, 2871, 2881, 2911, 2912, 2955, 2956, 2971, 2981, 3014, 3015, 3072, 3073, 3083, 3084, 3085, 3091, 3092, 3093, 3094, 3106, 3107, 3115, 3118, 3199, 3200, 3436, 3437, 3438]@{}
http://www.sci.hkbu.edu.hk/eng/about-us/distinguished-professor-of-science/eng/page/?page=prospective-students@[626, 703, 704, 712, 805, 806, 877, 878, 889, 934, 947, 953, 1035, 1036, 1037, 1126, 1127, 1128, 1129, 1141, 1151, 1155, 1194, 1195, 2060, 2061, 2062, 2063, 2332, 2387, 2390, 2393, 2444, 2445, 2446, 2449, 2455, 2463, 2481, 2482, 2483, 2491, 2513, 2514, 2515, 2516, 2517, 2520, 2535, 2536, 2537, 2540, 2551, 2710, 2711, 2712, 2713, 2714, 2721, 2724, 2740, 2763, 2778, 2794, 2817, 2820, 2821, 2822, 2841, 2844, 2845, 2846, 2870, 2873, 2874, 2875, 2895, 2898, 2899, 2900, 2901, 2918, 2936, 2937, 2940, 2978, 2979, 2980, 2981, 2994, 3004, 3005, 3006, 3010, 3011, 3015, 3049, 3061, 3090, 3091, 3132, 3135, 3162, 3163, 3205, 3208, 3235, 3236, 3280, 3283, 3312, 3313, 3352, 3355, 3384, 3385, 3427, 3430, 3458, 3459, 3494, 3497, 3530, 3531, 3568, 3571, 3597, 3598, 3638, 3641, 3669, 3670, 3711, 3714, 3745, 3746, 3792, 3795, 3796, 3798, 3808, 3809, 3810, 3831, 3846, 3862, 3885, 3888, 3889, 3890, 3909, 3912, 3913, 3914, 3938, 3941, 3942, 3943, 3963, 3966, 3967, 3968, 3969, 3986, 4004, 4005, 4008, 4046, 4047, 4048, 4049, 4062, 4072, 4073, 4074, 4078, 4079, 4216, 4226, 4227, 4229, 4231, 5796, 5799, 5808, 5813, 5818, 6191, 7786, 7787, 7795, 7798, 7879, 7880, 8116, 8117, 8118]@{}
http://www.sci.hkbu.edu.hk/eng/about-us/dr-kennedy-wong-distinguished-visiting-professorship-scheme/eng/page/?page=prospective-students@[626, 703, 704, 712, 805, 806, 877, 878, 889, 934, 947, 953, 1035, 1036, 1037, 1126, 1127, 1128, 1129, 1141, 1151, 1155, 1194, 1195, 2060, 2061, 2062, 2063, 2332, 2387, 2390, 2393, 2444, 2445, 2446, 2449, 2455, 2463, 2481, 2482, 2483, 2491, 2513, 2514, 2515, 2516, 2517, 2520, 2535, 2536, 2537, 2540, 2551, 2710, 2711, 2712, 2713, 2714, 2721, 2724, 2740, 2763, 2778, 2794, 2817, 2820, 2821, 2822, 2841, 2844, 2845, 2846, 2870, 2873, 2874, 2875, 2895, 2898, 2899, 2900, 2901, 2918, 2936, 2937, 2940, 2978, 2979, 2980, 2981, 2994, 3004, 3005, 3006, 3010, 3011, 3015, 3049, 3061, 3090, 3091, 3132, 3135, 3162, 3163, 3205, 3208, 3235, 3236, 3280, 3283, 3312, 3313, 3352, 3355, 3384, 3385, 3427, 3430, 3458, 3459, 3494, 3497, 3530, 3531, 3568, 3571, 3597, 3598, 3638, 3641, 3669, 3670, 3711, 3714, 3745, 3746, 3792, 3795, 3796, 3798, 3808, 3809, 3810, 3831, 3846, 3862, 3885, 3888, 3889, 3890, 3909, 3912, 3913, 3914, 3938, 3941, 3942, 3943, 3963, 3966, 3967, 3968, 3969, 3986, 4004, 4005, 4008, 4046, 4047, 4048, 4049, 4062, 4072, 4073, 4074, 4078, 4079, 4216, 4226, 4227, 4229, 4231, 5796, 5799, 5808, 5813, 5818, 6191, 7786, 7787, 7795, 7798, 7879, 7880, 8116, 8117, 8118]@{}
http://www.sci.hkbu.edu.hk/eng/page/eng/about-us/vision-mission@[626, 703, 704, 712, 805, 806, 877, 878, 889, 934, 947, 953, 1035, 1036, 1037, 1126, 1127, 1128, 1129, 1141, 1151, 1155, 1194, 1195, 2060, 2061, 2062, 2063, 2332, 2387, 2390, 2393, 2444, 2445, 2446, 2449, 2455, 2463, 2481, 2482, 2483, 2491, 2513, 2514, 2515, 2516, 2517, 2520, 2535, 2536, 2537, 2540, 2551, 2710, 2711, 2712, 2713, 2714, 2721, 2724, 2740, 2763, 2778, 2794, 2817, 2820, 2821, 2822, 2841, 2844, 2845, 2846, 2870, 2873, 2874, 2875, 2895, 2898, 2899, 2900, 2901, 2918, 2936, 2937, 2940, 2978, 2979, 2980, 2981, 2994, 3004, 3005, 3006, 3010, 3011, 3015, 3049, 3061, 3090, 3091, 3132, 3135, 3162, 3163, 3205, 3208, 3235, 3236, 3280, 3283, 3312, 3313, 3352, 3355, 3384, 3385, 3427, 3430, 3458, 3459, 3494, 3497, 3530, 3531, 3568, 3571, 3597, 3598, 3638, 3641, 3669, 3670, 3711, 3714, 3745, 3746, 3792, 3795, 3796, 3798, 3808, 3809, 3810, 3831, 3846, 3862, 3885, 3888, 3889, 3890, 3909, 3912, 3913, 3914, 3938, 3941, 3942, 3943, 3963, 3966, 3967, 3968, 3969, 3986, 4004, 4005, 4008, 4046, 4047, 4048, 4049, 4062, 4072, 4073, 4074, 4078, 4079, 4216, 4226, 4227, 4229, 4231, 5796, 5799, 5808, 5813, 5818, 6191, 7786, 7787, 7795, 7798, 7879, 7880, 8116, 8117, 8118]@{}
http://www.sci.hkbu.edu.hk/eng/page/eng/about-us/faculty-advisory-committee@[626, 703, 704, 712, 805, 806, 877, 878, 889, 934, 947, 953, 1035, 1036, 1037, 1126, 1127, 1128, 1129, 1141, 1151, 1155, 1194, 1195, 2060, 2061, 2062, 2063, 2332, 2387, 2390, 2393, 2444, 2445, 2446, 2449, 2455, 2463, 2481, 2482, 2483, 2491, 2513, 2514, 2515, 2516, 2517, 2520, 2535, 2536, 2537, 2540, 2551, 2710, 2711, 2712, 2713, 2714, 2721, 2724, 2740, 2763, 2778, 2794, 2817, 2820, 2821, 2822, 2841, 2844, 2845, 2846, 2870, 2873, 2874, 2875, 2895, 2898, 2899, 2900, 2901, 2918, 2936, 2937, 2940, 2978, 2979, 2980, 2981, 2994, 3004, 3005, 3006, 3010, 3011, 3015, 3049, 3061, 3090, 3091, 3132, 3135, 3162, 3163, 3205, 3208, 3235, 3236, 3280, 3283, 3312, 3313, 3352, 3355, 3384, 3385, 3427, 3430, 3458, 3459, 3494, 3497, 3530, 3531, 3568, 3571, 3597, 3598, 3638, 3641, 3669, 3670, 3711, 3714, 3745, 3746, 3792, 3795, 3796, 3798, 3808, 3809, 3810, 3831, 3846, 3862, 3885, 3888, 3889, 3890, 3909, 3912, 3913, 3914, 3938, 3941, 3942, 3943, 3963, 3966, 3967, 3968, 3969, 3986, 4004, 4005, 4008, 4046, 4047, 4048, 4049, 4062, 4072, 4073, 4074, 4078, 4079, 4216, 4226, 4227, 4229, 4231, 5796, 5799, 5808, 5813, 5818, 6191, 7786, 7787, 7795, 7798, 7879, 7880, 8116, 8117, 8118]@{}
http://www.sci.hkbu.edu.hk/eng@[626, 703, 704, 712, 805, 806, 877, 878, 889, 934, 947, 953, 1035, 1036, 1037, 1126, 1127, 1128, 1129, 1141, 1151, 1155, 1194, 1195, 2060, 2061, 2062, 2063, 2332, 2387, 2390, 2393, 2444, 2445, 2446, 2449, 2455, 2463, 2481, 2482, 2483, 2491, 2513, 2514, 2515, 2516, 2517, 2520, 2535, 2536, 2537, 2540, 2551, 2710, 2711, 2712, 2713, 2714, 2721, 2724, 2740, 2763, 2778, 2794, 2817, 2820, 2821, 2822, 2841, 2844, 2845, 2846, 2870, 2873, 2874, 2875, 2895, 2898, 2899, 2900, 2901, 2918, 2936, 2937, 2940, 2978, 2979, 2980, 2981, 2994, 3004, 3005, 3006, 3010, 3011, 3015, 3049, 3061, 3090, 3091, 3132, 3135, 3162, 3163, 3205, 3208, 3235, 3236, 3280, 3283, 3312, 3313, 3352, 3355, 3384, 3385, 3427, 3430, 3458, 3459, 3494, 3497, 3530, 3531, 3568, 3571, 3597, 3598, 3638, 3641, 3669, 3670, 3711, 3714, 3745, 3746, 3792, 3795, 3796, 3798, 3808, 3809, 3810, 3831, 3846, 3862, 3885, 3888, 3889, 3890, 3909, 3912, 3913, 3914, 3938, 3941, 3942, 3943, 3963, 3966, 3967, 3968, 3969, 3986, 4004, 4005, 4008, 4046, 4047, 4048, 4049, 4062, 4072, 4073, 4074, 4078, 4079, 4216, 4226, 4227, 4229, 4231, 5796, 5799, 5808, 5813, 5818, 6191, 7786, 7787, 7795, 7798, 7879, 7880, 8116, 8117, 8118]@{}
http://www.sci.hkbu.edu.hk/eng/about-us/vision-mission@[626, 703, 704, 712, 805, 806, 877, 878, 889, 934, 947, 953, 1035, 1036, 1037, 1126, 1127, 1128, 1129, 1141, 1151, 1155, 1194, 1195, 2060, 2061, 2062, 2063, 2332, 2335, 2338, 2341, 2344, 2358, 2574, 2575, 2576, 2586, 2593, 2614, 2618, 2619, 2643, 2648, 2658, 2659, 2724, 2725, 2734, 2735, 2745, 2746, 2809, 2810, 2858, 2859, 2901, 2902, 2978, 2979, 2980, 2986, 2987, 2988, 2989, 2995, 2996, 2997, 2998, 3010, 3011, 3019, 3022, 3103, 3104, 3340, 3341, 3342]@{}
http://www.sci.hkbu.edu.hk/eng/about-us/faculty-advisory-committee@[626, 703, 704, 712, 805, 806, 877, 878, 889, 934, 947, 953, 1035, 1036, 1037, 1126, 1127, 1128, 1129, 1141, 1151, 1155, 1194, 1195, 2060, 2061, 2062, 2063, 2332, 2335, 2338, 2341, 2344, 2358, 2574, 2575, 2576, 2586, 2593, 2614, 2698, 2776, 2777, 2788, 2840, 2864, 3741, 3742, 3743, 3749, 3750, 3751, 3752, 3764, 3765, 3773, 3776, 3857, 3858, 4094, 4095, 4096]@{}
http://www.sci.hkbu.edu.hk/eng/about-us/vision-mission/eng/page/?page=prospective-students@[626, 703, 704, 712, 805, 806, 877, 878, 889, 934, 947, 953, 1035, 1036, 1037, 1126, 1127, 1128, 1129, 1141, 1151, 1155, 1194, 1195, 2060, 2061, 2062, 2063, 2332, 2387, 2390, 2393, 2444, 2445, 2446, 2449, 2455, 2463, 2481, 2482, 2483, 2491, 2513, 2514, 2515, 2516, 2517, 2520, 2535, 2536, 2537, 2540, 2551, 2710, 2711, 2712, 2713, 2714, 2721, 2724, 2740, 2763, 2778, 2794, 2817, 2820, 2821, 2822, 2841, 2844, 2845, 2846, 2870, 2873, 2874, 2875, 2895, 2898, 2899, 2900, 2901, 2918, 2936, 2937, 2940, 2978, 2979, 2980, 2981, 2994, 3004, 3005, 3006, 3010, 3011, 3015, 3049, 3061, 3090, 3091, 3132, 3135, 3162, 3163, 3205, 3208, 3235, 3236, 3280, 3283, 3312, 3313, 3352, 3355, 3384, 3385, 3427, 3430, 3458, 3459, 3494, 3497, 3530, 3531, 3568, 3571, 3597, 3598, 3638, 3641, 3669, 3670, 3711, 3714, 3745, 3746, 3792, 3795, 3796, 3798, 3808, 3809, 3810, 3831, 3846, 3862, 3885, 3888, 3889, 3890, 3909, 3912, 3913, 3914, 3938, 3941, 3942, 3943, 3963, 3966, 3967, 3968, 3969, 3986, 4004, 4005, 4008, 4046, 4047, 4048, 4049, 4062, 4072, 4073, 4074, 4078, 4079, 4216, 4226, 4227, 4229, 4231, 5796, 5799, 5808, 5813, 5818, 6191, 7786, 7787, 7795, 7798, 7879, 7880, 8116, 8117, 8118]@{}
http://www.sci.hkbu.edu.hk/eng/about-us/faculty-advisory-committee/eng/page/?page=prospective-students@[626, 703, 704, 712, 805, 806, 877, 878, 889, 934, 947, 953, 1035, 1036, 1037, 1126, 1127, 1128, 1129, 1141, 1151, 1155, 1194, 1195, 2060, 2061, 2062, 2063, 2332, 2387, 2390, 2393, 2444, 2445, 2446, 2449, 2455, 2463, 2481, 2482, 2483, 2491, 2513, 2514, 2515, 2516, 2517, 2520, 2535, 2536, 2537, 2540, 2551, 2710, 2711, 2712, 2713, 2714, 2721, 2724, 2740, 2763, 2778, 2794, 2817, 2820, 2821, 2822, 2841, 2844, 2845, 2846, 2870, 2873, 2874, 2875, 2895, 2898, 2899, 2900, 2901, 2918, 2936, 2937, 2940, 2978, 2979, 2980, 2981, 2994, 3004, 3005, 3006, 3010, 3011, 3015, 3049, 3061, 3090, 3091, 3132, 3135, 3162, 3163, 3205, 3208, 3235, 3236, 3280, 3283, 3312, 3313, 3352, 3355, 3384, 3385, 3427, 3430, 3458, 3459, 3494, 3497, 3530, 3531, 3568, 3571, 3597, 3598, 3638, 3641, 3669, 3670, 3711, 3714, 3745, 3746, 3792, 3795, 3796, 3798, 3808, 3809, 3810, 3831, 3846, 3862, 3885, 3888, 3889, 3890, 3909, 3912, 3913, 3914, 3938, 3941, 3942, 3943, 3963, 3966, 3967, 3968, 3969, 3986, 4004, 4005, 4008, 4046, 4047, 4048, 4049, 4062, 4072, 4073, 4074, 4078, 4079, 4216, 4226, 4227, 4229, 4231, 5796, 5799, 5808, 5813, 5818, 6191, 7786, 7787, 7795, 7798, 7879, 7880, 8116, 8117, 8118]@{}
http://www.sci.hkbu.edu.hk/eng/about-us/distinguished-professorship@[626, 703, 704, 712, 805, 806, 877, 878, 889, 934, 947, 953, 1035, 1036, 1037, 1126, 1127, 1128, 1129, 1141, 1151, 1155, 1194, 1195, 2060, 2061, 2062, 2063, 2332, 2335, 2338, 2341, 2344, 2358, 2574, 2575, 2576, 2586, 2592, 2612, 2632, 2633, 2634, 2640, 2641, 2642, 2643, 2655, 2656, 2664, 2667, 2748, 2749, 2985, 2986, 2987]@{}
