http://library.hkbu.edu.hk/@[30]@{}
http://www.comp.hkbu.edu.hk@[2694, 2706, 3928, 4641, 6530, 6846, 6954]@{}
http://www.comp.hkbu.edu.hk/v1/?page=hkbu@[70]@{}
http://www.comp.hkbu.edu.hk/v1/?page=sci@[688, 785, 832, 994, 1393, 1406, 1420, 1438, 1451, 1634, 1837, 2803, 2855, 3871, 3923, 5169, 5181, 5563, 5586, 5699, 6039, 7922, 7952, 7977, 7992, 8262]@{}
http://www.comp.hkbu.edu.hk/v1/?page=job_vacancies?=tc@[2694, 2706, 3934, 6509, 6822, 6930]@{}
http://www.comp.hkbu.edu.hk/v1/?page=job_vacancies?=sc@[2694, 2706, 3934, 4647, 6520, 6831, 6939]@{}
http://www.comp.hkbu.edu.hk/v1/?page=sitemap?=tc@[2694, 2706, 3934, 4646, 6512, 6834, 6942]@{}
http://www.comp.hkbu.edu.hk/v1/?page=sitemap?=sc@[2694, 2706, 3934, 6519, 6849, 6957]@{}
http://www.comp.hkbu.edu.hk/v1/?lang=sc@[2694, 2706, 3928, 4641, 6511, 6815, 6923]@{}
http://www.comp.hkbu.edu.hk/~alumni/news/../news/@[283, 347, 440, 500, 532, 818, 895, 1094, 1262, 1337, 1466, 1598, 1652, 1734, 1787, 1842, 1899, 1954, 2031, 2116, 2170, 2252, 2391, 2445, 2520, 2577, 2720, 2800, 2885, 2983, 3109, 3184, 3275, 3366, 3466, 3556, 3640, 3731, 3834, 3937, 4160, 4274, 4287, 4380, 4470, 4533, 4603, 4662, 4739, 4805, 4826, 4893, 4911, 4969, 4987, 5049, 5064]@{}
http://www.comp.hkbu.edu.hk/~alumni/news/../scholarship/@[283, 347, 440, 500, 532, 881, 896]@{}
http://www.comp.hkbu.edu.hk/~alumni/news/../donation/@[283, 347, 440, 500, 532, 1371, 1386]@{}
http://www.comp.hkbu.edu.hk/v1/?page=job_vacancies?=tc?=tc@[2694, 2706, 3936, 6518, 6836, 6944]@{}
http://www.comp.hkbu.edu.hk/v1/?page=job_vacancies?=sc?=tc@[2694, 2706, 3936, 4648, 6537, 6865, 6973]@{}
http://www.comp.hkbu.edu.hk/v1/?page=sitemap?=tc?=tc@[2694, 2706, 3936, 6514, 6827, 6935]@{}
http://www.comp.hkbu.edu.hk/v1/?page=sitemap?=sc?=tc@[2694, 2706, 3936, 4648, 6531, 6854, 6962]@{}
http://www.comp.hkbu.edu.hk/v1/?page=home@[2694, 2706, 3932, 6507, 6819, 6927]@{}
http://www.comp.hkbu.edu.hk/~alumni/news/../news/../news/@[283, 347, 440, 500, 532, 818, 895, 1094, 1262, 1337, 1466, 1598, 1652, 1734, 1787, 1842, 1899, 1954, 2031, 2116, 2170, 2252, 2391, 2445, 2520, 2577, 2720, 2800, 2885, 2983, 3109, 3184, 3275, 3366, 3466, 3556, 3640, 3731, 3834, 3937, 4160, 4274, 4287, 4380, 4470, 4533, 4603, 4662, 4739, 4805, 4826, 4893, 4911, 4969, 4987, 5049, 5064]@{}
http://www.comp.hkbu.edu.hk/~alumni/news/../scholarship/../news/@[283, 347, 440, 500, 532, 818, 895, 1094, 1262, 1337, 1466, 1598, 1652, 1734, 1787, 1842, 1899, 1954, 2031, 2116, 2170, 2252, 2391, 2445, 2520, 2577, 2720, 2800, 2885, 2983, 3109, 3184, 3275, 3366, 3466, 3556, 3640, 3731, 3834, 3937, 4160, 4274, 4287, 4380, 4470, 4533, 4603, 4662, 4739, 4805, 4826, 4893, 4911, 4969, 4987, 5049, 5064]@{}
http://www.comp.hkbu.edu.hk/~alumni/news/../donation/../news/@[283, 347, 440, 500, 532, 818, 895, 1094, 1262, 1337, 1466, 1598, 1652, 1734, 1787, 1842, 1899, 1954, 2031, 2116, 2170, 2252, 2391, 2445, 2520, 2577, 2720, 2800, 2885, 2983, 3109, 3184, 3275, 3366, 3466, 3556, 3640, 3731, 3834, 3937, 4160, 4274, 4287, 4380, 4470, 4533, 4603, 4662, 4739, 4805, 4826, 4893, 4911, 4969, 4987, 5049, 5064]@{}
http://www.comp.hkbu.edu.hk/v1/?page=job_vacancies?=tc?=tc?=tc@[2694, 2706, 3938, 4651, 6534, 6862, 6970]@{}
http://www.comp.hkbu.edu.hk/v1/?page=job_vacancies?=sc?=tc?=tc@[2694, 2706, 3938, 6519, 6831, 6939]@{}
http://www.comp.hkbu.edu.hk/v1/?page=sitemap?=tc?=tc?=tc@[2694, 2706, 3938, 4651, 6526, 6859, 6967]@{}
http://www.comp.hkbu.edu.hk/v1/?page=sitemap?=sc?=tc?=tc@[2694, 2706, 3938, 4651, 6527, 6862, 6970]@{}
http://www.comp.hkbu.edu.hk/v1/?page=library@[30]@{}
http://www.comp.hkbu.edu.hk/v1/?page=home?=tc@[2694, 2706, 3934, 4646, 6523, 6847, 6955]@{}
http://www.comp.hkbu.edu.hk/~alumni/news/../news/../news/../news/@[283, 347, 440, 500, 532, 818, 895, 1094, 1262, 1337, 1466, 1598, 1652, 1734, 1787, 1842, 1899, 1954, 2031, 2116, 2170, 2252, 2391, 2445, 2520, 2577, 2720, 2800, 2885, 2983, 3109, 3184, 3275, 3366, 3466, 3556, 3640, 3731, 3834, 3937, 4160, 4274, 4287, 4380, 4470, 4533, 4603, 4662, 4739, 4805, 4826, 4893, 4911, 4969, 4987, 5049, 5064]@{}
http://www.comp.hkbu.edu.hk/~alumni/news/../scholarship/../news/../news/@[283, 347, 440, 500, 532, 818, 895, 1094, 1262, 1337, 1466, 1598, 1652, 1734, 1787, 1842, 1899, 1954, 2031, 2116, 2170, 2252, 2391, 2445, 2520, 2577, 2720, 2800, 2885, 2983, 3109, 3184, 3275, 3366, 3466, 3556, 3640, 3731, 3834, 3937, 4160, 4274, 4287, 4380, 4470, 4533, 4603, 4662, 4739, 4805, 4826, 4893, 4911, 4969, 4987, 5049, 5064]@{}
http://www.comp.hkbu.edu.hk/~alumni/news/../donation/../news/../news/@[283, 347, 440, 500, 532, 818, 895, 1094, 1262, 1337, 1466, 1598, 1652, 1734, 1787, 1842, 1899, 1954, 2031, 2116, 2170, 2252, 2391, 2445, 2520, 2577, 2720, 2800, 2885, 2983, 3109, 3184, 3275, 3366, 3466, 3556, 3640, 3731, 3834, 3937, 4160, 4274, 4287, 4380, 4470, 4533, 4603, 4662, 4739, 4805, 4826, 4893, 4911, 4969, 4987, 5049, 5064]@{}
http://www.comp.hkbu.edu.hk/v1/?page=job_vacancies?=tc?=tc?=tc?=tc@[2694, 2706, 3940, 4653, 6531, 6842, 6950]@{}
http://www.comp.hkbu.edu.hk/v1/?page=job_vacancies?=sc?=tc?=tc?=tc@[2694, 2706, 3940, 4653, 6524, 6830, 6938]@{}
http://www.comp.hkbu.edu.hk/v1/?page=sitemap?=tc?=tc?=tc?=tc@[2694, 2706, 3940, 4652, 6525, 6848, 6956]@{}
http://www.comp.hkbu.edu.hk/v1/?page=sitemap?=sc?=tc?=tc?=tc@[2694, 2706, 3940, 4652, 6536, 6856, 6964]@{}
http://www.comp.hkbu.edu.hk/v1/?page=home?=tc?=tc@[2694, 2706, 3936, 4648, 6529, 6830, 6938]@{}
http://www.comp.hkbu.edu.hk/~alumni/news/../news/../news/../news/../news/@[283, 347, 440, 500, 532, 818, 895, 1094, 1262, 1337, 1466, 1598, 1652, 1734, 1787, 1842, 1899, 1954, 2031, 2116, 2170, 2252, 2391, 2445, 2520, 2577, 2720, 2800, 2885, 2983, 3109, 3184, 3275, 3366, 3466, 3556, 3640, 3731, 3834, 3937, 4160, 4274, 4287, 4380, 4470, 4533, 4603, 4662, 4739, 4805, 4826, 4893, 4911, 4969, 4987, 5049, 5064]@{}
http://www.comp.hkbu.edu.hk/~alumni/news/../scholarship/../news/../news/../news/@[283, 347, 440, 500, 532, 818, 895, 1094, 1262, 1337, 1466, 1598, 1652, 1734, 1787, 1842, 1899, 1954, 2031, 2116, 2170, 2252, 2391, 2445, 2520, 2577, 2720, 2800, 2885, 2983, 3109, 3184, 3275, 3366, 3466, 3556, 3640, 3731, 3834, 3937, 4160, 4274, 4287, 4380, 4470, 4533, 4603, 4662, 4739, 4805, 4826, 4893, 4911, 4969, 4987, 5049, 5064]@{}
http://www.comp.hkbu.edu.hk/~alumni/news/../donation/../news/../news/../news/@[283, 347, 440, 500, 532, 818, 895, 1094, 1262, 1337, 1466, 1598, 1652, 1734, 1787, 1842, 1899, 1954, 2031, 2116, 2170, 2252, 2391, 2445, 2520, 2577, 2720, 2800, 2885, 2983, 3109, 3184, 3275, 3366, 3466, 3556, 3640, 3731, 3834, 3937, 4160, 4274, 4287, 4380, 4470, 4533, 4603, 4662, 4739, 4805, 4826, 4893, 4911, 4969, 4987, 5049, 5064]@{}
http://www.comp.hkbu.edu.hk/v1/?page=job_vacancies?=tc?=tc?=tc?=tc?=tc@[2694, 2706, 3942, 4655, 6533, 6837, 6945]@{}
http://www.comp.hkbu.edu.hk/v1/?page=job_vacancies?=sc?=tc?=tc?=tc?=tc@[2694, 2706, 3942, 6529, 6839, 6947]@{}
http://www.comp.hkbu.edu.hk/v1/?page=sitemap?=tc?=tc?=tc?=tc?=tc@[2694, 2706, 3942, 6529, 6859, 6967]@{}
http://www.comp.hkbu.edu.hk/v1/?page=sitemap?=sc?=tc?=tc?=tc?=tc@[2694, 2706, 3942, 4654, 6537, 6844, 6952]@{}
http://www.comp.hkbu.edu.hk/v1/?page=home?=tc?=tc?=tc@[2694, 2706, 3938, 6527, 6844, 6952]@{}
http://www.comp.hkbu.edu.hk/~alumni/news/../news/../news/../news/../news/../news/@[283, 347, 440, 500, 532, 818, 895, 1094, 1262, 1337, 1466, 1598, 1652, 1734, 1787, 1842, 1899, 1954, 2031, 2116, 2170, 2252, 2391, 2445, 2520, 2577, 2720, 2800, 2885, 2983, 3109, 3184, 3275, 3366, 3466, 3556, 3640, 3731, 3834, 3937, 4160, 4274, 4287, 4380, 4470, 4533, 4603, 4662, 4739, 4805, 4826, 4893, 4911, 4969, 4987, 5049, 5064]@{}
http://www.comp.hkbu.edu.hk/~alumni/news/../scholarship/../news/../news/../news/../news/@[283, 347, 440, 500, 532, 818, 895, 1094, 1262, 1337, 1466, 1598, 1652, 1734, 1787, 1842, 1899, 1954, 2031, 2116, 2170, 2252, 2391, 2445, 2520, 2577, 2720, 2800, 2885, 2983, 3109, 3184, 3275, 3366, 3466, 3556, 3640, 3731, 3834, 3937, 4160, 4274, 4287, 4380, 4470, 4533, 4603, 4662, 4739, 4805, 4826, 4893, 4911, 4969, 4987, 5049, 5064]@{}
http://www.comp.hkbu.edu.hk/~alumni/news/../donation/../news/../news/../news/../news/@[283, 347, 440, 500, 532, 818, 895, 1094, 1262, 1337, 1466, 1598, 1652, 1734, 1787, 1842, 1899, 1954, 2031, 2116, 2170, 2252, 2391, 2445, 2520, 2577, 2720, 2800, 2885, 2983, 3109, 3184, 3275, 3366, 3466, 3556, 3640, 3731, 3834, 3937, 4160, 4274, 4287, 4380, 4470, 4533, 4603, 4662, 4739, 4805, 4826, 4893, 4911, 4969, 4987, 5049, 5064]@{}
http://www.comp.hkbu.edu.hk/v1/?page=job_vacancies@[2242, 2254, 3480, 4263, 4297, 4357, 4465]@{}
http://www.comp.hkbu.edu.hk/v1/?page=job_vacancies?=tc?=tc?=tc?=tc?=tc?=tc@[2694, 2706, 3944, 6527, 6834, 6942]@{}
http://www.comp.hkbu.edu.hk/v1/?page=job_vacancies?=sc?=tc?=tc?=tc?=tc?=tc@[2694, 2706, 3944, 6535, 6861, 6969]@{}
http://www.comp.hkbu.edu.hk/v1/?page=sitemap?=tc?=tc?=tc?=tc?=tc?=tc@[2694, 2706, 3944, 4656, 6524, 6851, 6959]@{}
http://www.comp.hkbu.edu.hk/v1/?page=sitemap?=sc?=tc?=tc?=tc?=tc?=tc@[2694, 2706, 3944, 4657, 6543, 6861, 6969]@{}
http://www.comp.hkbu.edu.hk/v1/?page=home?=tc?=tc?=tc?=tc@[2694, 2706, 3940, 4653, 6525, 6845, 6953]@{}
http://www.comp.hkbu.edu.hk/~alumni/news/../news/../news/../news/../news/../news/../news/@[283, 347, 440, 500, 532, 818, 895, 1094, 1262, 1337, 1466, 1598, 1652, 1734, 1787, 1842, 1899, 1954, 2031, 2116, 2170, 2252, 2391, 2445, 2520, 2577, 2720, 2800, 2885, 2983, 3109, 3184, 3275, 3366, 3466, 3556, 3640, 3731, 3834, 3937, 4160, 4274, 4287, 4380, 4470, 4533, 4603, 4662, 4739, 4805, 4826, 4893, 4911, 4969, 4987, 5049, 5064]@{}
http://www.comp.hkbu.edu.hk/~alumni/news/../scholarship/../news/../news/../news/../news/../news/@[283, 347, 440, 500, 532, 818, 895, 1094, 1262, 1337, 1466, 1598, 1652, 1734, 1787, 1842, 1899, 1954, 2031, 2116, 2170, 2252, 2391, 2445, 2520, 2577, 2720, 2800, 2885, 2983, 3109, 3184, 3275, 3366, 3466, 3556, 3640, 3731, 3834, 3937, 4160, 4274, 4287, 4380, 4470, 4533, 4603, 4662, 4739, 4805, 4826, 4893, 4911, 4969, 4987, 5049, 5064]@{}
http://www.comp.hkbu.edu.hk/~alumni/news/../donation/../news/../news/../news/../news/../news/@[283, 347, 440, 500, 532, 818, 895, 1094, 1262, 1337, 1466, 1598, 1652, 1734, 1787, 1842, 1899, 1954, 2031, 2116, 2170, 2252, 2391, 2445, 2520, 2577, 2720, 2800, 2885, 2983, 3109, 3184, 3275, 3366, 3466, 3556, 3640, 3731, 3834, 3937, 4160, 4274, 4287, 4380, 4470, 4533, 4603, 4662, 4739, 4805, 4826, 4893, 4911, 4969, 4987, 5049, 5064]@{}
http://www.comp.hkbu.edu.hk/v1/?page=job_vacancies?=tc?=tc?=tc?=tc?=tc?=tc?=tc@[2694, 2706, 3946, 6523, 6833, 6941]@{}
http://www.comp.hkbu.edu.hk/v1/?page=job_vacancies?=sc?=tc?=tc?=tc?=tc?=tc?=tc@[2694, 2706, 3946, 6523, 6853, 6961]@{}
http://www.comp.hkbu.edu.hk/v1/?page=sitemap?=tc?=tc?=tc?=tc?=tc?=tc?=tc@[2694, 2706, 3946, 6520, 6833, 6941]@{}
http://www.comp.hkbu.edu.hk/v1/?page=sitemap?=sc?=tc?=tc?=tc?=tc?=tc?=tc@[2694, 2706, 3946, 4658, 6535, 6854, 6962]@{}
http://www.comp.hkbu.edu.hk/v1/?page=home?=tc?=tc?=tc?=tc?=tc@[2694, 2706, 3942, 6529, 6858, 6966]@{}
http://www.comp.hkbu.edu.hk/~alumni/news/../news/../news/../news/../news/../news/../news/../news/@[283, 347, 440, 500, 532, 818, 895, 1094, 1262, 1337, 1466, 1598, 1652, 1734, 1787, 1842, 1899, 1954, 2031, 2116, 2170, 2252, 2391, 2445, 2520, 2577, 2720, 2800, 2885, 2983, 3109, 3184, 3275, 3366, 3466, 3556, 3640, 3731, 3834, 3937, 4160, 4274, 4287, 4380, 4470, 4533, 4603, 4662, 4739, 4805, 4826, 4893, 4911, 4969, 4987, 5049, 5064]@{}
http://www.comp.hkbu.edu.hk/~alumni/news/../scholarship/../news/../news/../news/../news/../news/../news/@[283, 347, 440, 500, 532, 818, 895, 1094, 1262, 1337, 1466, 1598, 1652, 1734, 1787, 1842, 1899, 1954, 2031, 2116, 2170, 2252, 2391, 2445, 2520, 2577, 2720, 2800, 2885, 2983, 3109, 3184, 3275, 3366, 3466, 3556, 3640, 3731, 3834, 3937, 4160, 4274, 4287, 4380, 4470, 4533, 4603, 4662, 4739, 4805, 4826, 4893, 4911, 4969, 4987, 5049, 5064]@{}
http://www.comp.hkbu.edu.hk/~alumni/news/../donation/../news/../news/../news/../news/../news/../news/@[283, 347, 440, 500, 532, 818, 895, 1094, 1262, 1337, 1466, 1598, 1652, 1734, 1787, 1842, 1899, 1954, 2031, 2116, 2170, 2252, 2391, 2445, 2520, 2577, 2720, 2800, 2885, 2983, 3109, 3184, 3275, 3366, 3466, 3556, 3640, 3731, 3834, 3937, 4160, 4274, 4287, 4380, 4470, 4533, 4603, 4662, 4739, 4805, 4826, 4893, 4911, 4969, 4987, 5049, 5064]@{}
http://www.comp.hkbu.edu.hk/v1/?page=job_vacancies?=tc?=tc?=tc?=tc?=tc?=tc?=tc?=tc@[2694, 2706, 3948, 4661, 6543, 6876, 6984]@{}
http://www.comp.hkbu.edu.hk/v1/?page=job_vacancies?=sc?=tc?=tc?=tc?=tc?=tc?=tc?=tc@[2694, 2706, 3948, 6539, 6855, 6963]@{}
http://www.comp.hkbu.edu.hk/v1/?page=sitemap?=tc?=tc?=tc?=tc?=tc?=tc?=tc?=tc@[2694, 2706, 3948, 6524, 6846, 6954]@{}
http://www.comp.hkbu.edu.hk/v1/?page=sitemap?=sc?=tc?=tc?=tc?=tc?=tc?=tc?=tc@[2694, 2706, 3948, 4661, 6550, 6854, 6962]@{}
http://www.comp.hkbu.edu.hk/v1/?page=sitemap@[2240, 2252, 3478, 5717, 5825]@{}
http://www.comp.hkbu.edu.hk/v1/?page=home?=tc?=tc?=tc?=tc?=tc?=tc@[2694, 2706, 3944, 4656, 6536, 6854, 6962]@{}
http://www.comp.hkbu.edu.hk/~alumni/news/../news/../news/../news/../news/../news/../news/../news/../news/@[283, 347, 440, 500, 532, 818, 895, 1094, 1262, 1337, 1466, 1598, 1652, 1734, 1787, 1842, 1899, 1954, 2031, 2116, 2170, 2252, 2391, 2445, 2520, 2577, 2720, 2800, 2885, 2983, 3109, 3184, 3275, 3366, 3466, 3556, 3640, 3731, 3834, 3937, 4160, 4274, 4287, 4380, 4470, 4533, 4603, 4662, 4739, 4805, 4826, 4893, 4911, 4969, 4987, 5049, 5064]@{}
http://www.comp.hkbu.edu.hk/~alumni/news/../scholarship/../news/../news/../news/../news/../news/../news/../news/@[283, 347, 440, 500, 532, 818, 895, 1094, 1262, 1337, 1466, 1598, 1652, 1734, 1787, 1842, 1899, 1954, 2031, 2116, 2170, 2252, 2391, 2445, 2520, 2577, 2720, 2800, 2885, 2983, 3109, 3184, 3275, 3366, 3466, 3556, 3640, 3731, 3834, 3937, 4160, 4274, 4287, 4380, 4470, 4533, 4603, 4662, 4739, 4805, 4826, 4893, 4911, 4969, 4987, 5049, 5064]@{}
http://www.comp.hkbu.edu.hk/~alumni/news/../donation/../news/../news/../news/../news/../news/../news/../news/@[283, 347, 440, 500, 532, 818, 895, 1094, 1262, 1337, 1466, 1598, 1652, 1734, 1787, 1842, 1899, 1954, 2031, 2116, 2170, 2252, 2391, 2445, 2520, 2577, 2720, 2800, 2885, 2983, 3109, 3184, 3275, 3366, 3466, 3556, 3640, 3731, 3834, 3937, 4160, 4274, 4287, 4380, 4470, 4533, 4603, 4662, 4739, 4805, 4826, 4893, 4911, 4969, 4987, 5049, 5064]@{}
http://www.comp.hkbu.edu.hk/v1/?page=job_vacancies?=tc?=tc?=tc?=tc?=tc?=tc?=tc?=tc?=tc@[2694, 2706, 3950, 4663, 6542, 6850, 6958]@{}
http://www.comp.hkbu.edu.hk/v1/?page=job_vacancies?=sc?=tc?=tc?=tc?=tc?=tc?=tc?=tc?=tc@[2694, 2706, 3950, 4663, 6546, 6862, 6970]@{}
http://www.comp.hkbu.edu.hk/v1/?page=sitemap?=tc?=tc?=tc?=tc?=tc?=tc?=tc?=tc?=tc@[2694, 2706, 3950, 6524, 6830, 6938]@{}
http://www.comp.hkbu.edu.hk/v1/?page=sitemap?=sc?=tc?=tc?=tc?=tc?=tc?=tc?=tc?=tc@[2694, 2706, 3950, 4662, 6548, 6856, 6964]@{}
http://www.comp.hkbu.edu.hk/v1/?lang=tc@[2694, 2706, 3928, 4640, 6536, 6858, 6966]@{}
http://www.comp.hkbu.edu.hk/~alumni/news/@[283, 347, 440, 500, 532, 818, 895, 1094, 1262, 1337, 1466, 1598, 1652, 1734, 1787, 1842, 1899, 1954, 2031, 2116, 2170, 2252, 2391, 2445, 2520, 2577, 2720, 2800, 2885, 2983, 3109, 3184, 3275, 3366, 3466, 3556, 3640, 3731, 3834, 3937, 4160, 4274, 4287, 4380, 4470, 4533, 4603, 4662, 4739, 4805, 4826, 4893, 4911, 4969, 4987, 5049, 5064]@{}
http://www.sci.hkbu.edu.hk/eng/page/?page=prospective-students@[688, 785, 832, 994, 1393, 1406, 1420, 1438, 1451, 1634, 1837, 2509, 2594, 2650, 2771, 2823, 2875, 2929, 2997, 3186, 3216, 3220, 3258, 3290, 3294, 3467, 3497, 3522, 3537, 3807]@{}
http://www.sci.hkbu.edu.hk/eng/page/?page=current-students@[688, 785, 832, 994, 1393, 1406, 1420, 1438, 1451, 1634, 1837, 2494, 2517, 2553, 2575, 2598, 2628, 2679, 2702, 2749, 2775, 2801, 2847, 2873, 3123, 3153, 3178, 3193, 3463]@{}
http://www.sci.hkbu.edu.hk/eng/page/@[688, 785, 832, 994, 1393, 1406, 1420, 1438, 1451, 1634, 1837, 3226, 3256, 3281, 3296, 3566]@{}
http://www.sci.hkbu.edu.hk/eng/about-us/honorary-doctorate@[688, 785, 832, 994, 1393, 1406, 1420, 1438, 1451, 1634, 1837, 2688, 2752, 2832, 2911, 2992, 3071, 3151, 3230, 3309, 3757, 3787, 3812, 3827, 4097]@{}
http://www.sci.hkbu.edu.hk/eng/about-us/distinguished-professorship/eng/page/?page=prospective-students@[688, 785, 832, 994, 1393, 1406, 1420, 1438, 1451, 1634, 1837, 2803, 2855, 3871, 3923, 5169, 5181, 5563, 5586, 5699, 6039, 7922, 7952, 7977, 7992, 8262]@{}
http://www.sci.hkbu.edu.hk/eng/about-us/honorary-doctorate/eng/page/?page=prospective-students@[688, 785, 832, 994, 1393, 1406, 1420, 1438, 1451, 1634, 1837, 2803, 2855, 3871, 3923, 5169, 5181, 5563, 5586, 5699, 6039, 7922, 7952, 7977, 7992, 8262]@{}
http://www.sci.hkbu.edu.hk/eng/about-us/distinguished-professor-of-science@[688, 785, 832, 994, 1393, 1406, 1420, 1438, 1451, 1634, 1837, 3573, 3603, 3628, 3643, 3913]@{}
http://www.sci.hkbu.edu.hk/eng/about-us/dr-kennedy-wong-distinguished-visiting-professorship-scheme@[688, 785, 832, 994, 1393, 1406, 1420, 1438, 1451, 1634, 1837, 3242, 3272, 3297, 3312, 3582]@{}
http://www.sci.hkbu.edu.hk/eng/about-us/distinguished-professor-of-science/eng/page/?page=prospective-students@[688, 785, 832, 994, 1393, 1406, 1420, 1438, 1451, 1634, 1837, 2803, 2855, 3871, 3923, 5169, 5181, 5563, 5586, 5699, 6039, 7922, 7952, 7977, 7992, 8262]@{}
http://www.sci.hkbu.edu.hk/eng/about-us/dr-kennedy-wong-distinguished-visiting-professorship-scheme/eng/page/?page=prospective-students@[688, 785, 832, 994, 1393, 1406, 1420, 1438, 1451, 1634, 1837, 2803, 2855, 3871, 3923, 5169, 5181, 5563, 5586, 5699, 6039, 7922, 7952, 7977, 7992, 8262]@{}
http://www.sci.hkbu.edu.hk/eng/page/eng/about-us/vision-mission@[688, 785, 832, 994, 1393, 1406, 1420, 1438, 1451, 1634, 1837, 2803, 2855, 3871, 3923, 5169, 5181, 5563, 5586, 5699, 6039, 7922, 7952, 7977, 7992, 8262]@{}
http://www.sci.hkbu.edu.hk/eng/page/eng/about-us/faculty-advisory-committee@[688, 785, 832, 994, 1393, 1406, 1420, 1438, 1451, 1634, 1837, 2803, 2855, 3871, 3923, 5169, 5181, 5563, 5586, 5699, 6039, 7922, 7952, 7977, 7992, 8262]@{}
http://www.sci.hkbu.edu.hk/eng@[688, 785, 832, 994, 1393, 1406, 1420, 1438, 1451, 1634, 1837, 2803, 2855, 3871, 3923, 5169, 5181, 5563, 5586, 5699, 6039, 7922, 7952, 7977, 7992, 8262]@{}
http://www.sci.hkbu.edu.hk/eng/about-us/vision-mission@[688, 785, 832, 994, 1393, 1406, 1420, 1438, 1451, 1634, 1837, 3146, 3176, 3201, 3216, 3486]@{}
http://www.sci.hkbu.edu.hk/eng/about-us/faculty-advisory-committee@[688, 785, 832, 994, 1393, 1406, 1420, 1438, 1451, 1634, 1837, 3900, 3930, 3955, 3970, 4240]@{}
http://www.sci.hkbu.edu.hk/eng/about-us/vision-mission/eng/page/?page=prospective-students@[688, 785, 832, 994, 1393, 1406, 1420, 1438, 1451, 1634, 1837, 2803, 2855, 3871, 3923, 5169, 5181, 5563, 5586, 5699, 6039, 7922, 7952, 7977, 7992, 8262]@{}
http://www.sci.hkbu.edu.hk/eng/about-us/faculty-advisory-committee/eng/page/?page=prospective-students@[688, 785, 832, 994, 1393, 1406, 1420, 1438, 1451, 1634, 1837, 2803, 2855, 3871, 3923, 5169, 5181, 5563, 5586, 5699, 6039, 7922, 7952, 7977, 7992, 8262]@{}
http://www.sci.hkbu.edu.hk/eng/about-us/distinguished-professorship@[688, 785, 832, 994, 1393, 1406, 1420, 1438, 1451, 1634, 1837, 2791, 2821, 2846, 2861, 3131]@{}
