https://www.comp.hkbu.edu.hk/v1/?page=whats_new@[3553]@[3553]
https://aao.hkbu.edu.hk/en/contact/index.php@[198]@[198]
https://www.comp.hkbu.edu.hk/v1/?page=news@[3553]@[3553]
https://www.comp.hkbu.edu.hk/v1/?page=events@[412, 414, 5734]@[412, 414, 5734]
https://www.comp.hkbu.edu.hk/v1/?file=355@[118, 266, 279, 342, 418, 439, 441, 451, 452, 464, 480, 482, 525, 571, 585, 586, 663, 713, 740, 785, 788, 817, 862, 884, 897, 959, 973, 995, 1009, 1020, 1103, 1124, 1137, 1142, 1143, 1190, 1193, 1251, 1268, 1270, 1325, 1448, 1489, 1574, 1581, 1622, 1632, 1675, 1717, 1777, 1805, 1830, 1836, 1862, 1865, 1886, 1892, 1956, 2001, 2035, 2109, 2153, 2160, 2162, 2184, 2252, 2276, 2350, 2395, 2509, 2531, 2698, 2707, 2771, 2886, 2904, 2955, 2969, 2997, 3029, 3031, 3052, 3053, 3219, 3233, 3385, 3407, 3412, 3507, 3633, 3753, 3829, 3888, 3995, 4024, 4027, 4047, 4108, 4148, 4345, 4380, 4424, 4430, 4433, 4442, 4481, 4485, 4504, 4544, 4631, 4639, 4673, 4675, 4684, 4691, 4692, 4728, 4738, 4894, 4932, 5044, 5094, 5144, 5175, 5180, 5213, 5237, 5271, 5302, 5457, 5498, 5512, 5567, 5611, 5773, 5780, 5863, 5887, 5910, 6117, 6175, 6364, 6366, 6384, 6430, 6464, 6544, 6599, 6601, 6621, 6633, 6664, 6676, 6716, 6726, 6807, 6857, 6871, 7049, 7058, 7095, 7136, 7187, 7206, 7224, 7229, 7253, 7339, 7438, 7655, 8414, 8478, 9546]@[]
https://www.comp.hkbu.edu.hk/v1/?file=1431@[1112, 1118, 1200, 1217, 1294, 1356, 1380, 1384, 1417, 1435, 1436, 1473, 1559, 1579, 1667, 1673, 1745, 1752, 1935, 1990, 2064, 2128, 2325, 2420, 3063, 3065, 3092, 3125, 3131, 3387, 3394, 3650, 3710, 3748, 3782, 3873, 3918, 3955, 3997, 4037, 4061, 4082, 4085, 4174, 4182, 4207, 4217, 4223, 4310, 4319, 4325, 4441, 4472, 4483, 4487, 4500, 4516, 4524, 4533, 4556, 4708, 4720, 4722, 4729, 4857, 4860, 4986, 5008, 5039, 5051, 5059, 5115, 5196, 5248, 5344, 5360, 5368, 10581]@[]
https://news.google.com/?tab=wn@[1207]@[1207]
https://accounts.google.com/SignUp?continue=https%3A%2F%2Fmyaccount.google.com%2Fgeneral-light@[124]@[124]
https://news.google.com/?tab=nn@[1366]@[1366]
https://www.google.com.hk@[59]@[59]
