https://www.comp.hkbu.edu.hk/v1/?page=head@[319]@[319]
https://www.comp.hkbu.edu.hk/v1/?page=whats_new@[3203, 3643, 3654, 3873, 3878, 3908]@[3203, 3643, 3654, 3873, 3878, 3908]
https://www.comp.hkbu.edu.hk/v1/?page=funded_projects@[1797]@[1797]
https://www.comp.hkbu.edu.hk/v1/?page=news@[3203, 3643, 3654, 3873, 3878, 3908]@[3203, 3643, 3654, 3873, 3878, 3908]
https://www.comp.hkbu.edu.hk/v1/?page=events@[4994, 5976, 5991, 6510, 6517, 7012, 7495]@[4994, 5976, 5991, 6510, 6517, 7012, 7495]
https://foundation.hkbu.edu.hk/en/ways-to-give@[3, 16, 29, 42, 55, 67, 83, 102, 121, 134, 146, 158, 170, 185, 200, 217, 232, 248, 260, 275, 292, 311, 329, 348, 365, 381, 398, 414, 430, 445, 461, 483, 504, 508, 524, 567, 656, 712, 854]@[483, 504, 508, 524, 567, 656, 712, 854]
https://www.comp.hkbu.edu.hk/v1/?pid=77@[1022, 1029, 1036, 1041]@[1022, 1029, 1036, 1041]
https://foundation.hkbu.edu.hk/en@[1, 5, 18, 31, 44, 57, 72, 84, 100, 119, 138, 151, 163, 175, 187, 202, 217, 234, 249, 265, 277, 292, 309, 328, 346, 365, 382, 398, 415, 431, 447, 462, 478, 500, 521, 525, 541, 601, 626, 640, 688, 723, 773, 792, 812, 855, 896, 906, 936, 979, 1103, 1141, 1176, 1213]@[500, 521, 525, 541, 601, 626, 640, 688, 723, 773, 792, 812, 855, 896, 906, 936, 979, 1103, 1141, 1176, 1213]
https://foundation.hkbu.edu.hk/en/contact-us@[3, 16, 29, 42, 55, 67, 83, 102, 121, 134, 146, 158, 170, 185, 200, 217, 232, 248, 260, 275, 292, 311, 329, 348, 365, 381, 398, 414, 430, 445, 461, 483, 504, 508, 524, 612]@[483, 504, 508, 524, 612]
https://foundation.hkbu.edu.hk/en/user/login@[3, 16, 29, 42, 55, 67, 83, 102, 121, 134, 146, 158, 170, 185, 200, 217, 232, 248, 260, 275, 292, 311, 329, 348, 365, 381, 398, 414, 430, 445, 461, 483, 504, 508, 524, 581, 621]@[483, 504, 508, 524, 581, 621]
https://foundation.hkbu.edu.hk/zh@[3, 16, 29, 42, 55, 70, 82, 98, 117, 136, 149, 161, 173, 185, 200, 215, 232, 247, 263, 275, 290, 307, 326, 344, 363, 380, 396, 413, 429, 445, 460, 476]@[]
https://foundation.hkbu.edu.hk/zh/contact-us@[3, 16, 29, 42, 55, 67, 83, 102, 121, 134, 146, 158, 170, 185, 200, 217, 232, 248, 260, 275, 292, 311, 329, 348, 365, 381, 398, 414, 430, 445, 461]@[]
https://foundation.hkbu.edu.hk/zh/user/login@[3, 16, 29, 42, 55, 67, 83, 102, 121, 134, 146, 158, 170, 185, 200, 217, 232, 248, 260, 275, 292, 311, 329, 348, 365, 381, 398, 414, 430, 445, 461]@[]
