https://www.comp.hkbu.edu.hk/v1/?page=head@[302]@[302]
https://www.comp.hkbu.edu.hk/v1/?page=funded_projects@[163, 189, 225, 259, 289, 311, 334, 375, 459, 536, 625, 697, 788, 894, 1014, 1097, 1200, 1250, 1319, 1409, 1460, 1509, 1625, 1650, 1674, 1699, 1739, 1762, 1814, 1840, 1873, 1916, 2023, 2054, 2187, 2386, 2561, 2758, 2996, 3220, 3489, 3702, 3915]@[163, 189, 225, 259, 289, 311, 334, 375, 459, 536, 625, 697, 788, 894, 1014, 1097, 1200, 1250, 1319, 1409, 1460, 1509, 1625, 1650, 1674, 1699, 1739, 1762, 1814, 1840, 1873, 1916, 2023, 2054, 2187, 2386, 2561, 2758, 2996, 3220, 3489, 3702, 3915]
https://www.hkstp.org/en/about-us/event-and-activities/hong-kong-science-park-career-expo-2020-18-april-2020@[92, 121, 188, 439]@[92, 121, 188, 439]
https://www.hkstp.org/en@[88, 117, 184, 435, 728, 752, 819]@[88, 117, 184, 435, 728, 752, 819]
https://www.hkstp.org@[88, 117, 184, 435, 728, 752, 819]@[88, 117, 184, 435, 728, 752, 819]
https://www.hkstp.org/en/about-us/who-we-are@[94, 123, 190, 441, 830]@[94, 123, 190, 441, 830]
https://www.hkstp.org/about-us/who-we-are@[94, 123, 190, 441, 830]@[94, 123, 190, 441, 830]
https://www.hkstp.org/en/about-us/our-milestones@[93, 122, 189, 440]@[93, 122, 189, 440]
https://www.hkstp.org/en/about-us/our-footprint@[93, 122, 189, 440]@[93, 122, 189, 440]
https://www.hkstp.org/about-us/our-milestones@[93, 122, 189, 440]@[93, 122, 189, 440]
