http://www.comp.hkbu.edu.hk@[99, 111, 131, 143, 163, 178, 709, 1666, 4621, 4628, 4663, 4670, 4699, 4706, 4735, 4742, 4769, 4776, 4800, 4807, 5253, 5274, 5295, 5316, 5335, 5529, 5611, 5625, 5728, 5825, 6059, 6068, 6457, 6505, 6564, 6964]@{}
http://www.comp.hkbu.edu.hk/v1/?page=job_vacancies?=tc@[99, 111, 131, 143, 163, 178, 709, 1666, 4627, 4634, 4645, 4655, 4662, 4695, 4702, 4731, 4738, 4765, 4772, 4796, 4803, 5249, 5270, 5291, 5312, 5331, 5525, 5607, 5621, 5724, 5821, 6055, 6064, 6436, 6484, 6543, 6940]@{}
http://www.comp.hkbu.edu.hk/v1/?page=job_vacancies?=sc@[99, 111, 131, 143, 163, 178, 709, 1666, 4627, 4634, 4659, 4666, 4695, 4702, 4731, 4738, 4765, 4772, 4796, 4803, 5249, 5270, 5291, 5312, 5331, 5525, 5607, 5621, 5724, 5821, 6055, 6064, 6447, 6495, 6554, 6949]@{}
http://www.comp.hkbu.edu.hk/v1/?page=sitemap?=tc@[99, 111, 131, 143, 163, 178, 709, 1666, 4626, 4633, 4658, 4665, 4691, 4698, 4727, 4734, 4761, 4768, 4792, 4799, 5245, 5266, 5287, 5308, 5327, 5521, 5603, 5617, 5720, 5817, 6051, 6060, 6439, 6487, 6546, 6952]@{}
http://www.comp.hkbu.edu.hk/v1/?page=sitemap?=sc@[99, 111, 131, 143, 163, 178, 709, 1666, 4626, 4633, 4644, 4654, 4661, 4690, 4697, 4726, 4733, 4760, 4767, 4791, 4798, 5244, 5265, 5286, 5307, 5326, 5520, 5602, 5616, 5719, 5816, 6050, 6059, 6446, 6494, 6553, 6967]@{}
http://www.comp.hkbu.edu.hk/v1/?lang=sc@[99, 111, 131, 143, 163, 178, 709, 1666, 4621, 4628, 4653, 4659, 4686, 4693, 4722, 4729, 4756, 4763, 4787, 4794, 5240, 5261, 5282, 5303, 5322, 5516, 5598, 5612, 5715, 5812, 6046, 6055, 6438, 6486, 6545, 6933]@{}
http://www.comp.hkbu.edu.hk/v1/?page=job_vacancies?=tc?=tc@[99, 111, 131, 143, 163, 178, 709, 1666, 4628, 4635, 4646, 4656, 4663, 4692, 4699, 4728, 4735, 4762, 4769, 4793, 4800, 5246, 5267, 5288, 5309, 5328, 5522, 5604, 5618, 5721, 5818, 6052, 6061, 6445, 6493, 6552, 6954]@{}
http://www.comp.hkbu.edu.hk/v1/?page=job_vacancies?=sc?=tc@[99, 111, 131, 143, 163, 178, 709, 1666, 4628, 4635, 4670, 4676, 4702, 4709, 4738, 4745, 4772, 4779, 4803, 4810, 5256, 5277, 5298, 5319, 5338, 5532, 5614, 5628, 5731, 5828, 6062, 6071, 6464, 6512, 6571, 6983]@{}
http://www.comp.hkbu.edu.hk/v1/?page=sitemap?=tc?=tc@[99, 111, 131, 143, 163, 178, 709, 1666, 4628, 4635, 4646, 4656, 4663, 4692, 4699, 4728, 4735, 4762, 4769, 4793, 4800, 5246, 5267, 5288, 5309, 5328, 5522, 5604, 5618, 5721, 5818, 6052, 6061, 6441, 6489, 6548, 6945]@{}
http://www.comp.hkbu.edu.hk/v1/?page=sitemap?=sc?=tc@[99, 111, 131, 143, 163, 178, 709, 1666, 4628, 4635, 4670, 4677, 4706, 4713, 4742, 4749, 4776, 4783, 4807, 4814, 5260, 5281, 5302, 5323, 5342, 5536, 5618, 5632, 5735, 5832, 6066, 6075, 6458, 6506, 6565, 6972]@{}
http://www.comp.hkbu.edu.hk/v1/?page=home@[99, 111, 131, 143, 163, 178, 709, 1666, 4624, 4631, 4642, 4652, 4658, 4684, 4691, 4720, 4727, 4754, 4761, 4785, 4792, 5238, 5259, 5280, 5301, 5320, 5514, 5596, 5610, 5713, 5810, 6044, 6053, 6434, 6482, 6541, 6937]@{}
http://www.comp.hkbu.edu.hk/v1/?page=job_vacancies?=tc?=tc?=tc@[99, 111, 131, 143, 163, 178, 709, 1666, 4631, 4638, 4673, 4680, 4706, 4713, 4742, 4749, 4776, 4783, 4807, 4814, 5260, 5281, 5302, 5323, 5342, 5536, 5618, 5632, 5735, 5832, 6066, 6075, 6461, 6509, 6568, 6980]@{}
http://www.comp.hkbu.edu.hk/v1/?page=job_vacancies?=sc?=tc?=tc@[99, 111, 131, 143, 163, 178, 709, 1666, 4630, 4637, 4648, 4658, 4664, 4690, 4697, 4726, 4733, 4760, 4767, 4791, 4798, 5244, 5265, 5286, 5307, 5326, 5520, 5602, 5616, 5719, 5816, 6050, 6059, 6446, 6494, 6553, 6949]@{}
http://www.comp.hkbu.edu.hk/v1/?page=sitemap?=tc?=tc?=tc@[99, 111, 131, 143, 163, 178, 709, 1666, 4631, 4638, 4663, 4669, 4696, 4703, 4732, 4739, 4766, 4773, 4797, 4804, 5250, 5271, 5292, 5313, 5332, 5526, 5608, 5622, 5725, 5822, 6056, 6065, 6453, 6501, 6560, 6977]@{}
http://www.comp.hkbu.edu.hk/v1/?page=sitemap?=sc?=tc?=tc@[99, 111, 131, 143, 163, 178, 709, 1666, 4631, 4638, 4663, 4670, 4699, 4706, 4735, 4742, 4769, 4776, 4800, 4807, 5253, 5274, 5295, 5316, 5335, 5529, 5611, 5625, 5728, 5825, 6059, 6068, 6454, 6502, 6561, 6980]@{}
http://www.comp.hkbu.edu.hk/v1/?page=home?=tc@[99, 111, 131, 143, 163, 178, 709, 1666, 4626, 4633, 4658, 4665, 4694, 4701, 4730, 4737, 4764, 4771, 4795, 4802, 5248, 5269, 5290, 5311, 5330, 5524, 5606, 5620, 5723, 5820, 6054, 6063, 6450, 6498, 6557, 6965]@{}
http://www.comp.hkbu.edu.hk/v1/?page=job_vacancies?=tc?=tc?=tc?=tc@[99, 111, 131, 143, 163, 178, 709, 1666, 4633, 4640, 4675, 4681, 4707, 4714, 4743, 4750, 4777, 4784, 4808, 4815, 5261, 5282, 5303, 5324, 5343, 5537, 5619, 5633, 5736, 5833, 6067, 6076, 6458, 6506, 6565, 6960]@{}
http://www.comp.hkbu.edu.hk/v1/?page=job_vacancies?=sc?=tc?=tc?=tc@[99, 111, 131, 143, 163, 178, 709, 1666, 4633, 4640, 4675, 4681, 4708, 4715, 4744, 4751, 4778, 4785, 4809, 4816, 5262, 5283, 5304, 5325, 5344, 5538, 5620, 5634, 5737, 5834, 6068, 6077, 6451, 6499, 6558, 6948]@{}
http://www.comp.hkbu.edu.hk/v1/?page=sitemap?=tc?=tc?=tc?=tc@[99, 111, 131, 143, 163, 178, 709, 1666, 4632, 4639, 4664, 4670, 4696, 4703, 4732, 4739, 4766, 4773, 4797, 4804, 5250, 5271, 5292, 5313, 5332, 5526, 5608, 5622, 5725, 5822, 6056, 6065, 6452, 6500, 6559, 6966]@{}
http://www.comp.hkbu.edu.hk/v1/?page=sitemap?=sc?=tc?=tc?=tc@[99, 111, 131, 143, 163, 178, 709, 1666, 4632, 4639, 4674, 4680, 4707, 4714, 4743, 4750, 4777, 4784, 4808, 4815, 5261, 5282, 5303, 5324, 5343, 5537, 5619, 5633, 5736, 5833, 6067, 6076, 6463, 6511, 6570, 6974]@{}
http://www.comp.hkbu.edu.hk/v1/?page=home?=tc?=tc@[99, 111, 131, 143, 163, 178, 709, 1666, 4628, 4635, 4660, 4667, 4696, 4703, 4732, 4739, 4766, 4773, 4797, 4804, 5250, 5271, 5292, 5313, 5332, 5526, 5608, 5622, 5725, 5822, 6056, 6065, 6456, 6504, 6563, 6948]@{}
http://www.comp.hkbu.edu.hk/v1/?page=job_vacancies?=tc?=tc?=tc?=tc?=tc@[99, 111, 131, 143, 163, 178, 709, 1666, 4635, 4642, 4677, 4683, 4710, 4717, 4746, 4753, 4780, 4787, 4811, 4818, 5264, 5285, 5306, 5327, 5346, 5540, 5622, 5636, 5739, 5836, 6070, 6079, 6460, 6508, 6567, 6955]@{}
http://www.comp.hkbu.edu.hk/v1/?page=job_vacancies?=sc?=tc?=tc?=tc?=tc@[99, 111, 131, 143, 163, 178, 709, 1666, 4634, 4641, 4652, 4662, 4668, 4695, 4702, 4731, 4738, 4765, 4772, 4796, 4803, 5249, 5270, 5291, 5312, 5331, 5525, 5607, 5621, 5724, 5821, 6055, 6064, 6456, 6504, 6563, 6957]@{}
http://www.comp.hkbu.edu.hk/v1/?page=sitemap?=tc?=tc?=tc?=tc?=tc@[99, 111, 131, 143, 163, 178, 709, 1666, 4635, 4642, 4653, 4663, 4670, 4703, 4710, 4739, 4746, 4773, 4780, 4804, 4811, 5257, 5278, 5299, 5320, 5339, 5533, 5615, 5629, 5732, 5829, 6063, 6072, 6456, 6504, 6563, 6977]@{}
http://www.comp.hkbu.edu.hk/v1/?page=sitemap?=sc?=tc?=tc?=tc?=tc@[99, 111, 131, 143, 163, 178, 709, 1666, 4634, 4641, 4676, 4682, 4709, 4716, 4745, 4752, 4779, 4786, 4810, 4817, 5263, 5284, 5305, 5326, 5345, 5539, 5621, 5635, 5738, 5835, 6069, 6078, 6464, 6512, 6571, 6962]@{}
http://www.comp.hkbu.edu.hk/v1/?page=home?=tc?=tc?=tc@[99, 111, 131, 143, 163, 178, 709, 1666, 4630, 4637, 4648, 4658, 4665, 4694, 4701, 4730, 4737, 4764, 4771, 4795, 4802, 5248, 5269, 5290, 5311, 5330, 5524, 5606, 5620, 5723, 5820, 6054, 6063, 6454, 6502, 6561, 6962]@{}
http://www.comp.hkbu.edu.hk/v1/?page=job_vacancies@[99, 111, 257, 1214]@{}
http://www.comp.hkbu.edu.hk/v1/?page=job_vacancies?=tc?=tc?=tc?=tc?=tc?=tc@[99, 111, 131, 143, 163, 178, 709, 1666, 4637, 4644, 4655, 4665, 4672, 4698, 4705, 4734, 4741, 4768, 4775, 4799, 4806, 5252, 5273, 5294, 5315, 5334, 5528, 5610, 5624, 5727, 5824, 6058, 6067, 6454, 6502, 6561, 6952]@{}
http://www.comp.hkbu.edu.hk/v1/?page=job_vacancies?=sc?=tc?=tc?=tc?=tc?=tc@[99, 111, 131, 143, 163, 178, 709, 1666, 4636, 4643, 4654, 4664, 4671, 4697, 4704, 4733, 4740, 4767, 4774, 4798, 4805, 5251, 5272, 5293, 5314, 5333, 5527, 5609, 5623, 5726, 5823, 6057, 6066, 6462, 6510, 6569, 6979]@{}
http://www.comp.hkbu.edu.hk/v1/?page=sitemap?=tc?=tc?=tc?=tc?=tc?=tc@[99, 111, 131, 143, 163, 178, 709, 1666, 4636, 4643, 4668, 4674, 4701, 4708, 4737, 4744, 4771, 4778, 4802, 4809, 5255, 5276, 5297, 5318, 5337, 5531, 5613, 5627, 5730, 5827, 6061, 6070, 6451, 6499, 6558, 6969]@{}
http://www.comp.hkbu.edu.hk/v1/?page=sitemap?=sc?=tc?=tc?=tc?=tc?=tc@[99, 111, 131, 143, 163, 178, 709, 1666, 4637, 4644, 4679, 4686, 4719, 4726, 4755, 4762, 4789, 4796, 4820, 4827, 5273, 5294, 5315, 5336, 5355, 5549, 5631, 5645, 5748, 5845, 6079, 6088, 6470, 6518, 6577, 6979]@{}
http://www.comp.hkbu.edu.hk/v1/?page=home?=tc?=tc?=tc?=tc@[99, 111, 131, 143, 163, 178, 709, 1666, 4633, 4640, 4665, 4672, 4700, 4707, 4736, 4743, 4770, 4777, 4801, 4808, 5254, 5275, 5296, 5317, 5336, 5530, 5612, 5626, 5729, 5826, 6060, 6069, 6452, 6500, 6559, 6963]@{}
http://www.comp.hkbu.edu.hk/v1/?page=job_vacancies?=tc?=tc?=tc?=tc?=tc?=tc?=tc@[99, 111, 131, 143, 163, 178, 709, 1666, 4639, 4646, 4657, 4667, 4674, 4702, 4709, 4738, 4745, 4772, 4779, 4803, 4810, 5256, 5277, 5298, 5319, 5338, 5532, 5614, 5628, 5731, 5828, 6062, 6071, 6450, 6498, 6557, 6951]@{}
http://www.comp.hkbu.edu.hk/v1/?page=job_vacancies?=sc?=tc?=tc?=tc?=tc?=tc?=tc@[99, 111, 131, 143, 163, 178, 709, 1666, 4639, 4646, 4657, 4667, 4673, 4699, 4706, 4735, 4742, 4769, 4776, 4800, 4807, 5253, 5274, 5295, 5316, 5335, 5529, 5611, 5625, 5728, 5825, 6059, 6068, 6450, 6498, 6557, 6971]@{}
http://www.comp.hkbu.edu.hk/v1/?page=sitemap?=tc?=tc?=tc?=tc?=tc?=tc?=tc@[99, 111, 131, 143, 163, 178, 709, 1666, 4638, 4645, 4656, 4666, 4673, 4701, 4708, 4737, 4744, 4771, 4778, 4802, 4809, 5255, 5276, 5297, 5318, 5337, 5531, 5613, 5627, 5730, 5827, 6061, 6070, 6447, 6495, 6554, 6951]@{}
http://www.comp.hkbu.edu.hk/v1/?page=sitemap?=sc?=tc?=tc?=tc?=tc?=tc?=tc@[99, 111, 131, 143, 163, 178, 709, 1666, 4638, 4645, 4670, 4677, 4703, 4710, 4739, 4746, 4773, 4780, 4804, 4811, 5257, 5278, 5299, 5320, 5339, 5533, 5615, 5629, 5732, 5829, 6063, 6072, 6462, 6510, 6569, 6972]@{}
http://www.comp.hkbu.edu.hk/v1/?page=home?=tc?=tc?=tc?=tc?=tc@[99, 111, 131, 143, 163, 178, 709, 1666, 4635, 4642, 4653, 4663, 4670, 4703, 4710, 4739, 4746, 4773, 4780, 4804, 4811, 5257, 5278, 5299, 5320, 5339, 5533, 5615, 5629, 5732, 5829, 6063, 6072, 6456, 6504, 6563, 6976]@{}
http://www.comp.hkbu.edu.hk/v1/?page=job_vacancies?=tc?=tc?=tc?=tc?=tc?=tc?=tc?=tc@[99, 111, 131, 143, 163, 178, 709, 1666, 4641, 4648, 4683, 4690, 4718, 4725, 4754, 4761, 4788, 4795, 4819, 4826, 5272, 5293, 5314, 5335, 5354, 5548, 5630, 5644, 5747, 5844, 6078, 6087, 6470, 6518, 6577, 6994]@{}
http://www.comp.hkbu.edu.hk/v1/?page=job_vacancies?=sc?=tc?=tc?=tc?=tc?=tc?=tc?=tc@[99, 111, 131, 143, 163, 178, 709, 1666, 4641, 4648, 4659, 4669, 4676, 4702, 4709, 4738, 4745, 4772, 4779, 4803, 4810, 5256, 5277, 5298, 5319, 5338, 5532, 5614, 5628, 5731, 5828, 6062, 6071, 6466, 6514, 6573, 6973]@{}
http://www.comp.hkbu.edu.hk/v1/?page=sitemap?=tc?=tc?=tc?=tc?=tc?=tc?=tc?=tc@[99, 111, 131, 143, 163, 178, 709, 1666, 4641, 4648, 4659, 4669, 4676, 4705, 4712, 4741, 4748, 4775, 4782, 4806, 4813, 5259, 5280, 5301, 5322, 5341, 5535, 5617, 5631, 5734, 5831, 6065, 6074, 6451, 6499, 6558, 6964]@{}
http://www.comp.hkbu.edu.hk/v1/?page=sitemap?=sc?=tc?=tc?=tc?=tc?=tc?=tc?=tc@[99, 111, 131, 143, 163, 178, 709, 1666, 4641, 4648, 4683, 4690, 4719, 4726, 4755, 4762, 4789, 4796, 4820, 4827, 5273, 5294, 5315, 5336, 5355, 5549, 5631, 5645, 5748, 5845, 6079, 6088, 6477, 6525, 6584, 6972]@{}
http://www.comp.hkbu.edu.hk/v1/?page=sitemap@[99, 111, 255, 1212, 4800, 4999]@{}
http://www.comp.hkbu.edu.hk/v1/?page=home?=tc?=tc?=tc?=tc?=tc?=tc@[99, 111, 131, 143, 163, 178, 709, 1666, 4636, 4643, 4668, 4675, 4704, 4711, 4740, 4747, 4774, 4781, 4805, 4812, 5258, 5279, 5300, 5321, 5340, 5534, 5616, 5630, 5733, 5830, 6064, 6073, 6463, 6511, 6570, 6972]@{}
http://www.comp.hkbu.edu.hk/v1/?page=job_vacancies?=tc?=tc?=tc?=tc?=tc?=tc?=tc?=tc?=tc@[99, 111, 131, 143, 163, 178, 709, 1666, 4643, 4650, 4685, 4692, 4718, 4725, 4754, 4761, 4788, 4795, 4819, 4826, 5272, 5293, 5314, 5335, 5354, 5548, 5630, 5644, 5747, 5844, 6078, 6087, 6469, 6517, 6576, 6968]@{}
http://www.comp.hkbu.edu.hk/v1/?page=job_vacancies?=sc?=tc?=tc?=tc?=tc?=tc?=tc?=tc?=tc@[99, 111, 131, 143, 163, 178, 709, 1666, 4643, 4650, 4685, 4691, 4717, 4724, 4753, 4760, 4787, 4794, 4818, 4825, 5271, 5292, 5313, 5334, 5353, 5547, 5629, 5643, 5746, 5843, 6077, 6086, 6473, 6521, 6580, 6980]@{}
http://www.comp.hkbu.edu.hk/v1/?page=sitemap?=tc?=tc?=tc?=tc?=tc?=tc?=tc?=tc?=tc@[99, 111, 131, 143, 163, 178, 709, 1666, 4642, 4649, 4660, 4670, 4676, 4702, 4709, 4738, 4745, 4772, 4779, 4803, 4810, 5256, 5277, 5298, 5319, 5338, 5532, 5614, 5628, 5731, 5828, 6062, 6071, 6451, 6499, 6558, 6948]@{}
http://www.comp.hkbu.edu.hk/v1/?page=sitemap?=sc?=tc?=tc?=tc?=tc?=tc?=tc?=tc?=tc@[99, 111, 131, 143, 163, 178, 709, 1666, 4642, 4649, 4684, 4691, 4720, 4727, 4756, 4763, 4790, 4797, 4821, 4828, 5274, 5295, 5316, 5337, 5356, 5550, 5632, 5646, 5749, 5846, 6080, 6089, 6475, 6523, 6582, 6974]@{}
http://www.comp.hkbu.edu.hk/v1/?lang=tc@[99, 111, 131, 143, 163, 178, 709, 1666, 4620, 4627, 4662, 4669, 4702, 4709, 4738, 4745, 4772, 4779, 4803, 4810, 5256, 5277, 5298, 5319, 5338, 5532, 5614, 5628, 5731, 5828, 6062, 6071, 6463, 6511, 6570, 6976]@{}
