http://www.comp.hkbu.edu.hk@[2243, 2251, 2259, 2267, 2275, 2285, 2294, 2302, 2310, 2318, 2326, 2345, 2365, 5249, 5270, 5291, 5312, 5331, 5361, 5384, 5408, 5434, 5457, 5479, 5485, 5495, 5500, 5508]@{}
http://www.comp.hkbu.edu.hk/v1/?page=sci@[607, 613, 2186, 5154, 5803, 6576, 6597, 6608, 6638, 6658, 6666, 6767, 6791, 6867, 6920, 6961, 7016, 7054, 7112, 7171, 8165]@{}
http://www.comp.hkbu.edu.hk/v1/?page=job_vacancies?=tc@[2243, 2251, 2259, 2267, 2275, 2285, 2294, 2302, 2310, 2318, 2326, 2345, 2365, 5245, 5266, 5287, 5308, 5327, 5357, 5380, 5404, 5430, 5453, 5475, 5481, 5491, 5496, 5504]@{}
http://www.comp.hkbu.edu.hk/v1/?page=job_vacancies?=sc@[2243, 2251, 2259, 2267, 2275, 2285, 2294, 2302, 2310, 2318, 2326, 2345, 2365, 5245, 5266, 5287, 5308, 5327, 5357, 5380, 5404, 5430, 5453, 5475, 5481, 5491, 5496, 5504]@{}
http://www.comp.hkbu.edu.hk/v1/?page=sitemap?=tc@[2243, 2251, 2259, 2267, 2275, 2285, 2294, 2302, 2310, 2318, 2326, 2345, 2365, 5241, 5262, 5283, 5304, 5323, 5353, 5376, 5400, 5426, 5449, 5471, 5477, 5487, 5492, 5500]@{}
http://www.comp.hkbu.edu.hk/v1/?page=sitemap?=sc@[2243, 2251, 2259, 2267, 2275, 2285, 2294, 2302, 2310, 2318, 2326, 2345, 2365, 5240, 5261, 5282, 5303, 5322, 5352, 5375, 5399, 5425, 5448, 5470, 5476, 5486, 5491, 5499]@{}
http://www.comp.hkbu.edu.hk/v1/?lang=sc@[2243, 2251, 2259, 2267, 2275, 2285, 2294, 2302, 2310, 2318, 2326, 2345, 2365, 5236, 5257, 5278, 5299, 5318, 5348, 5371, 5395, 5421, 5444, 5466, 5472, 5482, 5487, 5495]@{}
http://www.comp.hkbu.edu.hk/~alumni/news/../news/@[614]@{}
http://www.comp.hkbu.edu.hk/v1/?page=job_vacancies?=tc?=tc@[2243, 2251, 2259, 2267, 2275, 2285, 2294, 2302, 2310, 2318, 2326, 2345, 2365, 5242, 5263, 5284, 5305, 5324, 5354, 5377, 5401, 5427, 5450, 5472, 5478, 5488, 5493, 5501]@{}
http://www.comp.hkbu.edu.hk/v1/?page=job_vacancies?=sc?=tc@[2243, 2251, 2259, 2267, 2275, 2285, 2294, 2302, 2310, 2318, 2326, 2345, 2365, 5252, 5273, 5294, 5315, 5334, 5364, 5387, 5411, 5437, 5460, 5482, 5488, 5498, 5503, 5511]@{}
http://www.comp.hkbu.edu.hk/v1/?page=sitemap?=tc?=tc@[2243, 2251, 2259, 2267, 2275, 2285, 2294, 2302, 2310, 2318, 2326, 2345, 2365, 5242, 5263, 5284, 5305, 5324, 5354, 5377, 5401, 5427, 5450, 5472, 5478, 5488, 5493, 5501]@{}
http://www.comp.hkbu.edu.hk/v1/?page=sitemap?=sc?=tc@[2243, 2251, 2259, 2267, 2275, 2285, 2294, 2302, 2310, 2318, 2326, 2345, 2365, 5256, 5277, 5298, 5319, 5338, 5368, 5391, 5415, 5441, 5464, 5486, 5492, 5502, 5507, 5515]@{}
http://www.comp.hkbu.edu.hk/v1/?page=home@[2243, 2251, 2259, 2267, 2275, 2285, 2294, 2302, 2310, 2318, 2326, 2345, 2365, 5234, 5255, 5276, 5297, 5316, 5346, 5369, 5393, 5419, 5442, 5464, 5470, 5480, 5485, 5493]@{}
http://www.comp.hkbu.edu.hk/~alumni/news/../news/../news/@[614]@{}
http://www.comp.hkbu.edu.hk/~alumni/news/../scholarship/../news/@[614]@{}
http://www.comp.hkbu.edu.hk/~alumni/news/../donation/../news/@[614]@{}
http://www.comp.hkbu.edu.hk/v1/?page=job_vacancies?=tc?=tc?=tc@[2243, 2251, 2259, 2267, 2275, 2285, 2294, 2302, 2310, 2318, 2326, 2345, 2365, 5256, 5277, 5298, 5319, 5338, 5368, 5391, 5415, 5441, 5464, 5486, 5492, 5502, 5507, 5515]@{}
http://www.comp.hkbu.edu.hk/v1/?page=job_vacancies?=sc?=tc?=tc@[2243, 2251, 2259, 2267, 2275, 2285, 2294, 2302, 2310, 2318, 2326, 2345, 2365, 5240, 5261, 5282, 5303, 5322, 5352, 5375, 5399, 5425, 5448, 5470, 5476, 5486, 5491, 5499]@{}
http://www.comp.hkbu.edu.hk/v1/?page=sitemap?=tc?=tc?=tc@[2243, 2251, 2259, 2267, 2275, 2285, 2294, 2302, 2310, 2318, 2326, 2345, 2365, 5246, 5267, 5288, 5309, 5328, 5358, 5381, 5405, 5431, 5454, 5476, 5482, 5492, 5497, 5505]@{}
http://www.comp.hkbu.edu.hk/v1/?page=sitemap?=sc?=tc?=tc@[2243, 2251, 2259, 2267, 2275, 2285, 2294, 2302, 2310, 2318, 2326, 2345, 2365, 5249, 5270, 5291, 5312, 5331, 5361, 5384, 5408, 5434, 5457, 5479, 5485, 5495, 5500, 5508]@{}
http://www.comp.hkbu.edu.hk/v1/?page=home?=tc@[2243, 2251, 2259, 2267, 2275, 2285, 2294, 2302, 2310, 2318, 2326, 2345, 2365, 5244, 5265, 5286, 5307, 5326, 5356, 5379, 5403, 5429, 5452, 5474, 5480, 5490, 5495, 5503]@{}
http://www.comp.hkbu.edu.hk/~alumni/news/../news/../news/../news/@[614]@{}
http://www.comp.hkbu.edu.hk/~alumni/news/../scholarship/../news/../news/@[614]@{}
http://www.comp.hkbu.edu.hk/~alumni/news/../donation/../news/../news/@[614]@{}
http://www.comp.hkbu.edu.hk/v1/?page=job_vacancies?=tc?=tc?=tc?=tc@[2243, 2251, 2259, 2267, 2275, 2285, 2294, 2302, 2310, 2318, 2326, 2345, 2365, 5257, 5278, 5299, 5320, 5339, 5369, 5392, 5416, 5442, 5465, 5487, 5493, 5503, 5508, 5516]@{}
http://www.comp.hkbu.edu.hk/v1/?page=job_vacancies?=sc?=tc?=tc?=tc@[2243, 2251, 2259, 2267, 2275, 2285, 2294, 2302, 2310, 2318, 2326, 2345, 2365, 5258, 5279, 5300, 5321, 5340, 5370, 5393, 5417, 5443, 5466, 5488, 5494, 5504, 5509, 5517]@{}
http://www.comp.hkbu.edu.hk/v1/?page=sitemap?=tc?=tc?=tc?=tc@[2243, 2251, 2259, 2267, 2275, 2285, 2294, 2302, 2310, 2318, 2326, 2345, 2365, 5246, 5267, 5288, 5309, 5328, 5358, 5381, 5405, 5431, 5454, 5476, 5482, 5492, 5497, 5505]@{}
http://www.comp.hkbu.edu.hk/v1/?page=sitemap?=sc?=tc?=tc?=tc@[2243, 2251, 2259, 2267, 2275, 2285, 2294, 2302, 2310, 2318, 2326, 2345, 2365, 5257, 5278, 5299, 5320, 5339, 5369, 5392, 5416, 5442, 5465, 5487, 5493, 5503, 5508, 5516]@{}
http://www.comp.hkbu.edu.hk/v1/?page=home?=tc?=tc@[2243, 2251, 2259, 2267, 2275, 2285, 2294, 2302, 2310, 2318, 2326, 2345, 2365, 5246, 5267, 5288, 5309, 5328, 5358, 5381, 5405, 5431, 5454, 5476, 5482, 5492, 5497, 5505]@{}
http://www.comp.hkbu.edu.hk/~alumni/news/../news/../news/../news/../news/@[614]@{}
http://www.comp.hkbu.edu.hk/~alumni/news/../scholarship/../news/../news/../news/@[614]@{}
http://www.comp.hkbu.edu.hk/~alumni/news/../donation/../news/../news/../news/@[614]@{}
http://www.comp.hkbu.edu.hk/v1/?page=job_vacancies?=tc?=tc?=tc?=tc?=tc@[2243, 2251, 2259, 2267, 2275, 2285, 2294, 2302, 2310, 2318, 2326, 2345, 2365, 5260, 5281, 5302, 5323, 5342, 5372, 5395, 5419, 5445, 5468, 5490, 5496, 5506, 5511, 5519]@{}
http://www.comp.hkbu.edu.hk/v1/?page=job_vacancies?=sc?=tc?=tc?=tc?=tc@[2243, 2251, 2259, 2267, 2275, 2285, 2294, 2302, 2310, 2318, 2326, 2345, 2365, 5245, 5266, 5287, 5308, 5327, 5357, 5380, 5404, 5430, 5453, 5475, 5481, 5491, 5496, 5504]@{}
http://www.comp.hkbu.edu.hk/v1/?page=sitemap?=tc?=tc?=tc?=tc?=tc@[2243, 2251, 2259, 2267, 2275, 2285, 2294, 2302, 2310, 2318, 2326, 2345, 2365, 5253, 5274, 5295, 5316, 5335, 5365, 5388, 5412, 5438, 5461, 5483, 5489, 5499, 5504, 5512]@{}
http://www.comp.hkbu.edu.hk/v1/?page=sitemap?=sc?=tc?=tc?=tc?=tc@[2243, 2251, 2259, 2267, 2275, 2285, 2294, 2302, 2310, 2318, 2326, 2345, 2365, 5259, 5280, 5301, 5322, 5341, 5371, 5394, 5418, 5444, 5467, 5489, 5495, 5505, 5510, 5518]@{}
http://www.comp.hkbu.edu.hk/v1/?page=home?=tc?=tc?=tc@[2243, 2251, 2259, 2267, 2275, 2285, 2294, 2302, 2310, 2318, 2326, 2345, 2365, 5244, 5265, 5286, 5307, 5326, 5356, 5379, 5403, 5429, 5452, 5474, 5480, 5490, 5495, 5503]@{}
http://www.comp.hkbu.edu.hk/~alumni/news/../news/../news/../news/../news/../news/@[614]@{}
http://www.comp.hkbu.edu.hk/~alumni/news/../scholarship/../news/../news/../news/../news/@[614]@{}
http://www.comp.hkbu.edu.hk/~alumni/news/../donation/../news/../news/../news/../news/@[614]@{}
http://www.comp.hkbu.edu.hk/v1/?page=job_vacancies@[1791, 1799, 1807, 1815, 1823, 1833, 1842, 1850, 1858, 1866, 1874, 1893, 1913]@{}
http://www.comp.hkbu.edu.hk/v1/?page=job_vacancies?=tc?=tc?=tc?=tc?=tc?=tc@[2243, 2251, 2259, 2267, 2275, 2285, 2294, 2302, 2310, 2318, 2326, 2345, 2365, 5248, 5269, 5290, 5311, 5330, 5360, 5383, 5407, 5433, 5456, 5478, 5484, 5494, 5499, 5507]@{}
http://www.comp.hkbu.edu.hk/v1/?page=job_vacancies?=sc?=tc?=tc?=tc?=tc?=tc@[2243, 2251, 2259, 2267, 2275, 2285, 2294, 2302, 2310, 2318, 2326, 2345, 2365, 5247, 5268, 5289, 5310, 5329, 5359, 5382, 5406, 5432, 5455, 5477, 5483, 5493, 5498, 5506]@{}
http://www.comp.hkbu.edu.hk/v1/?page=sitemap?=tc?=tc?=tc?=tc?=tc?=tc@[2243, 2251, 2259, 2267, 2275, 2285, 2294, 2302, 2310, 2318, 2326, 2345, 2365, 5251, 5272, 5293, 5314, 5333, 5363, 5386, 5410, 5436, 5459, 5481, 5487, 5497, 5502, 5510]@{}
http://www.comp.hkbu.edu.hk/v1/?page=sitemap?=sc?=tc?=tc?=tc?=tc?=tc@[2243, 2251, 2259, 2267, 2275, 2285, 2294, 2302, 2310, 2318, 2326, 2345, 2365, 5269, 5290, 5311, 5332, 5351, 5381, 5404, 5428, 5454, 5477, 5499, 5505, 5515, 5520, 5528]@{}
http://www.comp.hkbu.edu.hk/v1/?page=home?=tc?=tc?=tc?=tc@[2243, 2251, 2259, 2267, 2275, 2285, 2294, 2302, 2310, 2318, 2326, 2345, 2365, 5250, 5271, 5292, 5313, 5332, 5362, 5385, 5409, 5435, 5458, 5480, 5486, 5496, 5501, 5509]@{}
http://www.comp.hkbu.edu.hk/~alumni/news/../news/../news/../news/../news/../news/../news/@[614]@{}
http://www.comp.hkbu.edu.hk/~alumni/news/../scholarship/../news/../news/../news/../news/../news/@[614]@{}
http://www.comp.hkbu.edu.hk/~alumni/news/../donation/../news/../news/../news/../news/../news/@[614]@{}
http://www.comp.hkbu.edu.hk/v1/?page=job_vacancies?=tc?=tc?=tc?=tc?=tc?=tc?=tc@[2243, 2251, 2259, 2267, 2275, 2285, 2294, 2302, 2310, 2318, 2326, 2345, 2365, 5252, 5273, 5294, 5315, 5334, 5364, 5387, 5411, 5437, 5460, 5482, 5488, 5498, 5503, 5511]@{}
http://www.comp.hkbu.edu.hk/v1/?page=job_vacancies?=sc?=tc?=tc?=tc?=tc?=tc?=tc@[2243, 2251, 2259, 2267, 2275, 2285, 2294, 2302, 2310, 2318, 2326, 2345, 2365, 5249, 5270, 5291, 5312, 5331, 5361, 5384, 5408, 5434, 5457, 5479, 5485, 5495, 5500, 5508]@{}
http://www.comp.hkbu.edu.hk/v1/?page=sitemap?=tc?=tc?=tc?=tc?=tc?=tc?=tc@[2243, 2251, 2259, 2267, 2275, 2285, 2294, 2302, 2310, 2318, 2326, 2345, 2365, 5251, 5272, 5293, 5314, 5333, 5363, 5386, 5410, 5436, 5459, 5481, 5487, 5497, 5502, 5510]@{}
http://www.comp.hkbu.edu.hk/v1/?page=sitemap?=sc?=tc?=tc?=tc?=tc?=tc?=tc@[2243, 2251, 2259, 2267, 2275, 2285, 2294, 2302, 2310, 2318, 2326, 2345, 2365, 5253, 5274, 5295, 5316, 5335, 5365, 5388, 5412, 5438, 5461, 5483, 5489, 5499, 5504, 5512]@{}
http://www.comp.hkbu.edu.hk/v1/?page=home?=tc?=tc?=tc?=tc?=tc@[2243, 2251, 2259, 2267, 2275, 2285, 2294, 2302, 2310, 2318, 2326, 2345, 2365, 5253, 5274, 5295, 5316, 5335, 5365, 5388, 5412, 5438, 5461, 5483, 5489, 5499, 5504, 5512]@{}
http://www.comp.hkbu.edu.hk/~alumni/news/../news/../news/../news/../news/../news/../news/../news/@[614]@{}
http://www.comp.hkbu.edu.hk/~alumni/news/../scholarship/../news/../news/../news/../news/../news/../news/@[614]@{}
http://www.comp.hkbu.edu.hk/~alumni/news/../donation/../news/../news/../news/../news/../news/../news/@[614]@{}
http://www.comp.hkbu.edu.hk/v1/?page=job_vacancies?=tc?=tc?=tc?=tc?=tc?=tc?=tc?=tc@[2243, 2251, 2259, 2267, 2275, 2285, 2294, 2302, 2310, 2318, 2326, 2345, 2365, 5268, 5289, 5310, 5331, 5350, 5380, 5403, 5427, 5453, 5476, 5498, 5504, 5514, 5519, 5527]@{}
http://www.comp.hkbu.edu.hk/v1/?page=job_vacancies?=sc?=tc?=tc?=tc?=tc?=tc?=tc?=tc@[2243, 2251, 2259, 2267, 2275, 2285, 2294, 2302, 2310, 2318, 2326, 2345, 2365, 5252, 5273, 5294, 5315, 5334, 5364, 5387, 5411, 5437, 5460, 5482, 5488, 5498, 5503, 5511]@{}
http://www.comp.hkbu.edu.hk/v1/?page=sitemap?=tc?=tc?=tc?=tc?=tc?=tc?=tc?=tc@[2243, 2251, 2259, 2267, 2275, 2285, 2294, 2302, 2310, 2318, 2326, 2345, 2365, 5255, 5276, 5297, 5318, 5337, 5367, 5390, 5414, 5440, 5463, 5485, 5491, 5501, 5506, 5514]@{}
http://www.comp.hkbu.edu.hk/v1/?page=sitemap?=sc?=tc?=tc?=tc?=tc?=tc?=tc?=tc@[2243, 2251, 2259, 2267, 2275, 2285, 2294, 2302, 2310, 2318, 2326, 2345, 2365, 5269, 5290, 5311, 5332, 5351, 5381, 5404, 5428, 5454, 5477, 5499, 5505, 5515, 5520, 5528]@{}
http://www.comp.hkbu.edu.hk/v1/?page=sitemap@[1789, 1797, 1805, 1813, 1821, 1831, 1840, 1848, 1856, 1864, 1872, 1891, 1911]@{}
http://www.comp.hkbu.edu.hk/v1/?page=home?=tc?=tc?=tc?=tc?=tc?=tc@[2243, 2251, 2259, 2267, 2275, 2285, 2294, 2302, 2310, 2318, 2326, 2345, 2365, 5254, 5275, 5296, 5317, 5336, 5366, 5389, 5413, 5439, 5462, 5484, 5490, 5500, 5505, 5513]@{}
http://www.comp.hkbu.edu.hk/~alumni/news/../news/../news/../news/../news/../news/../news/../news/../news/@[614]@{}
http://www.comp.hkbu.edu.hk/~alumni/news/../scholarship/../news/../news/../news/../news/../news/../news/../news/@[614]@{}
http://www.comp.hkbu.edu.hk/~alumni/news/../donation/../news/../news/../news/../news/../news/../news/../news/@[614]@{}
http://www.comp.hkbu.edu.hk/v1/?page=job_vacancies?=tc?=tc?=tc?=tc?=tc?=tc?=tc?=tc?=tc@[2243, 2251, 2259, 2267, 2275, 2285, 2294, 2302, 2310, 2318, 2326, 2345, 2365, 5268, 5289, 5310, 5331, 5350, 5380, 5403, 5427, 5453, 5476, 5498, 5504, 5514, 5519, 5527]@{}
http://www.comp.hkbu.edu.hk/v1/?page=job_vacancies?=sc?=tc?=tc?=tc?=tc?=tc?=tc?=tc?=tc@[2243, 2251, 2259, 2267, 2275, 2285, 2294, 2302, 2310, 2318, 2326, 2345, 2365, 5267, 5288, 5309, 5330, 5349, 5379, 5402, 5426, 5452, 5475, 5497, 5503, 5513, 5518, 5526]@{}
http://www.comp.hkbu.edu.hk/v1/?page=sitemap?=tc?=tc?=tc?=tc?=tc?=tc?=tc?=tc?=tc@[2243, 2251, 2259, 2267, 2275, 2285, 2294, 2302, 2310, 2318, 2326, 2345, 2365, 5252, 5273, 5294, 5315, 5334, 5364, 5387, 5411, 5437, 5460, 5482, 5488, 5498, 5503, 5511]@{}
http://www.comp.hkbu.edu.hk/v1/?page=sitemap?=sc?=tc?=tc?=tc?=tc?=tc?=tc?=tc?=tc@[2243, 2251, 2259, 2267, 2275, 2285, 2294, 2302, 2310, 2318, 2326, 2345, 2365, 5270, 5291, 5312, 5333, 5352, 5382, 5405, 5429, 5455, 5478, 5500, 5506, 5516, 5521, 5529]@{}
http://www.comp.hkbu.edu.hk/v1/?lang=tc@[2243, 2251, 2259, 2267, 2275, 2285, 2294, 2302, 2310, 2318, 2326, 2345, 2365, 5252, 5273, 5294, 5315, 5334, 5364, 5387, 5411, 5437, 5460, 5482, 5488, 5498, 5503, 5511]@{}
http://www.comp.hkbu.edu.hk/~alumni/news/@[614]@{}
http://www.sci.hkbu.edu.hk/eng/page/?page=prospective-students@[607, 613, 2186, 3710]@{}
http://www.sci.hkbu.edu.hk/eng/page/?page=current-students@[607, 613, 2186, 3366]@{}
http://www.sci.hkbu.edu.hk/eng/page/@[607, 613, 2186, 3469]@{}
http://www.sci.hkbu.edu.hk/eng/about-us/honorary-doctorate@[607, 613, 2186, 4000]@{}
http://www.sci.hkbu.edu.hk/eng/about-us/distinguished-professorship/eng/page/?page=prospective-students@[607, 613, 2186, 5154, 5803, 6576, 6597, 6608, 6638, 6658, 6666, 6767, 6791, 6867, 6920, 6961, 7016, 7054, 7112, 7171, 8165]@{}
http://www.sci.hkbu.edu.hk/eng/about-us/honorary-doctorate/eng/page/?page=prospective-students@[607, 613, 2186, 5154, 5803, 6576, 6597, 6608, 6638, 6658, 6666, 6767, 6791, 6867, 6920, 6961, 7016, 7054, 7112, 7171, 8165]@{}
http://www.sci.hkbu.edu.hk/eng/about-us/distinguished-professor-of-science@[607, 613, 2186, 3816]@{}
http://www.sci.hkbu.edu.hk/eng/about-us/dr-kennedy-wong-distinguished-visiting-professorship-scheme@[607, 613, 2186, 3485]@{}
http://www.sci.hkbu.edu.hk/eng/about-us/distinguished-professor-of-science/eng/page/?page=prospective-students@[607, 613, 2186, 5154, 5803, 6576, 6597, 6608, 6638, 6658, 6666, 6767, 6791, 6867, 6920, 6961, 7016, 7054, 7112, 7171, 8165]@{}
http://www.sci.hkbu.edu.hk/eng/about-us/dr-kennedy-wong-distinguished-visiting-professorship-scheme/eng/page/?page=prospective-students@[607, 613, 2186, 5154, 5803, 6576, 6597, 6608, 6638, 6658, 6666, 6767, 6791, 6867, 6920, 6961, 7016, 7054, 7112, 7171, 8165]@{}
http://www.sci.hkbu.edu.hk/eng/page/eng/about-us/vision-mission@[607, 613, 2186, 5154, 5803, 6576, 6597, 6608, 6638, 6658, 6666, 6767, 6791, 6867, 6920, 6961, 7016, 7054, 7112, 7171, 8165]@{}
http://www.sci.hkbu.edu.hk/eng/page/eng/about-us/faculty-advisory-committee@[607, 613, 2186, 5154, 5803, 6576, 6597, 6608, 6638, 6658, 6666, 6767, 6791, 6867, 6920, 6961, 7016, 7054, 7112, 7171, 8165]@{}
http://www.sci.hkbu.edu.hk/eng@[607, 613, 2186, 5154, 5803, 6576, 6597, 6608, 6638, 6658, 6666, 6767, 6791, 6867, 6920, 6961, 7016, 7054, 7112, 7171, 8165]@{}
http://www.sci.hkbu.edu.hk/eng/about-us/vision-mission@[607, 613, 2186, 3389]@{}
http://www.sci.hkbu.edu.hk/eng/about-us/faculty-advisory-committee@[607, 613, 2186, 4143]@{}
http://www.sci.hkbu.edu.hk/eng/about-us/vision-mission/eng/page/?page=prospective-students@[607, 613, 2186, 5154, 5803, 6576, 6597, 6608, 6638, 6658, 6666, 6767, 6791, 6867, 6920, 6961, 7016, 7054, 7112, 7171, 8165]@{}
http://www.sci.hkbu.edu.hk/eng/about-us/faculty-advisory-committee/eng/page/?page=prospective-students@[607, 613, 2186, 5154, 5803, 6576, 6597, 6608, 6638, 6658, 6666, 6767, 6791, 6867, 6920, 6961, 7016, 7054, 7112, 7171, 8165]@{}
http://www.sci.hkbu.edu.hk/eng/about-us/distinguished-professorship@[607, 613, 2186, 3034]@{}
