http://www.comp.hkbu.edu.hk@[663, 2400, 2412, 2424, 2552, 2583, 2613, 3424, 3487, 3562, 3644, 3710, 3781, 3885, 3931, 3974, 4015, 4056, 4094, 4161, 4166, 4171, 4174, 4178, 4181, 4185, 4188, 4191, 4198, 4202, 4210, 4218, 4233, 4237, 4247, 4252, 4262, 4295, 4340, 4382, 4425, 4469, 4516, 4569, 4587, 4618, 4623, 4630, 4660, 4665, 4672, 4696, 4701, 4708, 4732, 4737, 4744, 4766, 4771, 4778, 4797, 4802, 4809, 4924, 4961, 5023, 5113, 5623, 5633, 5682, 5882, 5891, 5900, 5909, 5918, 5927, 5955, 6016, 6066, 6134, 6171, 6253, 6330, 6428, 6453, 6501, 6560, 6640, 6677, 6747, 6883, 6901, 6913, 6925]@{}
http://www.comp.hkbu.edu.hk/v1/?page=sci@[858, 860, 873, 2402, 2411, 2420, 2429, 2438, 2571, 2601, 2630, 2659, 2688, 2807, 2831, 2860, 2885, 3067, 3082, 3141, 3154, 3214, 3227, 3289, 3304, 3361, 3376, 3436, 3450, 3503, 3522, 3577, 3589, 3647, 3661, 3720, 3737, 3875, 3899, 3928, 3953, 4107, 4109, 4114, 4137, 4139, 4144, 4168, 4170, 4175, 4197, 4199, 4204, 5238, 5241, 5242, 5250, 5254, 5259, 5265, 5272, 5275, 5276, 5284, 5288, 5293, 5299, 5306, 5309, 5310, 5318, 5322, 5327, 5333, 5340, 5343, 5344, 5352, 5356, 5361, 5367, 5374, 5377, 5378, 5386, 5390, 5395, 5401, 5433, 5463, 5493, 5523, 5553, 5762, 5765, 5768, 5771, 5774, 6214, 6217, 6218, 6221, 6227, 7928, 7936, 8023, 8038, 8053, 8067]@{}
http://www.comp.hkbu.edu.hk/v1/?page=job_vacancies?=tc@[663, 2400, 2412, 2424, 2552, 2583, 2613, 3430, 3493, 3568, 3650, 3716, 3787, 3891, 3937, 3980, 4021, 4062, 4100, 4167, 4172, 4177, 4180, 4184, 4187, 4191, 4194, 4197, 4204, 4208, 4216, 4224, 4239, 4243, 4253, 4258, 4268, 4301, 4346, 4388, 4431, 4475, 4522, 4575, 4593, 4624, 4629, 4636, 4652, 4657, 4664, 4692, 4697, 4704, 4728, 4733, 4740, 4762, 4767, 4774, 4793, 4798, 4805, 4920, 4957, 5019, 5109, 5619, 5629, 5678, 5878, 5887, 5896, 5905, 5914, 5923, 5951, 6012, 6062, 6130, 6167, 6237, 6314, 6407, 6432, 6480, 6539, 6619, 6656, 6732, 6859, 6877, 6889, 6901]@{}
http://www.comp.hkbu.edu.hk/v1/?page=job_vacancies?=sc@[663, 2400, 2412, 2424, 2552, 2583, 2613, 3430, 3493, 3568, 3650, 3716, 3787, 3891, 3937, 3980, 4021, 4062, 4100, 4167, 4172, 4177, 4180, 4184, 4187, 4191, 4194, 4197, 4204, 4208, 4216, 4224, 4239, 4243, 4253, 4258, 4268, 4301, 4346, 4388, 4431, 4475, 4522, 4575, 4593, 4624, 4629, 4636, 4656, 4661, 4668, 4692, 4697, 4704, 4728, 4733, 4740, 4762, 4767, 4774, 4793, 4798, 4805, 4920, 4957, 5019, 5109, 5619, 5629, 5678, 5878, 5887, 5896, 5905, 5914, 5923, 5951, 6012, 6062, 6130, 6167, 6244, 6318, 6418, 6443, 6491, 6550, 6630, 6667, 6741, 6868, 6886, 6898, 6910]@{}
http://www.comp.hkbu.edu.hk/v1/?page=sitemap?=tc@[663, 2400, 2412, 2424, 2552, 2583, 2613, 3430, 3493, 3568, 3650, 3716, 3787, 3891, 3937, 3980, 4021, 4062, 4100, 4166, 4171, 4176, 4179, 4183, 4186, 4190, 4193, 4196, 4203, 4207, 4215, 4223, 4238, 4242, 4252, 4257, 4267, 4300, 4345, 4387, 4430, 4474, 4521, 4574, 4592, 4623, 4628, 4635, 4655, 4660, 4667, 4688, 4693, 4700, 4724, 4729, 4736, 4758, 4763, 4770, 4789, 4794, 4801, 4916, 4953, 5015, 5105, 5615, 5625, 5674, 5874, 5883, 5892, 5901, 5910, 5919, 5947, 6008, 6058, 6126, 6163, 6239, 6317, 6410, 6435, 6483, 6542, 6622, 6659, 6737, 6871, 6889, 6901, 6913]@{}
http://www.comp.hkbu.edu.hk/v1/?page=sitemap?=sc@[663, 2400, 2412, 2424, 2552, 2583, 2613, 3430, 3493, 3568, 3650, 3716, 3787, 3891, 3937, 3980, 4021, 4062, 4100, 4166, 4171, 4176, 4179, 4183, 4186, 4190, 4193, 4196, 4203, 4207, 4215, 4223, 4238, 4242, 4252, 4257, 4267, 4300, 4345, 4387, 4430, 4474, 4521, 4574, 4592, 4623, 4628, 4635, 4651, 4656, 4663, 4687, 4692, 4699, 4723, 4728, 4735, 4757, 4762, 4769, 4788, 4793, 4800, 4915, 4952, 5014, 5104, 5614, 5624, 5673, 5873, 5882, 5891, 5900, 5909, 5918, 5946, 6007, 6057, 6125, 6162, 6243, 6319, 6417, 6442, 6490, 6549, 6629, 6666, 6748, 6886, 6904, 6916, 6928]@{}
http://www.comp.hkbu.edu.hk/v1/?lang=sc@[663, 2400, 2412, 2424, 2552, 2583, 2613, 3424, 3487, 3562, 3644, 3710, 3781, 3885, 3931, 3974, 4015, 4056, 4094, 4161, 4166, 4171, 4174, 4178, 4181, 4185, 4188, 4191, 4198, 4202, 4210, 4218, 4233, 4237, 4247, 4252, 4262, 4295, 4340, 4382, 4425, 4469, 4516, 4569, 4587, 4618, 4623, 4630, 4650, 4655, 4661, 4683, 4688, 4695, 4719, 4724, 4731, 4753, 4758, 4765, 4784, 4789, 4796, 4911, 4948, 5010, 5100, 5610, 5620, 5669, 5869, 5878, 5887, 5896, 5905, 5914, 5942, 6003, 6053, 6121, 6158, 6233, 6315, 6409, 6434, 6482, 6541, 6621, 6656, 6718, 6852, 6870, 6882, 6894]@{}
http://www.comp.hkbu.edu.hk/~alumni/news/../news/@[69, 99, 112, 121, 186, 203, 229, 255, 291, 319, 357, 383, 411, 445, 471, 504, 536, 559, 664, 751, 4037, 5022]@{}
http://www.comp.hkbu.edu.hk/~alumni/news/../scholarship/@[69, 99, 112, 121, 186, 203, 229, 255, 291, 319, 357, 383, 411, 445, 471, 504, 536, 559, 618, 639, 660, 684, 709, 732, 754, 856]@{}
http://www.comp.hkbu.edu.hk/~alumni/news/../donation/@[69, 99, 112, 121, 186, 203, 229, 255, 291, 319, 357, 383, 411, 445, 471, 504, 536, 559, 1344]@{}
http://www.comp.hkbu.edu.hk/v1/?page=job_vacancies?=tc?=tc@[663, 2400, 2412, 2424, 2552, 2583, 2613, 3432, 3495, 3570, 3652, 3718, 3789, 3893, 3939, 3982, 4023, 4064, 4102, 4168, 4173, 4178, 4181, 4185, 4188, 4192, 4195, 4198, 4205, 4209, 4217, 4225, 4240, 4244, 4254, 4259, 4269, 4302, 4347, 4389, 4432, 4476, 4523, 4576, 4594, 4625, 4630, 4637, 4653, 4658, 4665, 4689, 4694, 4701, 4725, 4730, 4737, 4759, 4764, 4771, 4790, 4795, 4802, 4917, 4954, 5016, 5106, 5616, 5626, 5675, 5875, 5884, 5893, 5902, 5911, 5920, 5948, 6009, 6059, 6127, 6164, 6245, 6320, 6416, 6441, 6489, 6548, 6628, 6665, 6730, 6873, 6891, 6903, 6915]@{}
http://www.comp.hkbu.edu.hk/v1/?page=job_vacancies?=sc?=tc@[663, 2400, 2412, 2424, 2552, 2583, 2613, 3432, 3495, 3570, 3652, 3718, 3789, 3893, 3939, 3982, 4023, 4064, 4102, 4168, 4173, 4178, 4181, 4185, 4188, 4192, 4195, 4198, 4205, 4209, 4217, 4225, 4240, 4244, 4254, 4259, 4269, 4302, 4347, 4389, 4432, 4476, 4523, 4576, 4594, 4625, 4630, 4637, 4667, 4672, 4678, 4699, 4704, 4711, 4735, 4740, 4747, 4769, 4774, 4781, 4800, 4805, 4812, 4927, 4964, 5026, 5116, 5626, 5636, 5685, 5885, 5894, 5903, 5912, 5921, 5930, 5958, 6019, 6069, 6137, 6174, 6251, 6332, 6435, 6460, 6508, 6567, 6647, 6684, 6761, 6902, 6920, 6932, 6944]@{}
http://www.comp.hkbu.edu.hk/v1/?page=sitemap?=tc?=tc@[663, 2400, 2412, 2424, 2552, 2583, 2613, 3432, 3495, 3570, 3652, 3718, 3789, 3893, 3939, 3982, 4023, 4064, 4102, 4168, 4173, 4178, 4181, 4185, 4188, 4192, 4195, 4198, 4205, 4209, 4217, 4225, 4240, 4244, 4254, 4259, 4269, 4302, 4347, 4389, 4432, 4476, 4523, 4576, 4594, 4625, 4630, 4637, 4653, 4658, 4665, 4689, 4694, 4701, 4725, 4730, 4737, 4759, 4764, 4771, 4790, 4795, 4802, 4917, 4954, 5016, 5106, 5616, 5626, 5675, 5875, 5884, 5893, 5902, 5911, 5920, 5948, 6009, 6059, 6127, 6164, 6244, 6316, 6412, 6437, 6485, 6544, 6624, 6659, 6721, 6864, 6882, 6894, 6906]@{}
http://www.comp.hkbu.edu.hk/v1/?page=sitemap?=sc?=tc@[663, 2400, 2412, 2424, 2552, 2583, 2613, 3432, 3495, 3570, 3652, 3718, 3789, 3893, 3939, 3982, 4023, 4064, 4102, 4168, 4173, 4178, 4181, 4185, 4188, 4192, 4195, 4198, 4205, 4209, 4217, 4225, 4240, 4244, 4254, 4259, 4269, 4302, 4347, 4389, 4432, 4476, 4523, 4576, 4594, 4625, 4630, 4637, 4667, 4672, 4679, 4703, 4708, 4715, 4739, 4744, 4751, 4773, 4778, 4785, 4804, 4809, 4816, 4931, 4968, 5030, 5120, 5630, 5640, 5689, 5889, 5898, 5907, 5916, 5925, 5934, 5962, 6023, 6073, 6141, 6178, 6260, 6330, 6429, 6454, 6502, 6561, 6641, 6678, 6753, 6891, 6909, 6921, 6933]@{}
http://www.comp.hkbu.edu.hk/v1/?page=home@[663, 2400, 2412, 2424, 2552, 2583, 2613, 3428, 3491, 3566, 3648, 3714, 3785, 3889, 3935, 3978, 4019, 4060, 4098, 4164, 4169, 4174, 4177, 4181, 4184, 4188, 4191, 4194, 4201, 4205, 4213, 4221, 4236, 4240, 4250, 4255, 4265, 4298, 4343, 4385, 4428, 4472, 4519, 4572, 4590, 4621, 4626, 4633, 4649, 4654, 4660, 4681, 4686, 4693, 4717, 4722, 4729, 4751, 4756, 4763, 4782, 4787, 4794, 4909, 4946, 5008, 5098, 5608, 5618, 5667, 5867, 5876, 5885, 5894, 5903, 5912, 5940, 6001, 6051, 6119, 6156, 6231, 6311, 6405, 6430, 6478, 6537, 6617, 6654, 6726, 6856, 6874, 6886, 6898]@{}
http://www.comp.hkbu.edu.hk/~alumni/news/../news/../news/@[69, 99, 112, 121, 186, 203, 229, 255, 291, 319, 357, 383, 411, 445, 471, 504, 536, 559, 664, 751, 4037, 5022]@{}
http://www.comp.hkbu.edu.hk/~alumni/news/../scholarship/../news/@[69, 99, 112, 121, 186, 203, 229, 255, 291, 319, 357, 383, 411, 445, 471, 504, 536, 559, 664, 751, 4037, 5022]@{}
http://www.comp.hkbu.edu.hk/~alumni/news/../donation/../news/@[69, 99, 112, 121, 186, 203, 229, 255, 291, 319, 357, 383, 411, 445, 471, 504, 536, 559, 664, 751, 4037, 5022]@{}
http://www.comp.hkbu.edu.hk/v1/?page=job_vacancies?=tc?=tc?=tc@[663, 2400, 2412, 2424, 2552, 2583, 2613, 3434, 3497, 3572, 3654, 3720, 3791, 3895, 3941, 3984, 4025, 4066, 4104, 4171, 4176, 4181, 4184, 4188, 4191, 4195, 4198, 4201, 4208, 4212, 4220, 4228, 4243, 4247, 4257, 4262, 4272, 4305, 4350, 4392, 4435, 4479, 4526, 4579, 4597, 4628, 4633, 4640, 4670, 4675, 4682, 4703, 4708, 4715, 4739, 4744, 4751, 4773, 4778, 4785, 4804, 4809, 4816, 4931, 4968, 5030, 5120, 5630, 5640, 5689, 5889, 5898, 5907, 5916, 5925, 5934, 5962, 6023, 6073, 6141, 6178, 6255, 6334, 6432, 6457, 6505, 6564, 6644, 6681, 6757, 6899, 6917, 6929, 6941]@{}
http://www.comp.hkbu.edu.hk/v1/?page=job_vacancies?=sc?=tc?=tc@[663, 2400, 2412, 2424, 2552, 2583, 2613, 3434, 3497, 3572, 3654, 3720, 3791, 3895, 3941, 3984, 4025, 4066, 4104, 4170, 4175, 4180, 4183, 4187, 4190, 4194, 4197, 4200, 4207, 4211, 4219, 4227, 4242, 4246, 4256, 4261, 4271, 4304, 4349, 4391, 4434, 4478, 4525, 4578, 4596, 4627, 4632, 4639, 4655, 4660, 4666, 4687, 4692, 4699, 4723, 4728, 4735, 4757, 4762, 4769, 4788, 4793, 4800, 4915, 4952, 5014, 5104, 5614, 5624, 5673, 5873, 5882, 5891, 5900, 5909, 5918, 5946, 6007, 6057, 6125, 6162, 6243, 6316, 6417, 6442, 6490, 6549, 6629, 6664, 6726, 6868, 6886, 6898, 6910]@{}
http://www.comp.hkbu.edu.hk/v1/?page=sitemap?=tc?=tc?=tc@[663, 2400, 2412, 2424, 2552, 2583, 2613, 3434, 3497, 3572, 3654, 3720, 3791, 3895, 3941, 3984, 4025, 4066, 4104, 4171, 4176, 4181, 4184, 4188, 4191, 4195, 4198, 4201, 4208, 4212, 4220, 4228, 4243, 4247, 4257, 4262, 4272, 4305, 4350, 4392, 4435, 4479, 4526, 4579, 4597, 4628, 4633, 4640, 4660, 4665, 4671, 4693, 4698, 4705, 4729, 4734, 4741, 4763, 4768, 4775, 4794, 4799, 4806, 4921, 4958, 5020, 5110, 5620, 5630, 5679, 5879, 5888, 5897, 5906, 5915, 5924, 5952, 6013, 6063, 6131, 6168, 6249, 6331, 6424, 6449, 6497, 6556, 6636, 6673, 6749, 6896, 6914, 6926, 6938]@{}
http://www.comp.hkbu.edu.hk/v1/?page=sitemap?=sc?=tc?=tc@[663, 2400, 2412, 2424, 2552, 2583, 2613, 3434, 3497, 3572, 3654, 3720, 3791, 3895, 3941, 3984, 4025, 4066, 4104, 4171, 4176, 4181, 4184, 4188, 4191, 4195, 4198, 4201, 4208, 4212, 4220, 4228, 4243, 4247, 4257, 4262, 4272, 4305, 4350, 4392, 4435, 4479, 4526, 4579, 4597, 4628, 4633, 4640, 4660, 4665, 4672, 4696, 4701, 4708, 4732, 4737, 4744, 4766, 4771, 4778, 4797, 4802, 4809, 4924, 4961, 5023, 5113, 5623, 5633, 5682, 5882, 5891, 5900, 5909, 5918, 5927, 5955, 6016, 6066, 6134, 6171, 6253, 6329, 6425, 6450, 6498, 6557, 6637, 6674, 6756, 6899, 6917, 6929, 6941]@{}
http://www.comp.hkbu.edu.hk/v1/?page=home?=tc@[663, 2400, 2412, 2424, 2552, 2583, 2613, 3430, 3493, 3568, 3650, 3716, 3787, 3891, 3937, 3980, 4021, 4062, 4100, 4166, 4171, 4176, 4179, 4183, 4186, 4190, 4193, 4196, 4203, 4207, 4215, 4223, 4238, 4242, 4252, 4257, 4267, 4300, 4345, 4387, 4430, 4474, 4521, 4574, 4592, 4623, 4628, 4635, 4655, 4660, 4667, 4691, 4696, 4703, 4727, 4732, 4739, 4761, 4766, 4773, 4792, 4797, 4804, 4919, 4956, 5018, 5108, 5618, 5628, 5677, 5877, 5886, 5895, 5904, 5913, 5922, 5950, 6011, 6061, 6129, 6166, 6242, 6324, 6421, 6446, 6494, 6553, 6633, 6670, 6747, 6884, 6902, 6914, 6926]@{}
http://www.comp.hkbu.edu.hk/~alumni/news/../news/../news/../news/@[69, 99, 112, 121, 186, 203, 229, 255, 291, 319, 357, 383, 411, 445, 471, 504, 536, 559, 664, 751, 4037, 5022]@{}
http://www.comp.hkbu.edu.hk/~alumni/news/../scholarship/../news/../news/@[69, 99, 112, 121, 186, 203, 229, 255, 291, 319, 357, 383, 411, 445, 471, 504, 536, 559, 664, 751, 4037, 5022]@{}
http://www.comp.hkbu.edu.hk/~alumni/news/../donation/../news/../news/@[69, 99, 112, 121, 186, 203, 229, 255, 291, 319, 357, 383, 411, 445, 471, 504, 536, 559, 664, 751, 4037, 5022]@{}
http://www.comp.hkbu.edu.hk/v1/?page=job_vacancies?=tc?=tc?=tc?=tc@[663, 2400, 2412, 2424, 2552, 2583, 2613, 3436, 3499, 3574, 3656, 3722, 3793, 3897, 3943, 3986, 4027, 4068, 4106, 4173, 4178, 4183, 4186, 4190, 4193, 4197, 4200, 4203, 4210, 4214, 4222, 4230, 4245, 4249, 4259, 4264, 4274, 4307, 4352, 4394, 4437, 4481, 4528, 4581, 4599, 4630, 4635, 4642, 4672, 4677, 4683, 4704, 4709, 4716, 4740, 4745, 4752, 4774, 4779, 4786, 4805, 4810, 4817, 4932, 4969, 5031, 5121, 5631, 5641, 5690, 5890, 5899, 5908, 5917, 5926, 5935, 5963, 6024, 6074, 6142, 6179, 6258, 6335, 6429, 6454, 6502, 6561, 6641, 6678, 6744, 6879, 6897, 6909, 6921]@{}
http://www.comp.hkbu.edu.hk/v1/?page=job_vacancies?=sc?=tc?=tc?=tc@[663, 2400, 2412, 2424, 2552, 2583, 2613, 3436, 3499, 3574, 3656, 3722, 3793, 3897, 3943, 3986, 4027, 4068, 4106, 4173, 4178, 4183, 4186, 4190, 4193, 4197, 4200, 4203, 4210, 4214, 4222, 4230, 4245, 4249, 4259, 4264, 4274, 4307, 4352, 4394, 4437, 4481, 4528, 4581, 4599, 4630, 4635, 4642, 4672, 4677, 4683, 4705, 4710, 4717, 4741, 4746, 4753, 4775, 4780, 4787, 4806, 4811, 4818, 4933, 4970, 5032, 5122, 5632, 5642, 5691, 5891, 5900, 5909, 5918, 5927, 5936, 5964, 6025, 6075, 6143, 6180, 6255, 6325, 6422, 6447, 6495, 6554, 6634, 6671, 6740, 6867, 6885, 6897, 6909]@{}
http://www.comp.hkbu.edu.hk/v1/?page=sitemap?=tc?=tc?=tc?=tc@[663, 2400, 2412, 2424, 2552, 2583, 2613, 3436, 3499, 3574, 3656, 3722, 3793, 3897, 3943, 3986, 4027, 4068, 4106, 4172, 4177, 4182, 4185, 4189, 4192, 4196, 4199, 4202, 4209, 4213, 4221, 4229, 4244, 4248, 4258, 4263, 4273, 4306, 4351, 4393, 4436, 4480, 4527, 4580, 4598, 4629, 4634, 4641, 4661, 4666, 4672, 4693, 4698, 4705, 4729, 4734, 4741, 4763, 4768, 4775, 4794, 4799, 4806, 4921, 4958, 5020, 5110, 5620, 5630, 5679, 5879, 5888, 5897, 5906, 5915, 5924, 5952, 6013, 6063, 6131, 6168, 6247, 6323, 6423, 6448, 6496, 6555, 6635, 6672, 6742, 6885, 6903, 6915, 6927]@{}
http://www.comp.hkbu.edu.hk/v1/?page=sitemap?=sc?=tc?=tc?=tc@[663, 2400, 2412, 2424, 2552, 2583, 2613, 3436, 3499, 3574, 3656, 3722, 3793, 3897, 3943, 3986, 4027, 4068, 4106, 4172, 4177, 4182, 4185, 4189, 4192, 4196, 4199, 4202, 4209, 4213, 4221, 4229, 4244, 4248, 4258, 4263, 4273, 4306, 4351, 4393, 4436, 4480, 4527, 4580, 4598, 4629, 4634, 4641, 4671, 4676, 4682, 4704, 4709, 4716, 4740, 4745, 4752, 4774, 4779, 4786, 4805, 4810, 4817, 4932, 4969, 5031, 5121, 5631, 5641, 5690, 5890, 5899, 5908, 5917, 5926, 5935, 5963, 6024, 6074, 6142, 6179, 6258, 6339, 6434, 6459, 6507, 6566, 6646, 6683, 6756, 6893, 6911, 6923, 6935]@{}
http://www.comp.hkbu.edu.hk/v1/?page=home?=tc?=tc@[663, 2400, 2412, 2424, 2552, 2583, 2613, 3432, 3495, 3570, 3652, 3718, 3789, 3893, 3939, 3982, 4023, 4064, 4102, 4168, 4173, 4178, 4181, 4185, 4188, 4192, 4195, 4198, 4205, 4209, 4217, 4225, 4240, 4244, 4254, 4259, 4269, 4302, 4347, 4389, 4432, 4476, 4523, 4576, 4594, 4625, 4630, 4637, 4657, 4662, 4669, 4693, 4698, 4705, 4729, 4734, 4741, 4763, 4768, 4775, 4794, 4799, 4806, 4921, 4958, 5020, 5110, 5620, 5630, 5679, 5879, 5888, 5897, 5906, 5915, 5924, 5952, 6013, 6063, 6131, 6168, 6250, 6331, 6427, 6452, 6500, 6559, 6639, 6674, 6736, 6867, 6885, 6897, 6909]@{}
http://www.comp.hkbu.edu.hk/~alumni/news/../news/../news/../news/../news/@[69, 99, 112, 121, 186, 203, 229, 255, 291, 319, 357, 383, 411, 445, 471, 504, 536, 559, 664, 751, 4037, 5022]@{}
http://www.comp.hkbu.edu.hk/v1/?page=alumni@[75, 87, 99, 117, 130]@{}
http://www.comp.hkbu.edu.hk/~alumni/news/../scholarship/../news/../news/../news/@[69, 99, 112, 121, 186, 203, 229, 255, 291, 319, 357, 383, 411, 445, 471, 504, 536, 559, 664, 751, 4037, 5022]@{}
http://www.comp.hkbu.edu.hk/~alumni/news/../donation/../news/../news/../news/@[69, 99, 112, 121, 186, 203, 229, 255, 291, 319, 357, 383, 411, 445, 471, 504, 536, 559, 664, 751, 4037, 5022]@{}
http://www.comp.hkbu.edu.hk/v1/?page=job_vacancies?=tc?=tc?=tc?=tc?=tc@[663, 2400, 2412, 2424, 2552, 2583, 2613, 3438, 3501, 3576, 3658, 3724, 3795, 3899, 3945, 3988, 4029, 4070, 4108, 4175, 4180, 4185, 4188, 4192, 4195, 4199, 4202, 4205, 4212, 4216, 4224, 4232, 4247, 4251, 4261, 4266, 4276, 4309, 4354, 4396, 4439, 4483, 4530, 4583, 4601, 4632, 4637, 4644, 4674, 4679, 4685, 4707, 4712, 4719, 4743, 4748, 4755, 4777, 4782, 4789, 4808, 4813, 4820, 4935, 4972, 5034, 5124, 5634, 5644, 5693, 5893, 5902, 5911, 5920, 5929, 5938, 5966, 6027, 6077, 6145, 6182, 6259, 6335, 6431, 6456, 6504, 6563, 6643, 6680, 6747, 6874, 6892, 6904, 6916]@{}
http://www.comp.hkbu.edu.hk/v1/?page=job_vacancies?=sc?=tc?=tc?=tc?=tc@[663, 2400, 2412, 2424, 2552, 2583, 2613, 3438, 3501, 3576, 3658, 3724, 3795, 3899, 3945, 3988, 4029, 4070, 4108, 4174, 4179, 4184, 4187, 4191, 4194, 4198, 4201, 4204, 4211, 4215, 4223, 4231, 4246, 4250, 4260, 4265, 4275, 4308, 4353, 4395, 4438, 4482, 4529, 4582, 4600, 4631, 4636, 4643, 4659, 4664, 4670, 4692, 4697, 4704, 4728, 4733, 4740, 4762, 4767, 4774, 4793, 4798, 4805, 4920, 4957, 5019, 5109, 5619, 5629, 5678, 5878, 5887, 5896, 5905, 5914, 5923, 5951, 6012, 6062, 6130, 6167, 6246, 6327, 6427, 6452, 6500, 6559, 6639, 6676, 6742, 6876, 6894, 6906, 6918]@{}
http://www.comp.hkbu.edu.hk/v1/?page=sitemap?=tc?=tc?=tc?=tc?=tc@[663, 2400, 2412, 2424, 2552, 2583, 2613, 3438, 3501, 3576, 3658, 3724, 3795, 3899, 3945, 3988, 4029, 4070, 4108, 4175, 4180, 4185, 4188, 4192, 4195, 4199, 4202, 4205, 4212, 4216, 4224, 4232, 4247, 4251, 4261, 4266, 4276, 4309, 4354, 4396, 4439, 4483, 4530, 4583, 4601, 4632, 4637, 4644, 4660, 4665, 4672, 4700, 4705, 4712, 4736, 4741, 4748, 4770, 4775, 4782, 4801, 4806, 4813, 4928, 4965, 5027, 5117, 5627, 5637, 5686, 5886, 5895, 5904, 5913, 5922, 5931, 5959, 6020, 6070, 6138, 6175, 6248, 6329, 6427, 6452, 6500, 6559, 6639, 6676, 6756, 6896, 6914, 6926, 6938]@{}
http://www.comp.hkbu.edu.hk/v1/?page=sitemap?=sc?=tc?=tc?=tc?=tc@[663, 2400, 2412, 2424, 2552, 2583, 2613, 3438, 3501, 3576, 3658, 3724, 3795, 3899, 3945, 3988, 4029, 4070, 4108, 4174, 4179, 4184, 4187, 4191, 4194, 4198, 4201, 4204, 4211, 4215, 4223, 4231, 4246, 4250, 4260, 4265, 4275, 4308, 4353, 4395, 4438, 4482, 4529, 4582, 4600, 4631, 4636, 4643, 4673, 4678, 4684, 4706, 4711, 4718, 4742, 4747, 4754, 4776, 4781, 4788, 4807, 4812, 4819, 4934, 4971, 5033, 5123, 5633, 5643, 5692, 5892, 5901, 5910, 5919, 5928, 5937, 5965, 6026, 6076, 6144, 6181, 6262, 6336, 6435, 6460, 6508, 6567, 6647, 6682, 6744, 6881, 6899, 6911, 6923]@{}
http://www.comp.hkbu.edu.hk/v1/?page=home?=tc?=tc?=tc@[663, 2400, 2412, 2424, 2552, 2583, 2613, 3434, 3497, 3572, 3654, 3720, 3791, 3895, 3941, 3984, 4025, 4066, 4104, 4170, 4175, 4180, 4183, 4187, 4190, 4194, 4197, 4200, 4207, 4211, 4219, 4227, 4242, 4246, 4256, 4261, 4271, 4304, 4349, 4391, 4434, 4478, 4525, 4578, 4596, 4627, 4632, 4639, 4655, 4660, 4667, 4691, 4696, 4703, 4727, 4732, 4739, 4761, 4766, 4773, 4792, 4797, 4804, 4919, 4956, 5018, 5108, 5618, 5628, 5677, 5877, 5886, 5895, 5904, 5913, 5922, 5950, 6011, 6061, 6129, 6166, 6247, 6323, 6425, 6450, 6498, 6557, 6637, 6672, 6734, 6881, 6899, 6911, 6923]@{}
http://www.comp.hkbu.edu.hk/~alumni/news/../news/../news/../news/../news/../news/@[69, 99, 112, 121, 186, 203, 229, 255, 291, 319, 357, 383, 411, 445, 471, 504, 536, 559, 664, 751, 4037, 5022]@{}
http://www.comp.hkbu.edu.hk/~alumni/news/../scholarship/../news/../news/../news/../news/@[69, 99, 112, 121, 186, 203, 229, 255, 291, 319, 357, 383, 411, 445, 471, 504, 536, 559, 664, 751, 4037, 5022]@{}
http://www.comp.hkbu.edu.hk/~alumni/news/../donation/../news/../news/../news/../news/@[69, 99, 112, 121, 186, 203, 229, 255, 291, 319, 357, 383, 411, 445, 471, 504, 536, 559, 664, 751, 4037, 5022]@{}
http://www.comp.hkbu.edu.hk/v1/?page=job_vacancies@[211, 1948, 1960, 1972, 2100, 2131, 2161, 2976, 3039, 3114, 3196, 3262, 3333, 3437, 3483, 3526, 3567, 3608, 3646, 3713, 3718, 3723, 3726, 3730, 3733, 3737, 3740, 3743, 3750, 3754, 3762, 3770, 3785, 3789, 3799, 3804, 3814, 3847, 3892, 3934, 3977, 4021, 4068, 4394, 4412, 4424, 4436]@{}
http://www.comp.hkbu.edu.hk/v1/?page=job_vacancies?=tc?=tc?=tc?=tc?=tc?=tc@[663, 2400, 2412, 2424, 2552, 2583, 2613, 3440, 3503, 3578, 3660, 3726, 3797, 3901, 3947, 3990, 4031, 4072, 4110, 4177, 4182, 4187, 4190, 4194, 4197, 4201, 4204, 4207, 4214, 4218, 4226, 4234, 4249, 4253, 4263, 4268, 4278, 4311, 4356, 4398, 4441, 4485, 4532, 4585, 4603, 4634, 4639, 4646, 4662, 4667, 4674, 4695, 4700, 4707, 4731, 4736, 4743, 4765, 4770, 4777, 4796, 4801, 4808, 4923, 4960, 5022, 5112, 5622, 5632, 5681, 5881, 5890, 5899, 5908, 5917, 5926, 5954, 6015, 6065, 6133, 6170, 6251, 6328, 6425, 6450, 6498, 6557, 6637, 6672, 6734, 6871, 6889, 6901, 6913]@{}
http://www.comp.hkbu.edu.hk/v1/?page=job_vacancies?=sc?=tc?=tc?=tc?=tc?=tc@[663, 2400, 2412, 2424, 2552, 2583, 2613, 3440, 3503, 3578, 3660, 3726, 3797, 3901, 3947, 3990, 4031, 4072, 4110, 4176, 4181, 4186, 4189, 4193, 4196, 4200, 4203, 4206, 4213, 4217, 4225, 4233, 4248, 4252, 4262, 4267, 4277, 4310, 4355, 4397, 4440, 4484, 4531, 4584, 4602, 4633, 4638, 4645, 4661, 4666, 4673, 4694, 4699, 4706, 4730, 4735, 4742, 4764, 4769, 4776, 4795, 4800, 4807, 4922, 4959, 5021, 5111, 5621, 5631, 5680, 5880, 5889, 5898, 5907, 5916, 5925, 5953, 6014, 6064, 6132, 6169, 6249, 6330, 6433, 6458, 6506, 6565, 6645, 6682, 6751, 6898, 6916, 6928, 6940]@{}
http://www.comp.hkbu.edu.hk/v1/?page=sitemap?=tc?=tc?=tc?=tc?=tc?=tc@[663, 2400, 2412, 2424, 2552, 2583, 2613, 3440, 3503, 3578, 3660, 3726, 3797, 3901, 3947, 3990, 4031, 4072, 4110, 4176, 4181, 4186, 4189, 4193, 4196, 4200, 4203, 4206, 4213, 4217, 4225, 4233, 4248, 4252, 4262, 4267, 4277, 4310, 4355, 4397, 4440, 4484, 4531, 4584, 4602, 4633, 4638, 4645, 4665, 4670, 4676, 4698, 4703, 4710, 4734, 4739, 4746, 4768, 4773, 4780, 4799, 4804, 4811, 4926, 4963, 5025, 5115, 5625, 5635, 5684, 5884, 5893, 5902, 5911, 5920, 5929, 5957, 6018, 6068, 6136, 6173, 6252, 6324, 6422, 6447, 6495, 6554, 6634, 6671, 6743, 6888, 6906, 6918, 6930]@{}
http://www.comp.hkbu.edu.hk/v1/?page=sitemap?=sc?=tc?=tc?=tc?=tc?=tc@[663, 2400, 2412, 2424, 2552, 2583, 2613, 3440, 3503, 3578, 3660, 3726, 3797, 3901, 3947, 3990, 4031, 4072, 4110, 4177, 4182, 4187, 4190, 4194, 4197, 4201, 4204, 4207, 4214, 4218, 4226, 4234, 4249, 4253, 4263, 4268, 4278, 4311, 4356, 4398, 4441, 4485, 4532, 4585, 4603, 4634, 4639, 4646, 4676, 4681, 4688, 4716, 4721, 4728, 4752, 4757, 4764, 4786, 4791, 4798, 4817, 4822, 4829, 4944, 4981, 5043, 5133, 5643, 5653, 5702, 5902, 5911, 5920, 5929, 5938, 5947, 5975, 6036, 6086, 6154, 6191, 6273, 6343, 6441, 6466, 6514, 6573, 6653, 6690, 6756, 6898, 6916, 6928, 6940]@{}
http://www.comp.hkbu.edu.hk/v1/?page=home?=tc?=tc?=tc?=tc@[663, 2400, 2412, 2424, 2552, 2583, 2613, 3436, 3499, 3574, 3656, 3722, 3793, 3897, 3943, 3986, 4027, 4068, 4106, 4173, 4178, 4183, 4186, 4190, 4193, 4197, 4200, 4203, 4210, 4214, 4222, 4230, 4245, 4249, 4259, 4264, 4274, 4307, 4352, 4394, 4437, 4481, 4528, 4581, 4599, 4630, 4635, 4642, 4662, 4667, 4674, 4697, 4702, 4709, 4733, 4738, 4745, 4767, 4772, 4779, 4798, 4803, 4810, 4925, 4962, 5024, 5114, 5624, 5634, 5683, 5883, 5892, 5901, 5910, 5919, 5928, 5956, 6017, 6067, 6135, 6172, 6251, 6326, 6423, 6448, 6496, 6555, 6635, 6672, 6745, 6882, 6900, 6912, 6924]@{}
http://www.comp.hkbu.edu.hk/~alumni/news/../news/../news/../news/../news/../news/../news/@[69, 99, 112, 121, 186, 203, 229, 255, 291, 319, 357, 383, 411, 445, 471, 504, 536, 559, 664, 751, 4037, 5022]@{}
http://www.comp.hkbu.edu.hk/~alumni/news/../scholarship/../news/../news/../news/../news/../news/@[69, 99, 112, 121, 186, 203, 229, 255, 291, 319, 357, 383, 411, 445, 471, 504, 536, 559, 664, 751, 4037, 5022]@{}
http://www.comp.hkbu.edu.hk/~alumni/news/../donation/../news/../news/../news/../news/../news/@[69, 99, 112, 121, 186, 203, 229, 255, 291, 319, 357, 383, 411, 445, 471, 504, 536, 559, 664, 751, 4037, 5022]@{}
http://www.comp.hkbu.edu.hk/v1/?page=job_vacancies?=tc?=tc?=tc?=tc?=tc?=tc?=tc@[663, 2400, 2412, 2424, 2552, 2583, 2613, 3442, 3505, 3580, 3662, 3728, 3799, 3903, 3949, 3992, 4033, 4074, 4112, 4179, 4184, 4189, 4192, 4196, 4199, 4203, 4206, 4209, 4216, 4220, 4228, 4236, 4251, 4255, 4265, 4270, 4280, 4313, 4358, 4400, 4443, 4487, 4534, 4587, 4605, 4636, 4641, 4648, 4664, 4669, 4676, 4699, 4704, 4711, 4735, 4740, 4747, 4769, 4774, 4781, 4800, 4805, 4812, 4927, 4964, 5026, 5116, 5626, 5636, 5685, 5885, 5894, 5903, 5912, 5921, 5930, 5958, 6019, 6069, 6137, 6174, 6255, 6330, 6421, 6446, 6494, 6553, 6633, 6668, 6730, 6870, 6888, 6900, 6912]@{}
http://www.comp.hkbu.edu.hk/v1/?page=job_vacancies?=sc?=tc?=tc?=tc?=tc?=tc?=tc@[663, 2400, 2412, 2424, 2552, 2583, 2613, 3442, 3505, 3580, 3662, 3728, 3799, 3903, 3949, 3992, 4033, 4074, 4112, 4179, 4184, 4189, 4192, 4196, 4199, 4203, 4206, 4209, 4216, 4220, 4228, 4236, 4251, 4255, 4265, 4270, 4280, 4313, 4358, 4400, 4443, 4487, 4534, 4587, 4605, 4636, 4641, 4648, 4664, 4669, 4675, 4696, 4701, 4708, 4732, 4737, 4744, 4766, 4771, 4778, 4797, 4802, 4809, 4924, 4961, 5023, 5113, 5623, 5633, 5682, 5882, 5891, 5900, 5909, 5918, 5927, 5955, 6016, 6066, 6134, 6171, 6250, 6323, 6421, 6446, 6494, 6553, 6633, 6670, 6752, 6890, 6908, 6920, 6932]@{}
http://www.comp.hkbu.edu.hk/v1/?page=sitemap?=tc?=tc?=tc?=tc?=tc?=tc?=tc@[663, 2400, 2412, 2424, 2552, 2583, 2613, 3442, 3505, 3580, 3662, 3728, 3799, 3903, 3949, 3992, 4033, 4074, 4112, 4178, 4183, 4188, 4191, 4195, 4198, 4202, 4205, 4208, 4215, 4219, 4227, 4235, 4250, 4254, 4264, 4269, 4279, 4312, 4357, 4399, 4442, 4486, 4533, 4586, 4604, 4635, 4640, 4647, 4663, 4668, 4675, 4698, 4703, 4710, 4734, 4739, 4746, 4768, 4773, 4780, 4799, 4804, 4811, 4926, 4963, 5025, 5115, 5625, 5635, 5684, 5884, 5893, 5902, 5911, 5920, 5929, 5957, 6018, 6068, 6136, 6173, 6248, 6321, 6418, 6443, 6491, 6550, 6630, 6665, 6727, 6870, 6888, 6900, 6912]@{}
http://www.comp.hkbu.edu.hk/v1/?page=sitemap?=sc?=tc?=tc?=tc?=tc?=tc?=tc@[663, 2400, 2412, 2424, 2552, 2583, 2613, 3442, 3505, 3580, 3662, 3728, 3799, 3903, 3949, 3992, 4033, 4074, 4112, 4178, 4183, 4188, 4191, 4195, 4198, 4202, 4205, 4208, 4215, 4219, 4227, 4235, 4250, 4254, 4264, 4269, 4279, 4312, 4357, 4399, 4442, 4486, 4533, 4586, 4604, 4635, 4640, 4647, 4667, 4672, 4679, 4700, 4705, 4712, 4736, 4741, 4748, 4770, 4775, 4782, 4801, 4806, 4813, 4928, 4965, 5027, 5117, 5627, 5637, 5686, 5886, 5895, 5904, 5913, 5922, 5931, 5959, 6020, 6070, 6138, 6175, 6249, 6330, 6433, 6458, 6506, 6565, 6645, 6682, 6757, 6891, 6909, 6921, 6933]@{}
http://www.comp.hkbu.edu.hk/v1/?page=home?=tc?=tc?=tc?=tc?=tc@[663, 2400, 2412, 2424, 2552, 2583, 2613, 3438, 3501, 3576, 3658, 3724, 3795, 3899, 3945, 3988, 4029, 4070, 4108, 4175, 4180, 4185, 4188, 4192, 4195, 4199, 4202, 4205, 4212, 4216, 4224, 4232, 4247, 4251, 4261, 4266, 4276, 4309, 4354, 4396, 4439, 4483, 4530, 4583, 4601, 4632, 4637, 4644, 4660, 4665, 4672, 4700, 4705, 4712, 4736, 4741, 4748, 4770, 4775, 4782, 4801, 4806, 4813, 4928, 4965, 5027, 5117, 5627, 5637, 5686, 5886, 5895, 5904, 5913, 5922, 5931, 5959, 6020, 6070, 6138, 6175, 6254, 6330, 6427, 6452, 6500, 6559, 6639, 6676, 6758, 6895, 6913, 6925, 6937]@{}
http://www.comp.hkbu.edu.hk/~alumni/news/../news/../news/../news/../news/../news/../news/../news/@[69, 99, 112, 121, 186, 203, 229, 255, 291, 319, 357, 383, 411, 445, 471, 504, 536, 559, 664, 751, 4037, 5022]@{}
http://www.comp.hkbu.edu.hk/~alumni/news/../scholarship/../news/../news/../news/../news/../news/../news/@[69, 99, 112, 121, 186, 203, 229, 255, 291, 319, 357, 383, 411, 445, 471, 504, 536, 559, 664, 751, 4037, 5022]@{}
http://www.comp.hkbu.edu.hk/~alumni/news/../donation/../news/../news/../news/../news/../news/../news/@[69, 99, 112, 121, 186, 203, 229, 255, 291, 319, 357, 383, 411, 445, 471, 504, 536, 559, 664, 751, 4037, 5022]@{}
http://www.comp.hkbu.edu.hk/v1/?page=job_vacancies?=tc?=tc?=tc?=tc?=tc?=tc?=tc?=tc@[663, 2400, 2412, 2424, 2552, 2583, 2613, 3444, 3507, 3582, 3664, 3730, 3801, 3905, 3951, 3994, 4035, 4076, 4114, 4181, 4186, 4191, 4194, 4198, 4201, 4205, 4208, 4211, 4218, 4222, 4230, 4238, 4253, 4257, 4267, 4272, 4282, 4315, 4360, 4402, 4445, 4489, 4536, 4589, 4607, 4638, 4643, 4650, 4680, 4685, 4692, 4715, 4720, 4727, 4751, 4756, 4763, 4785, 4790, 4797, 4816, 4821, 4828, 4943, 4980, 5042, 5132, 5642, 5652, 5701, 5901, 5910, 5919, 5928, 5937, 5946, 5974, 6035, 6085, 6153, 6190, 6269, 6350, 6441, 6466, 6514, 6573, 6653, 6690, 6770, 6913, 6931, 6943, 6955]@{}
http://www.comp.hkbu.edu.hk/v1/?page=job_vacancies?=sc?=tc?=tc?=tc?=tc?=tc?=tc?=tc@[663, 2400, 2412, 2424, 2552, 2583, 2613, 3444, 3507, 3582, 3664, 3730, 3801, 3905, 3951, 3994, 4035, 4076, 4114, 4181, 4186, 4191, 4194, 4198, 4201, 4205, 4208, 4211, 4218, 4222, 4230, 4238, 4253, 4257, 4267, 4272, 4282, 4315, 4360, 4402, 4445, 4489, 4536, 4589, 4607, 4638, 4643, 4650, 4666, 4671, 4678, 4699, 4704, 4711, 4735, 4740, 4747, 4769, 4774, 4781, 4800, 4805, 4812, 4927, 4964, 5026, 5116, 5626, 5636, 5685, 5885, 5894, 5903, 5912, 5921, 5930, 5958, 6019, 6069, 6137, 6174, 6255, 6337, 6437, 6462, 6510, 6569, 6649, 6686, 6752, 6892, 6910, 6922, 6934]@{}
http://www.comp.hkbu.edu.hk/v1/?page=sitemap?=tc?=tc?=tc?=tc?=tc?=tc?=tc?=tc@[663, 2400, 2412, 2424, 2552, 2583, 2613, 3444, 3507, 3582, 3664, 3730, 3801, 3905, 3951, 3994, 4035, 4076, 4114, 4181, 4186, 4191, 4194, 4198, 4201, 4205, 4208, 4211, 4218, 4222, 4230, 4238, 4253, 4257, 4267, 4272, 4282, 4315, 4360, 4402, 4445, 4489, 4536, 4589, 4607, 4638, 4643, 4650, 4666, 4671, 4678, 4702, 4707, 4714, 4738, 4743, 4750, 4772, 4777, 4784, 4803, 4808, 4815, 4930, 4967, 5029, 5119, 5629, 5639, 5688, 5888, 5897, 5906, 5915, 5924, 5933, 5961, 6022, 6072, 6140, 6177, 6250, 6323, 6422, 6447, 6495, 6554, 6634, 6671, 6749, 6883, 6901, 6913, 6925]@{}
http://www.comp.hkbu.edu.hk/v1/?page=sitemap?=sc?=tc?=tc?=tc?=tc?=tc?=tc?=tc@[663, 2400, 2412, 2424, 2552, 2583, 2613, 3444, 3507, 3582, 3664, 3730, 3801, 3905, 3951, 3994, 4035, 4076, 4114, 4181, 4186, 4191, 4194, 4198, 4201, 4205, 4208, 4211, 4218, 4222, 4230, 4238, 4253, 4257, 4267, 4272, 4282, 4315, 4360, 4402, 4445, 4489, 4536, 4589, 4607, 4638, 4643, 4650, 4680, 4685, 4692, 4716, 4721, 4728, 4752, 4757, 4764, 4786, 4791, 4798, 4817, 4822, 4829, 4944, 4981, 5043, 5133, 5643, 5653, 5702, 5902, 5911, 5920, 5929, 5938, 5947, 5975, 6036, 6086, 6154, 6191, 6273, 6346, 6448, 6473, 6521, 6580, 6660, 6695, 6757, 6891, 6909, 6921, 6933]@{}
http://www.comp.hkbu.edu.hk/v1/?page=sitemap@[209, 1946, 1958, 1970, 2098, 2129, 2159, 2974, 3037, 3112, 3194, 3260, 3331, 3435, 3481, 3524, 3565, 3606, 3644, 3710, 3715, 3720, 3723, 3727, 3730, 3734, 3737, 3740, 3747, 3751, 3759, 3767, 3782, 3786, 3796, 3801, 3811, 3844, 3889, 3931, 3974, 4018, 4065, 5754, 5772, 5784, 5796]@{}
http://www.comp.hkbu.edu.hk/v1/?page=home?=tc?=tc?=tc?=tc?=tc?=tc@[663, 2400, 2412, 2424, 2552, 2583, 2613, 3440, 3503, 3578, 3660, 3726, 3797, 3901, 3947, 3990, 4031, 4072, 4110, 4176, 4181, 4186, 4189, 4193, 4196, 4200, 4203, 4206, 4213, 4217, 4225, 4233, 4248, 4252, 4262, 4267, 4277, 4310, 4355, 4397, 4440, 4484, 4531, 4584, 4602, 4633, 4638, 4645, 4665, 4670, 4677, 4701, 4706, 4713, 4737, 4742, 4749, 4771, 4776, 4783, 4802, 4807, 4814, 4929, 4966, 5028, 5118, 5628, 5638, 5687, 5887, 5896, 5905, 5914, 5923, 5932, 5960, 6021, 6071, 6139, 6176, 6258, 6333, 6434, 6459, 6507, 6566, 6646, 6683, 6758, 6891, 6909, 6921, 6933]@{}
http://www.comp.hkbu.edu.hk/~alumni/news/../news/../news/../news/../news/../news/../news/../news/../news/@[69, 99, 112, 121, 186, 203, 229, 255, 291, 319, 357, 383, 411, 445, 471, 504, 536, 559, 664, 751, 4037, 5022]@{}
http://www.comp.hkbu.edu.hk/~alumni/news/../scholarship/../news/../news/../news/../news/../news/../news/../news/@[69, 99, 112, 121, 186, 203, 229, 255, 291, 319, 357, 383, 411, 445, 471, 504, 536, 559, 664, 751, 4037, 5022]@{}
http://www.comp.hkbu.edu.hk/~alumni/news/../donation/../news/../news/../news/../news/../news/../news/../news/@[69, 99, 112, 121, 186, 203, 229, 255, 291, 319, 357, 383, 411, 445, 471, 504, 536, 559, 664, 751, 4037, 5022]@{}
http://www.comp.hkbu.edu.hk/v1/?page=job_vacancies?=tc?=tc?=tc?=tc?=tc?=tc?=tc?=tc?=tc@[663, 2400, 2412, 2424, 2552, 2583, 2613, 3446, 3509, 3584, 3666, 3732, 3803, 3907, 3953, 3996, 4037, 4078, 4116, 4183, 4188, 4193, 4196, 4200, 4203, 4207, 4210, 4213, 4220, 4224, 4232, 4240, 4255, 4259, 4269, 4274, 4284, 4317, 4362, 4404, 4447, 4491, 4538, 4591, 4609, 4640, 4645, 4652, 4682, 4687, 4694, 4715, 4720, 4727, 4751, 4756, 4763, 4785, 4790, 4797, 4816, 4821, 4828, 4943, 4980, 5042, 5132, 5642, 5652, 5701, 5901, 5910, 5919, 5928, 5937, 5946, 5974, 6035, 6085, 6153, 6190, 6266, 6343, 6440, 6465, 6513, 6572, 6652, 6689, 6760, 6887, 6905, 6917, 6929]@{}
http://www.comp.hkbu.edu.hk/v1/?page=job_vacancies?=sc?=tc?=tc?=tc?=tc?=tc?=tc?=tc?=tc@[663, 2400, 2412, 2424, 2552, 2583, 2613, 3446, 3509, 3584, 3666, 3732, 3803, 3907, 3953, 3996, 4037, 4078, 4116, 4183, 4188, 4193, 4196, 4200, 4203, 4207, 4210, 4213, 4220, 4224, 4232, 4240, 4255, 4259, 4269, 4274, 4284, 4317, 4362, 4404, 4447, 4491, 4538, 4591, 4609, 4640, 4645, 4652, 4682, 4687, 4693, 4714, 4719, 4726, 4750, 4755, 4762, 4784, 4789, 4796, 4815, 4820, 4827, 4942, 4979, 5041, 5131, 5641, 5651, 5700, 5900, 5909, 5918, 5927, 5936, 5945, 5973, 6034, 6084, 6152, 6189, 6265, 6346, 6444, 6469, 6517, 6576, 6656, 6693, 6768, 6899, 6917, 6929, 6941]@{}
http://www.comp.hkbu.edu.hk/v1/?page=sitemap?=tc?=tc?=tc?=tc?=tc?=tc?=tc?=tc?=tc@[663, 2400, 2412, 2424, 2552, 2583, 2613, 3446, 3509, 3584, 3666, 3732, 3803, 3907, 3953, 3996, 4037, 4078, 4116, 4182, 4187, 4192, 4195, 4199, 4202, 4206, 4209, 4212, 4219, 4223, 4231, 4239, 4254, 4258, 4268, 4273, 4283, 4316, 4361, 4403, 4446, 4490, 4537, 4590, 4608, 4639, 4644, 4651, 4667, 4672, 4678, 4699, 4704, 4711, 4735, 4740, 4747, 4769, 4774, 4781, 4800, 4805, 4812, 4927, 4964, 5026, 5116, 5626, 5636, 5685, 5885, 5894, 5903, 5912, 5921, 5930, 5958, 6019, 6069, 6137, 6174, 6255, 6331, 6422, 6447, 6495, 6554, 6634, 6669, 6731, 6867, 6885, 6897, 6909]@{}
http://www.comp.hkbu.edu.hk/v1/?page=sitemap?=sc?=tc?=tc?=tc?=tc?=tc?=tc?=tc?=tc@[663, 2400, 2412, 2424, 2552, 2583, 2613, 3446, 3509, 3584, 3666, 3732, 3803, 3907, 3953, 3996, 4037, 4078, 4116, 4182, 4187, 4192, 4195, 4199, 4202, 4206, 4209, 4212, 4219, 4223, 4231, 4239, 4254, 4258, 4268, 4273, 4283, 4316, 4361, 4403, 4446, 4490, 4537, 4590, 4608, 4639, 4644, 4651, 4681, 4686, 4693, 4717, 4722, 4729, 4753, 4758, 4765, 4787, 4792, 4799, 4818, 4823, 4830, 4945, 4982, 5044, 5134, 5644, 5654, 5703, 5903, 5912, 5921, 5930, 5939, 5948, 5976, 6037, 6087, 6155, 6192, 6269, 6346, 6446, 6471, 6519, 6578, 6658, 6695, 6766, 6893, 6911, 6923, 6935]@{}
http://www.comp.hkbu.edu.hk/v1/?lang=tc@[663, 2400, 2412, 2424, 2552, 2583, 2613, 3424, 3487, 3562, 3644, 3710, 3781, 3885, 3931, 3974, 4015, 4056, 4094, 4160, 4165, 4170, 4173, 4177, 4180, 4184, 4187, 4190, 4197, 4201, 4209, 4217, 4232, 4236, 4246, 4251, 4261, 4294, 4339, 4381, 4424, 4468, 4515, 4568, 4586, 4617, 4622, 4629, 4659, 4664, 4671, 4699, 4704, 4711, 4735, 4740, 4747, 4769, 4774, 4781, 4800, 4805, 4812, 4927, 4964, 5026, 5116, 5626, 5636, 5685, 5885, 5894, 5903, 5912, 5921, 5930, 5958, 6019, 6069, 6137, 6174, 6255, 6331, 6434, 6459, 6507, 6566, 6646, 6683, 6752, 6895, 6913, 6925, 6937]@{}
http://www.comp.hkbu.edu.hk/~alumni/news/@[69, 99, 112, 121, 186, 203, 229, 255, 291, 319, 357, 383, 411, 445, 471, 504, 536, 559, 664, 751, 4037, 5022]@{}
http://www.sci.hkbu.edu.hk/eng/page/?page=prospective-students@[858, 860, 873, 3473, 3481, 3568, 3583, 3598, 3612]@{}
http://www.sci.hkbu.edu.hk/eng/page/?page=current-students@[858, 860, 873, 3129, 3137, 3224, 3239, 3254, 3268]@{}
http://www.sci.hkbu.edu.hk/eng/page/@[858, 860, 873, 3232, 3240, 3327, 3342, 3357, 3371]@{}
http://www.sci.hkbu.edu.hk/eng/about-us/honorary-doctorate@[858, 860, 873, 2663, 2665, 2727, 2729, 2807, 2809, 2886, 2888, 2967, 2969, 3046, 3048, 3126, 3128, 3205, 3207, 3284, 3286, 3763, 3771, 3858, 3873, 3888, 3902]@{}
http://www.sci.hkbu.edu.hk/eng/about-us/distinguished-professorship/eng/page/?page=prospective-students@[858, 860, 873, 2402, 2411, 2420, 2429, 2438, 2571, 2601, 2630, 2659, 2688, 2807, 2831, 2860, 2885, 3067, 3082, 3141, 3154, 3214, 3227, 3289, 3304, 3361, 3376, 3436, 3450, 3503, 3522, 3577, 3589, 3647, 3661, 3720, 3737, 3875, 3899, 3928, 3953, 4107, 4109, 4114, 4137, 4139, 4144, 4168, 4170, 4175, 4197, 4199, 4204, 5238, 5241, 5242, 5250, 5254, 5259, 5265, 5272, 5275, 5276, 5284, 5288, 5293, 5299, 5306, 5309, 5310, 5318, 5322, 5327, 5333, 5340, 5343, 5344, 5352, 5356, 5361, 5367, 5374, 5377, 5378, 5386, 5390, 5395, 5401, 5433, 5463, 5493, 5523, 5553, 5762, 5765, 5768, 5771, 5774, 6214, 6217, 6218, 6221, 6227, 7928, 7936, 8023, 8038, 8053, 8067]@{}
http://www.sci.hkbu.edu.hk/eng/about-us/honorary-doctorate/eng/page/?page=prospective-students@[858, 860, 873, 2402, 2411, 2420, 2429, 2438, 2571, 2601, 2630, 2659, 2688, 2807, 2831, 2860, 2885, 3067, 3082, 3141, 3154, 3214, 3227, 3289, 3304, 3361, 3376, 3436, 3450, 3503, 3522, 3577, 3589, 3647, 3661, 3720, 3737, 3875, 3899, 3928, 3953, 4107, 4109, 4114, 4137, 4139, 4144, 4168, 4170, 4175, 4197, 4199, 4204, 5238, 5241, 5242, 5250, 5254, 5259, 5265, 5272, 5275, 5276, 5284, 5288, 5293, 5299, 5306, 5309, 5310, 5318, 5322, 5327, 5333, 5340, 5343, 5344, 5352, 5356, 5361, 5367, 5374, 5377, 5378, 5386, 5390, 5395, 5401, 5433, 5463, 5493, 5523, 5553, 5762, 5765, 5768, 5771, 5774, 6214, 6217, 6218, 6221, 6227, 7928, 7936, 8023, 8038, 8053, 8067]@{}
http://www.sci.hkbu.edu.hk/eng/about-us/distinguished-professor-of-science@[858, 860, 873, 2741, 2743, 2827, 2829, 2927, 2929, 3005, 3007, 3096, 3098, 3176, 3178, 3274, 3276, 3350, 3352, 3579, 3587, 3674, 3689, 3704, 3718]@{}
http://www.sci.hkbu.edu.hk/eng/about-us/dr-kennedy-wong-distinguished-visiting-professorship-scheme@[858, 860, 873, 2675, 2677, 2787, 2789, 2896, 2898, 2996, 2998, 3248, 3256, 3343, 3358, 3373, 3387]@{}
http://www.sci.hkbu.edu.hk/eng/about-us/distinguished-professor-of-science/eng/page/?page=prospective-students@[858, 860, 873, 2402, 2411, 2420, 2429, 2438, 2571, 2601, 2630, 2659, 2688, 2807, 2831, 2860, 2885, 3067, 3082, 3141, 3154, 3214, 3227, 3289, 3304, 3361, 3376, 3436, 3450, 3503, 3522, 3577, 3589, 3647, 3661, 3720, 3737, 3875, 3899, 3928, 3953, 4107, 4109, 4114, 4137, 4139, 4144, 4168, 4170, 4175, 4197, 4199, 4204, 5238, 5241, 5242, 5250, 5254, 5259, 5265, 5272, 5275, 5276, 5284, 5288, 5293, 5299, 5306, 5309, 5310, 5318, 5322, 5327, 5333, 5340, 5343, 5344, 5352, 5356, 5361, 5367, 5374, 5377, 5378, 5386, 5390, 5395, 5401, 5433, 5463, 5493, 5523, 5553, 5762, 5765, 5768, 5771, 5774, 6214, 6217, 6218, 6221, 6227, 7928, 7936, 8023, 8038, 8053, 8067]@{}
http://www.sci.hkbu.edu.hk/eng/about-us/dr-kennedy-wong-distinguished-visiting-professorship-scheme/eng/page/?page=prospective-students@[858, 860, 873, 2402, 2411, 2420, 2429, 2438, 2571, 2601, 2630, 2659, 2688, 2807, 2831, 2860, 2885, 3067, 3082, 3141, 3154, 3214, 3227, 3289, 3304, 3361, 3376, 3436, 3450, 3503, 3522, 3577, 3589, 3647, 3661, 3720, 3737, 3875, 3899, 3928, 3953, 4107, 4109, 4114, 4137, 4139, 4144, 4168, 4170, 4175, 4197, 4199, 4204, 5238, 5241, 5242, 5250, 5254, 5259, 5265, 5272, 5275, 5276, 5284, 5288, 5293, 5299, 5306, 5309, 5310, 5318, 5322, 5327, 5333, 5340, 5343, 5344, 5352, 5356, 5361, 5367, 5374, 5377, 5378, 5386, 5390, 5395, 5401, 5433, 5463, 5493, 5523, 5553, 5762, 5765, 5768, 5771, 5774, 6214, 6217, 6218, 6221, 6227, 7928, 7936, 8023, 8038, 8053, 8067]@{}
http://www.sci.hkbu.edu.hk/eng/page/eng/about-us/vision-mission@[858, 860, 873, 2402, 2411, 2420, 2429, 2438, 2571, 2601, 2630, 2659, 2688, 2807, 2831, 2860, 2885, 3067, 3082, 3141, 3154, 3214, 3227, 3289, 3304, 3361, 3376, 3436, 3450, 3503, 3522, 3577, 3589, 3647, 3661, 3720, 3737, 3875, 3899, 3928, 3953, 4107, 4109, 4114, 4137, 4139, 4144, 4168, 4170, 4175, 4197, 4199, 4204, 5238, 5241, 5242, 5250, 5254, 5259, 5265, 5272, 5275, 5276, 5284, 5288, 5293, 5299, 5306, 5309, 5310, 5318, 5322, 5327, 5333, 5340, 5343, 5344, 5352, 5356, 5361, 5367, 5374, 5377, 5378, 5386, 5390, 5395, 5401, 5433, 5463, 5493, 5523, 5553, 5762, 5765, 5768, 5771, 5774, 6214, 6217, 6218, 6221, 6227, 7928, 7936, 8023, 8038, 8053, 8067]@{}
http://www.sci.hkbu.edu.hk/eng/page/eng/about-us/faculty-advisory-committee@[858, 860, 873, 2402, 2411, 2420, 2429, 2438, 2571, 2601, 2630, 2659, 2688, 2807, 2831, 2860, 2885, 3067, 3082, 3141, 3154, 3214, 3227, 3289, 3304, 3361, 3376, 3436, 3450, 3503, 3522, 3577, 3589, 3647, 3661, 3720, 3737, 3875, 3899, 3928, 3953, 4107, 4109, 4114, 4137, 4139, 4144, 4168, 4170, 4175, 4197, 4199, 4204, 5238, 5241, 5242, 5250, 5254, 5259, 5265, 5272, 5275, 5276, 5284, 5288, 5293, 5299, 5306, 5309, 5310, 5318, 5322, 5327, 5333, 5340, 5343, 5344, 5352, 5356, 5361, 5367, 5374, 5377, 5378, 5386, 5390, 5395, 5401, 5433, 5463, 5493, 5523, 5553, 5762, 5765, 5768, 5771, 5774, 6214, 6217, 6218, 6221, 6227, 7928, 7936, 8023, 8038, 8053, 8067]@{}
http://www.sci.hkbu.edu.hk/eng@[858, 860, 873, 2402, 2411, 2420, 2429, 2438, 2571, 2601, 2630, 2659, 2688, 2807, 2831, 2860, 2885, 3067, 3082, 3141, 3154, 3214, 3227, 3289, 3304, 3361, 3376, 3436, 3450, 3503, 3522, 3577, 3589, 3647, 3661, 3720, 3737, 3875, 3899, 3928, 3953, 4107, 4109, 4114, 4137, 4139, 4144, 4168, 4170, 4175, 4197, 4199, 4204, 5238, 5241, 5242, 5250, 5254, 5259, 5265, 5272, 5275, 5276, 5284, 5288, 5293, 5299, 5306, 5309, 5310, 5318, 5322, 5327, 5333, 5340, 5343, 5344, 5352, 5356, 5361, 5367, 5374, 5377, 5378, 5386, 5390, 5395, 5401, 5433, 5463, 5493, 5523, 5553, 5762, 5765, 5768, 5771, 5774, 6214, 6217, 6218, 6221, 6227, 7928, 7936, 8023, 8038, 8053, 8067]@{}
http://www.sci.hkbu.edu.hk/eng/about-us/vision-mission@[858, 860, 873, 2627, 2629, 3152, 3160, 3247, 3262, 3277, 3291]@{}
http://www.sci.hkbu.edu.hk/eng/about-us/faculty-advisory-committee@[858, 860, 873, 3906, 3914, 4001, 4016, 4031, 4045]@{}
http://www.sci.hkbu.edu.hk/eng/about-us/vision-mission/eng/page/?page=prospective-students@[858, 860, 873, 2402, 2411, 2420, 2429, 2438, 2571, 2601, 2630, 2659, 2688, 2807, 2831, 2860, 2885, 3067, 3082, 3141, 3154, 3214, 3227, 3289, 3304, 3361, 3376, 3436, 3450, 3503, 3522, 3577, 3589, 3647, 3661, 3720, 3737, 3875, 3899, 3928, 3953, 4107, 4109, 4114, 4137, 4139, 4144, 4168, 4170, 4175, 4197, 4199, 4204, 5238, 5241, 5242, 5250, 5254, 5259, 5265, 5272, 5275, 5276, 5284, 5288, 5293, 5299, 5306, 5309, 5310, 5318, 5322, 5327, 5333, 5340, 5343, 5344, 5352, 5356, 5361, 5367, 5374, 5377, 5378, 5386, 5390, 5395, 5401, 5433, 5463, 5493, 5523, 5553, 5762, 5765, 5768, 5771, 5774, 6214, 6217, 6218, 6221, 6227, 7928, 7936, 8023, 8038, 8053, 8067]@{}
http://www.sci.hkbu.edu.hk/eng/about-us/faculty-advisory-committee/eng/page/?page=prospective-students@[858, 860, 873, 2402, 2411, 2420, 2429, 2438, 2571, 2601, 2630, 2659, 2688, 2807, 2831, 2860, 2885, 3067, 3082, 3141, 3154, 3214, 3227, 3289, 3304, 3361, 3376, 3436, 3450, 3503, 3522, 3577, 3589, 3647, 3661, 3720, 3737, 3875, 3899, 3928, 3953, 4107, 4109, 4114, 4137, 4139, 4144, 4168, 4170, 4175, 4197, 4199, 4204, 5238, 5241, 5242, 5250, 5254, 5259, 5265, 5272, 5275, 5276, 5284, 5288, 5293, 5299, 5306, 5309, 5310, 5318, 5322, 5327, 5333, 5340, 5343, 5344, 5352, 5356, 5361, 5367, 5374, 5377, 5378, 5386, 5390, 5395, 5401, 5433, 5463, 5493, 5523, 5553, 5762, 5765, 5768, 5771, 5774, 6214, 6217, 6218, 6221, 6227, 7928, 7936, 8023, 8038, 8053, 8067]@{}
http://www.sci.hkbu.edu.hk/eng/about-us/distinguished-professorship@[858, 860, 873, 2797, 2805, 2892, 2907, 2922, 2936]@{}
