https://iss.hkbu.edu.hk/buam/buam2/change_pwd/index.seam@[31]@[31]
https://www.comp.hkbu.edu.hk/v1/?page=whats_new@[638, 644, 655, 1204, 1221, 1239, 1253, 1263, 1275]@[638, 644, 655, 1204, 1221, 1239, 1253, 1263, 1275]
https://www.comp.hkbu.edu.hk/v1/?page=admin@[241, 245]@[241, 245]
https://aao.hkbu.edu.hk/en/contact/index.php@[70]@[70]
https://www.comp.hkbu.edu.hk/v1/?page=news@[638, 644, 655, 1204, 1221, 1239, 1253, 1263, 1275]@[638, 644, 655, 1204, 1221, 1239, 1253, 1263, 1275]
https://www.comp.hkbu.edu.hk/v1/?page=events@[308, 767, 778, 785, 809, 819, 830, 1481, 1490, 1504, 1520, 1537, 1545, 2060, 2072, 2085, 2100, 2633, 3266, 3287, 3301, 3306, 3849, 3855, 4457, 4466, 5092, 5106, 5117, 5561, 5572, 5587, 6092, 6102, 6589, 6599, 6609, 6614, 7130, 7145, 7156, 7174, 7631, 7639, 7645, 7656]@[308, 767, 778, 785, 809, 819, 830, 1481, 1490, 1504, 1520, 1537, 1545, 2060, 2072, 2085, 2100, 2633, 3266, 3287, 3301, 3306, 3849, 3855, 4457, 4466, 5092, 5106, 5117, 5561, 5572, 5587, 6092, 6102, 6589, 6599, 6609, 6614, 7130, 7145, 7156, 7174, 7631, 7639, 7645, 7656]
https://www.comp.hkbu.edu.hk/v1/?page=seminars@[410, 446]@[410, 446]
https://www.comp.hkbu.edu.hk/v1/?page=driving_direction@[109]@[109]
https://policies.google.com/terms@[1167, 1708, 1893, 1910, 1967, 2133, 2231, 2401, 2418, 3460, 3537, 3547, 3788, 3888]@[1167, 1708, 1893, 1910, 1967, 2133, 2231, 2401, 2418, 3460, 3537, 3547, 3788, 3888]
https://policies.google.com/privacy@[895, 967, 1178, 1195, 1505, 1524, 1625, 1719, 1758, 1784, 1951, 2008, 2043, 2745, 2818, 2861, 2991, 3213, 3495, 3788, 3862, 4050, 4530, 4561, 4620, 4966, 5036, 5323, 5394, 5409, 5445, 5458, 5850, 5979, 6003, 6063, 6076, 6387, 6424, 6480, 6558, 6578, 6586, 6595, 6631, 6768, 6980, 7030, 7372, 7444, 7549, 7584]@[895, 967, 1178, 1195, 1505, 1524, 1625, 1719, 1758, 1784, 1951, 2008, 2043, 2745, 2818, 2861, 2991, 3213, 3495, 3788, 3862, 4050, 4530, 4561, 4620, 4966, 5036, 5323, 5394, 5409, 5445, 5458, 5850, 5979, 6003, 6063, 6076, 6387, 6424, 6480, 6558, 6578, 6586, 6595, 6631, 6768, 6980, 7030, 7372, 7444, 7549, 7584]
https://itunes.apple.com/app/google-search/id284815942?mt=8@[442, 1062]@[442, 1062]
