http://www.comp.hkbu.edu.hk/~alumni/news/../news/@[793, 864, 935, 1082, 1135, 1226, 1306, 1380, 1434, 1509, 1563, 1641, 1701, 1775, 1830, 1887, 1943, 2001, 2077, 2159, 2219, 2295, 2347, 2433, 2489, 2565, 2621, 2679, 2763, 2842, 2926, 3030, 3151, 3231, 3318, 3406, 3513, 3598, 3681, 3775, 3873, 3988, 4092, 4207, 4331, 4423, 4513, 4575, 4640, 4707, 4786, 4870, 4951]@{}
http://www.comp.hkbu.edu.hk/~alumni/news/../news/../news/@[793, 864, 935, 1082, 1135, 1226, 1306, 1380, 1434, 1509, 1563, 1641, 1701, 1775, 1830, 1887, 1943, 2001, 2077, 2159, 2219, 2295, 2347, 2433, 2489, 2565, 2621, 2679, 2763, 2842, 2926, 3030, 3151, 3231, 3318, 3406, 3513, 3598, 3681, 3775, 3873, 3988, 4092, 4207, 4331, 4423, 4513, 4575, 4640, 4707, 4786, 4870, 4951]@{}
http://www.comp.hkbu.edu.hk/~alumni/news/../scholarship/../news/@[793, 864, 935, 1082, 1135, 1226, 1306, 1380, 1434, 1509, 1563, 1641, 1701, 1775, 1830, 1887, 1943, 2001, 2077, 2159, 2219, 2295, 2347, 2433, 2489, 2565, 2621, 2679, 2763, 2842, 2926, 3030, 3151, 3231, 3318, 3406, 3513, 3598, 3681, 3775, 3873, 3988, 4092, 4207, 4331, 4423, 4513, 4575, 4640, 4707, 4786, 4870, 4951]@{}
http://www.comp.hkbu.edu.hk/~alumni/news/../donation/../news/@[793, 864, 935, 1082, 1135, 1226, 1306, 1380, 1434, 1509, 1563, 1641, 1701, 1775, 1830, 1887, 1943, 2001, 2077, 2159, 2219, 2295, 2347, 2433, 2489, 2565, 2621, 2679, 2763, 2842, 2926, 3030, 3151, 3231, 3318, 3406, 3513, 3598, 3681, 3775, 3873, 3988, 4092, 4207, 4331, 4423, 4513, 4575, 4640, 4707, 4786, 4870, 4951]@{}
http://www.comp.hkbu.edu.hk/~alumni/news/../news/../news/../news/@[793, 864, 935, 1082, 1135, 1226, 1306, 1380, 1434, 1509, 1563, 1641, 1701, 1775, 1830, 1887, 1943, 2001, 2077, 2159, 2219, 2295, 2347, 2433, 2489, 2565, 2621, 2679, 2763, 2842, 2926, 3030, 3151, 3231, 3318, 3406, 3513, 3598, 3681, 3775, 3873, 3988, 4092, 4207, 4331, 4423, 4513, 4575, 4640, 4707, 4786, 4870, 4951]@{}
http://www.comp.hkbu.edu.hk/~alumni/news/../scholarship/../news/../news/@[793, 864, 935, 1082, 1135, 1226, 1306, 1380, 1434, 1509, 1563, 1641, 1701, 1775, 1830, 1887, 1943, 2001, 2077, 2159, 2219, 2295, 2347, 2433, 2489, 2565, 2621, 2679, 2763, 2842, 2926, 3030, 3151, 3231, 3318, 3406, 3513, 3598, 3681, 3775, 3873, 3988, 4092, 4207, 4331, 4423, 4513, 4575, 4640, 4707, 4786, 4870, 4951]@{}
http://www.comp.hkbu.edu.hk/~alumni/news/../donation/../news/../news/@[793, 864, 935, 1082, 1135, 1226, 1306, 1380, 1434, 1509, 1563, 1641, 1701, 1775, 1830, 1887, 1943, 2001, 2077, 2159, 2219, 2295, 2347, 2433, 2489, 2565, 2621, 2679, 2763, 2842, 2926, 3030, 3151, 3231, 3318, 3406, 3513, 3598, 3681, 3775, 3873, 3988, 4092, 4207, 4331, 4423, 4513, 4575, 4640, 4707, 4786, 4870, 4951]@{}
http://www.comp.hkbu.edu.hk/~alumni/news/../news/../news/../news/../news/@[793, 864, 935, 1082, 1135, 1226, 1306, 1380, 1434, 1509, 1563, 1641, 1701, 1775, 1830, 1887, 1943, 2001, 2077, 2159, 2219, 2295, 2347, 2433, 2489, 2565, 2621, 2679, 2763, 2842, 2926, 3030, 3151, 3231, 3318, 3406, 3513, 3598, 3681, 3775, 3873, 3988, 4092, 4207, 4331, 4423, 4513, 4575, 4640, 4707, 4786, 4870, 4951]@{}
http://www.comp.hkbu.edu.hk/~alumni/news/../scholarship/../news/../news/../news/@[793, 864, 935, 1082, 1135, 1226, 1306, 1380, 1434, 1509, 1563, 1641, 1701, 1775, 1830, 1887, 1943, 2001, 2077, 2159, 2219, 2295, 2347, 2433, 2489, 2565, 2621, 2679, 2763, 2842, 2926, 3030, 3151, 3231, 3318, 3406, 3513, 3598, 3681, 3775, 3873, 3988, 4092, 4207, 4331, 4423, 4513, 4575, 4640, 4707, 4786, 4870, 4951]@{}
http://www.comp.hkbu.edu.hk/~alumni/news/../donation/../news/../news/../news/@[793, 864, 935, 1082, 1135, 1226, 1306, 1380, 1434, 1509, 1563, 1641, 1701, 1775, 1830, 1887, 1943, 2001, 2077, 2159, 2219, 2295, 2347, 2433, 2489, 2565, 2621, 2679, 2763, 2842, 2926, 3030, 3151, 3231, 3318, 3406, 3513, 3598, 3681, 3775, 3873, 3988, 4092, 4207, 4331, 4423, 4513, 4575, 4640, 4707, 4786, 4870, 4951]@{}
http://www.comp.hkbu.edu.hk/~alumni/news/../news/../news/../news/../news/../news/@[793, 864, 935, 1082, 1135, 1226, 1306, 1380, 1434, 1509, 1563, 1641, 1701, 1775, 1830, 1887, 1943, 2001, 2077, 2159, 2219, 2295, 2347, 2433, 2489, 2565, 2621, 2679, 2763, 2842, 2926, 3030, 3151, 3231, 3318, 3406, 3513, 3598, 3681, 3775, 3873, 3988, 4092, 4207, 4331, 4423, 4513, 4575, 4640, 4707, 4786, 4870, 4951]@{}
http://www.comp.hkbu.edu.hk/~alumni/news/../scholarship/../news/../news/../news/../news/@[793, 864, 935, 1082, 1135, 1226, 1306, 1380, 1434, 1509, 1563, 1641, 1701, 1775, 1830, 1887, 1943, 2001, 2077, 2159, 2219, 2295, 2347, 2433, 2489, 2565, 2621, 2679, 2763, 2842, 2926, 3030, 3151, 3231, 3318, 3406, 3513, 3598, 3681, 3775, 3873, 3988, 4092, 4207, 4331, 4423, 4513, 4575, 4640, 4707, 4786, 4870, 4951]@{}
http://www.comp.hkbu.edu.hk/~alumni/news/../donation/../news/../news/../news/../news/@[793, 864, 935, 1082, 1135, 1226, 1306, 1380, 1434, 1509, 1563, 1641, 1701, 1775, 1830, 1887, 1943, 2001, 2077, 2159, 2219, 2295, 2347, 2433, 2489, 2565, 2621, 2679, 2763, 2842, 2926, 3030, 3151, 3231, 3318, 3406, 3513, 3598, 3681, 3775, 3873, 3988, 4092, 4207, 4331, 4423, 4513, 4575, 4640, 4707, 4786, 4870, 4951]@{}
http://www.comp.hkbu.edu.hk/~alumni/news/../news/../news/../news/../news/../news/../news/@[793, 864, 935, 1082, 1135, 1226, 1306, 1380, 1434, 1509, 1563, 1641, 1701, 1775, 1830, 1887, 1943, 2001, 2077, 2159, 2219, 2295, 2347, 2433, 2489, 2565, 2621, 2679, 2763, 2842, 2926, 3030, 3151, 3231, 3318, 3406, 3513, 3598, 3681, 3775, 3873, 3988, 4092, 4207, 4331, 4423, 4513, 4575, 4640, 4707, 4786, 4870, 4951]@{}
http://www.comp.hkbu.edu.hk/~alumni/news/../scholarship/../news/../news/../news/../news/../news/@[793, 864, 935, 1082, 1135, 1226, 1306, 1380, 1434, 1509, 1563, 1641, 1701, 1775, 1830, 1887, 1943, 2001, 2077, 2159, 2219, 2295, 2347, 2433, 2489, 2565, 2621, 2679, 2763, 2842, 2926, 3030, 3151, 3231, 3318, 3406, 3513, 3598, 3681, 3775, 3873, 3988, 4092, 4207, 4331, 4423, 4513, 4575, 4640, 4707, 4786, 4870, 4951]@{}
http://www.comp.hkbu.edu.hk/~alumni/news/../donation/../news/../news/../news/../news/../news/@[793, 864, 935, 1082, 1135, 1226, 1306, 1380, 1434, 1509, 1563, 1641, 1701, 1775, 1830, 1887, 1943, 2001, 2077, 2159, 2219, 2295, 2347, 2433, 2489, 2565, 2621, 2679, 2763, 2842, 2926, 3030, 3151, 3231, 3318, 3406, 3513, 3598, 3681, 3775, 3873, 3988, 4092, 4207, 4331, 4423, 4513, 4575, 4640, 4707, 4786, 4870, 4951]@{}
http://www.comp.hkbu.edu.hk/~alumni/news/../news/../news/../news/../news/../news/../news/../news/@[793, 864, 935, 1082, 1135, 1226, 1306, 1380, 1434, 1509, 1563, 1641, 1701, 1775, 1830, 1887, 1943, 2001, 2077, 2159, 2219, 2295, 2347, 2433, 2489, 2565, 2621, 2679, 2763, 2842, 2926, 3030, 3151, 3231, 3318, 3406, 3513, 3598, 3681, 3775, 3873, 3988, 4092, 4207, 4331, 4423, 4513, 4575, 4640, 4707, 4786, 4870, 4951]@{}
http://www.comp.hkbu.edu.hk/~alumni/news/../scholarship/../news/../news/../news/../news/../news/../news/@[793, 864, 935, 1082, 1135, 1226, 1306, 1380, 1434, 1509, 1563, 1641, 1701, 1775, 1830, 1887, 1943, 2001, 2077, 2159, 2219, 2295, 2347, 2433, 2489, 2565, 2621, 2679, 2763, 2842, 2926, 3030, 3151, 3231, 3318, 3406, 3513, 3598, 3681, 3775, 3873, 3988, 4092, 4207, 4331, 4423, 4513, 4575, 4640, 4707, 4786, 4870, 4951]@{}
http://www.comp.hkbu.edu.hk/~alumni/news/../donation/../news/../news/../news/../news/../news/../news/@[793, 864, 935, 1082, 1135, 1226, 1306, 1380, 1434, 1509, 1563, 1641, 1701, 1775, 1830, 1887, 1943, 2001, 2077, 2159, 2219, 2295, 2347, 2433, 2489, 2565, 2621, 2679, 2763, 2842, 2926, 3030, 3151, 3231, 3318, 3406, 3513, 3598, 3681, 3775, 3873, 3988, 4092, 4207, 4331, 4423, 4513, 4575, 4640, 4707, 4786, 4870, 4951]@{}
http://www.comp.hkbu.edu.hk/~alumni/news/../news/../news/../news/../news/../news/../news/../news/../news/@[793, 864, 935, 1082, 1135, 1226, 1306, 1380, 1434, 1509, 1563, 1641, 1701, 1775, 1830, 1887, 1943, 2001, 2077, 2159, 2219, 2295, 2347, 2433, 2489, 2565, 2621, 2679, 2763, 2842, 2926, 3030, 3151, 3231, 3318, 3406, 3513, 3598, 3681, 3775, 3873, 3988, 4092, 4207, 4331, 4423, 4513, 4575, 4640, 4707, 4786, 4870, 4951]@{}
http://www.comp.hkbu.edu.hk/~alumni/news/../scholarship/../news/../news/../news/../news/../news/../news/../news/@[793, 864, 935, 1082, 1135, 1226, 1306, 1380, 1434, 1509, 1563, 1641, 1701, 1775, 1830, 1887, 1943, 2001, 2077, 2159, 2219, 2295, 2347, 2433, 2489, 2565, 2621, 2679, 2763, 2842, 2926, 3030, 3151, 3231, 3318, 3406, 3513, 3598, 3681, 3775, 3873, 3988, 4092, 4207, 4331, 4423, 4513, 4575, 4640, 4707, 4786, 4870, 4951]@{}
http://www.comp.hkbu.edu.hk/~alumni/news/../donation/../news/../news/../news/../news/../news/../news/../news/@[793, 864, 935, 1082, 1135, 1226, 1306, 1380, 1434, 1509, 1563, 1641, 1701, 1775, 1830, 1887, 1943, 2001, 2077, 2159, 2219, 2295, 2347, 2433, 2489, 2565, 2621, 2679, 2763, 2842, 2926, 3030, 3151, 3231, 3318, 3406, 3513, 3598, 3681, 3775, 3873, 3988, 4092, 4207, 4331, 4423, 4513, 4575, 4640, 4707, 4786, 4870, 4951]@{}
http://www.comp.hkbu.edu.hk/~alumni/news/@[793, 864, 935, 1082, 1135, 1226, 1306, 1380, 1434, 1509, 1563, 1641, 1701, 1775, 1830, 1887, 1943, 2001, 2077, 2159, 2219, 2295, 2347, 2433, 2489, 2565, 2621, 2679, 2763, 2842, 2926, 3030, 3151, 3231, 3318, 3406, 3513, 3598, 3681, 3775, 3873, 3988, 4092, 4207, 4331, 4423, 4513, 4575, 4640, 4707, 4786, 4870, 4951]@{}
