http://www.comp.hkbu.edu.hk@[195, 209]@[195, 209]
https://www.comp.hkbu.edu.hk/v1/?page=sitemap@[374, 390, 406, 419]@[374, 390, 406, 419]
https://www.comp.hkbu.edu.hk/v1/?page=home@[182, 201, 215]@[182, 201, 215]
https://iss.hkbu.edu.hk/buam/buam2/reset_pwd/verify_acct.seam@[45]@[45]
https://iss.hkbu.edu.hk/buam/buam2/change_pwd/index.seam@[91]@[91]
https://www.comp.hkbu.edu.hk/v1/?page=head@[186, 215]@[186, 215]
https://www.comp.hkbu.edu.hk/v1/?page=whats_new@[307, 323, 372, 607, 717, 742, 851, 1232, 1331, 1383, 1601, 1744, 1968, 2251, 2648, 3313, 3378, 3540, 3550, 3780, 4003]@[307, 323, 372, 607, 717, 742, 851, 1232, 1331, 1383, 1601, 1744, 1968, 2251, 2648, 3313, 3378, 3540, 3550, 3780, 4003]
https://iss.hkbu.edu.hk/buam/buam2/reset_pwd_alumni/verify_acct.seam@[82]@[82]
https://www.comp.hkbu.edu.hk/v1/?page=video_introduction@[135]@[135]
https://aao.hkbu.edu.hk/en/contact/index.php@[72, 76]@[72, 76]
https://iss.hkbu.edu.hk/buam/buam2/activation/index.seam@[7]@[7]
https://www.comp.hkbu.edu.hk/v1/?page=research_areas@[150]@[150]
https://www.comp.hkbu.edu.hk/v1/?page=centres@[206, 317, 397]@[206, 317, 397]
https://www.comp.hkbu.edu.hk/v1/?page=funded_projects@[245, 338, 379, 386, 494, 548, 740, 792, 816, 1272, 1608, 1630, 1927, 1947, 2059, 2300, 2353, 2392, 2445, 2452, 2792, 2828, 2842, 3001, 3066, 3243, 3362, 3404, 3409, 3452, 3528, 3650, 3707, 3922]@[245, 338, 379, 386, 494, 548, 740, 792, 816, 1272, 1608, 1630, 1927, 1947, 2059, 2300, 2353, 2392, 2445, 2452, 2792, 2828, 2842, 3001, 3066, 3243, 3362, 3404, 3409, 3452, 3528, 3650, 3707, 3922]
https://www.comp.hkbu.edu.hk/v1/?page=journal_editorship@[122, 175, 184, 193, 208]@[122, 175, 184, 193, 208]
https://www.comp.hkbu.edu.hk/v1/?pid=32@[113, 133, 149, 167, 184, 205, 221, 241, 265, 282, 298, 314, 335, 354, 370, 406, 426, 441]@[113, 133, 149, 167, 184, 205, 221, 241, 265, 282, 298, 314, 335, 354, 370, 406, 426, 441]
https://www.comp.hkbu.edu.hk/v1/?page=current_stud_ug@[195, 211, 227, 240]@[195, 211, 227, 240]
https://www.comp.hkbu.edu.hk@[185, 199]@[185, 199]
https://www.comp.hkbu.edu.hk/v1/?page=facilities_research@[194]@[194]
https://www.comp.hkbu.edu.hk/v1/?page=news@[307, 323, 372, 607, 717, 742, 851, 1232, 1331, 1383, 1601, 1744, 1968, 2251, 2648, 3313, 3378, 3540, 3550, 3780, 4003]@[307, 323, 372, 607, 717, 742, 851, 1232, 1331, 1383, 1601, 1744, 1968, 2251, 2648, 3313, 3378, 3540, 3550, 3780, 4003]
https://www.comp.hkbu.edu.hk/v1/?page=events@[147, 160, 205, 354, 399, 405, 438, 617, 737, 748, 800, 857, 895, 1032, 1064, 1078, 1107, 1291, 1345, 1388, 1464, 1494, 1645, 1724, 2050, 2075, 2290, 2324, 2333, 2371, 2622, 2751, 2805, 2902, 2972, 2998, 3080, 3273, 3346, 3435, 3594, 3689, 3761, 3777, 3824, 4046, 4131, 4156, 4224, 4240, 4293, 4363, 4406, 4474, 4641, 4647, 4761, 4807, 4836, 5227, 5261, 5325, 5345, 5368, 5375, 5565, 5614, 5647, 5650, 5794, 5910, 5918, 6055, 6099, 6283, 6428, 6557, 6953, 6973, 6985, 7454, 7799, 7814, 7828, 7855, 7876, 7898, 7915, 7953, 7965, 7977, 7992, 8049, 8067, 8084, 8144, 8239, 8257, 8280]@[147, 160, 205, 354, 399, 405, 438, 617, 737, 748, 800, 857, 895, 1032, 1064, 1078, 1107, 1291, 1345, 1388, 1464, 1494, 1645, 1724, 2050, 2075, 2290, 2324, 2333, 2371, 2622, 2751, 2805, 2902, 2972, 2998, 3080, 3273, 3346, 3435, 3594, 3689, 3761, 3777, 3824, 4046, 4131, 4156, 4224, 4240, 4293, 4363, 4406, 4474, 4641, 4647, 4761, 4807, 4836, 5227, 5261, 5325, 5345, 5368, 5375, 5565, 5614, 5647, 5650, 5794, 5910, 5918, 6055, 6099, 6283, 6428, 6557, 6953, 6973, 6985, 7454, 7799, 7814, 7828, 7855, 7876, 7898, 7915, 7953, 7965, 7977, 7992, 8049, 8067, 8084, 8144, 8239, 8257, 8280]
https://www.comp.hkbu.edu.hk/v1/?pid=14@[135]@[135]
https://www.comp.hkbu.edu.hk/v1/?page=highlights@[197, 229, 274, 353, 398, 416, 484, 679, 692, 838, 1000, 1495, 1676, 1734, 1834, 1881]@[197, 229, 274, 353, 398, 416, 484, 679, 692, 838, 1000, 1495, 1676, 1734, 1834, 1881]
https://www.comp.hkbu.edu.hk/outreach@[35, 55, 85]@[35, 55, 85]
https://www.comp.hkbu.edu.hk/v1/?page=career_wt@[153, 221]@[153, 221]
https://www.comp.hkbu.edu.hk/v1/?page=dlecture@[89, 166, 244, 353, 430, 450, 782, 863, 1330, 1594, 1812, 1903, 1932, 2023, 2077, 2133, 2228, 2246, 2368, 2392, 2441, 2476, 2666, 2671, 2723, 3166, 3204, 3234, 3345, 3354, 3370, 3481, 3545, 3602, 3619, 3872, 3927, 3935, 3963, 4287, 4611, 4673, 4750, 4828, 4871]@[89, 166, 244, 353, 430, 450, 782, 863, 1330, 1594, 1812, 1903, 1932, 2023, 2077, 2133, 2228, 2246, 2368, 2392, 2441, 2476, 2666, 2671, 2723, 3166, 3204, 3234, 3345, 3354, 3370, 3481, 3545, 3602, 3619, 3872, 3927, 3935, 3963, 4287, 4611, 4673, 4750, 4828, 4871]
https://www.comp.hkbu.edu.hk/v1/?page=conferences@[113, 133, 149, 167, 184, 205, 221, 241, 265, 282, 298, 314, 335, 354, 370, 406, 426, 441]@[113, 133, 149, 167, 184, 205, 221, 241, 265, 282, 298, 314, 335, 354, 370, 406, 426, 441]
https://forms.gle/DjStXN8kEpUVwTW38@[16]@[]
https://www.hkstp.org/en/about-us/event-and-activities/hong-kong-science-park-career-expo-2020-18-april-2020@[150, 199, 376, 384, 523, 650]@[150, 199, 376, 384, 523, 650]
https://www.comp.hkbu.edu.hk/v1/?file=1431@[4042, 6164, 6215, 6292, 6343, 6420, 6520, 6631, 6670, 6723, 6762, 6815, 6891]@[]
https://www.comp.hkbu.edu.hk/v1/?pid=124@[364]@[364]
https://policies.google.com/terms@[460, 1033, 1368, 1401, 1850, 1873, 1969, 2457, 3812, 3910]@[460, 1033, 1368, 1401, 1850, 1873, 1969, 2457, 3812, 3910]
https://policies.google.com/privacy@[338, 490, 676, 795, 931, 1102, 1118, 1131, 1243, 1491, 1501, 1512, 1567, 1978, 1988, 1997, 2003, 2250, 2290, 2293, 2325, 2526, 2529, 2587, 2728, 2761, 2798, 2841, 2869, 3079, 3619, 3865, 3991, 4197, 4408, 4452, 4812, 5028, 5274, 5290, 5309, 5391, 5452, 5581, 5706, 5787, 5834, 5929, 6054, 6203, 6214, 6430, 6637, 6645, 6686, 6795, 6887, 6974, 7002, 7207, 7252, 7340, 7430, 7466, 7473, 7559]@[338, 490, 676, 795, 931, 1102, 1118, 1131, 1243, 1491, 1501, 1512, 1567, 1978, 1988, 1997, 2003, 2250, 2290, 2293, 2325, 2526, 2529, 2587, 2728, 2761, 2798, 2841, 2869, 3079, 3619, 3865, 3991, 4197, 4408, 4452, 4812, 5028, 5274, 5290, 5309, 5391, 5452, 5581, 5706, 5787, 5834, 5929, 6054, 6203, 6214, 6430, 6637, 6645, 6686, 6795, 6887, 6974, 7002, 7207, 7252, 7340, 7430, 7466, 7473, 7559]
https://www.hkstp.org/en@[146, 195, 372, 380, 781, 830, 886, 1013]@[146, 195, 372, 380, 781, 830, 886, 1013]
https://www.hkstp.org@[146, 195, 372, 380, 781, 830, 886, 1013]@[146, 195, 372, 380, 781, 830, 886, 1013]
https://www.hkstp.org/en/about-us/who-we-are@[152, 201, 378, 386, 949, 1152, 1272, 1399]@[152, 201, 378, 386, 949, 1152, 1272, 1399]
https://www.hkstp.org/about-us/who-we-are@[152, 201, 378, 386, 949, 1152, 1272, 1399]@[152, 201, 378, 386, 949, 1152, 1272, 1399]
https://news.google.com/?tab=wn@[277, 294, 407, 488, 502, 549, 707, 835, 899, 1019, 1239, 1333, 1390, 1782, 1836, 1923, 1930, 1934, 1941]@[277, 294, 407, 488, 502, 549, 707, 835, 899, 1019, 1239, 1333, 1390, 1782, 1836, 1923, 1930, 1934, 1941]
https://www.hkstp.org/en/about-us/our-milestones@[151, 200, 377, 385, 576, 603, 874, 1001]@[151, 200, 377, 385, 576, 603, 874, 1001]
https://www.hkstp.org/en/about-us/our-footprint@[151, 200, 377, 385, 1051]@[151, 200, 377, 385, 1051]
https://www.hkstp.org/about-us/our-milestones@[151, 200, 377, 385, 576, 603, 874, 1001]@[151, 200, 377, 385, 576, 603, 874, 1001]
https://news.google.com/?tab=nn@[299, 316, 406, 426, 446, 793, 796, 891, 944, 1211, 1398, 1492, 1549, 1718, 1918, 1972, 2059, 2066, 2070, 2077]@[299, 316, 406, 426, 446, 793, 796, 891, 944, 1211, 1398, 1492, 1549, 1718, 1918, 1972, 2059, 2066, 2070, 2077]
https://itunes.apple.com/app/google-search/id284815942?mt=8@[1, 39, 136, 165, 269, 322, 336, 474, 491, 500, 520, 646]@[39, 136, 165, 269, 322, 336, 474, 491, 500, 520, 646]
https://play.google.com/store/apps/details?id=com.google.android.googlequicksearchbox@[2, 263, 290, 329, 611]@[263, 290, 329, 611]
