http://www.comp.hkbu.edu.hk@[335, 375, 493, 1964, 5081, 5830, 5847, 5855, 6100]@{}
http://www.comp.hkbu.edu.hk/v1/?page=sci@[637, 949, 2767, 2784, 2908, 2924, 2944, 2960, 2987, 2998, 3835, 3852, 3976, 3992, 4012, 4028, 4055, 4066, 4517, 4607, 5993, 6257, 6262, 6267, 6284, 6289, 6336, 6345, 6354, 6362, 6398, 6404, 6408, 6416, 6421, 6426, 6547, 6554, 6559, 6564, 6633, 6646, 6738, 6774, 6812, 6815, 6818, 6848, 6889, 6892, 6895, 6909, 6946, 6983, 6986, 6989, 7003, 7036, 7076, 7079, 7082, 7099, 7137, 7204, 7208, 7212, 7216, 7336, 7340, 7347, 7373, 7392, 7401, 7414, 7420, 7429, 7434, 7438, 7442, 7447, 7470, 7489, 7503, 7536, 7564, 7586, 7596, 7628, 7632, 7635, 7641, 7647, 7651, 7656, 7694, 7701, 7709, 7716, 7719, 7722, 7725, 7730, 7735, 7740, 7745, 7750, 7755, 7766, 7776]@{}
http://www.comp.hkbu.edu.hk/v1/?page=job_vacancies?=tc@[335, 375, 493, 1964, 5077, 5826, 5843, 5851, 6096]@{}
http://www.comp.hkbu.edu.hk/v1/?page=job_vacancies?=sc@[335, 375, 493, 1964, 5077, 5826, 5843, 5851, 6096]@{}
http://www.comp.hkbu.edu.hk/v1/?page=sitemap?=tc@[335, 375, 493, 1964, 5073, 5822, 5839, 5847, 6092]@{}
http://www.comp.hkbu.edu.hk/v1/?page=sitemap?=sc@[335, 375, 493, 1964, 5072, 5821, 5838, 5846, 6091]@{}
http://www.comp.hkbu.edu.hk/v1/?lang=sc@[335, 375, 493, 1964, 5068, 5817, 5834, 5842, 6087]@{}
http://www.comp.hkbu.edu.hk/v1/?page=job_vacancies?=tc?=tc@[335, 375, 493, 1964, 5074, 5823, 5840, 5848, 6093]@{}
http://www.comp.hkbu.edu.hk/v1/?page=job_vacancies?=sc?=tc@[335, 375, 493, 1964, 5084, 5833, 5850, 5858, 6103]@{}
http://www.comp.hkbu.edu.hk/v1/?page=sitemap?=tc?=tc@[335, 375, 493, 1964, 5074, 5823, 5840, 5848, 6093]@{}
http://www.comp.hkbu.edu.hk/v1/?page=sitemap?=sc?=tc@[335, 375, 493, 1964, 5088, 5837, 5854, 5862, 6107]@{}
http://www.comp.hkbu.edu.hk/v1/?page=home@[335, 375, 493, 1964, 5066, 5815, 5832, 5840, 6085]@{}
http://www.comp.hkbu.edu.hk/v1/?page=job_vacancies?=tc?=tc?=tc@[335, 375, 493, 1964, 5088, 5837, 5854, 5862, 6107]@{}
http://www.comp.hkbu.edu.hk/v1/?page=job_vacancies?=sc?=tc?=tc@[335, 375, 493, 1964, 5072, 5821, 5838, 5846, 6091]@{}
http://www.comp.hkbu.edu.hk/v1/?page=sitemap?=tc?=tc?=tc@[335, 375, 493, 1964, 5078, 5827, 5844, 5852, 6097]@{}
http://www.comp.hkbu.edu.hk/v1/?page=sitemap?=sc?=tc?=tc@[335, 375, 493, 1964, 5081, 5830, 5847, 5855, 6100]@{}
http://www.comp.hkbu.edu.hk/v1/?page=home?=tc@[335, 375, 493, 1964, 5076, 5825, 5842, 5850, 6095]@{}
http://www.comp.hkbu.edu.hk/v1/?page=job_vacancies?=tc?=tc?=tc?=tc@[335, 375, 493, 1964, 5089, 5838, 5855, 5863, 6108]@{}
http://www.comp.hkbu.edu.hk/v1/?page=job_vacancies?=sc?=tc?=tc?=tc@[335, 375, 493, 1964, 5090, 5839, 5856, 5864, 6109]@{}
http://www.comp.hkbu.edu.hk/v1/?page=sitemap?=tc?=tc?=tc?=tc@[335, 375, 493, 1964, 5078, 5827, 5844, 5852, 6097]@{}
http://www.comp.hkbu.edu.hk/v1/?page=sitemap?=sc?=tc?=tc?=tc@[335, 375, 493, 1964, 5089, 5838, 5855, 5863, 6108]@{}
http://www.comp.hkbu.edu.hk/v1/?page=home?=tc?=tc@[335, 375, 493, 1964, 5078, 5827, 5844, 5852, 6097]@{}
http://www.comp.hkbu.edu.hk/v1/?page=job_vacancies?=tc?=tc?=tc?=tc?=tc@[335, 375, 493, 1964, 5092, 5841, 5858, 5866, 6111]@{}
http://www.comp.hkbu.edu.hk/v1/?page=job_vacancies?=sc?=tc?=tc?=tc?=tc@[335, 375, 493, 1964, 5077, 5826, 5843, 5851, 6096]@{}
http://www.comp.hkbu.edu.hk/v1/?page=sitemap?=tc?=tc?=tc?=tc?=tc@[335, 375, 493, 1964, 5085, 5834, 5851, 5859, 6104]@{}
http://www.comp.hkbu.edu.hk/v1/?page=sitemap?=sc?=tc?=tc?=tc?=tc@[335, 375, 493, 1964, 5091, 5840, 5857, 5865, 6110]@{}
http://www.comp.hkbu.edu.hk/v1/?page=home?=tc?=tc?=tc@[335, 375, 493, 1964, 5076, 5825, 5842, 5850, 6095]@{}
http://www.comp.hkbu.edu.hk/v1/?page=job_vacancies@[1512, 4164, 4190]@{}
http://www.comp.hkbu.edu.hk/v1/?page=job_vacancies?=tc?=tc?=tc?=tc?=tc?=tc@[335, 375, 493, 1964, 5080, 5829, 5846, 5854, 6099]@{}
http://www.comp.hkbu.edu.hk/v1/?page=job_vacancies?=sc?=tc?=tc?=tc?=tc?=tc@[335, 375, 493, 1964, 5079, 5828, 5845, 5853, 6098]@{}
http://www.comp.hkbu.edu.hk/v1/?page=sitemap?=tc?=tc?=tc?=tc?=tc?=tc@[335, 375, 493, 1964, 5083, 5832, 5849, 5857, 6102]@{}
http://www.comp.hkbu.edu.hk/v1/?page=sitemap?=sc?=tc?=tc?=tc?=tc?=tc@[335, 375, 493, 1964, 5101, 5850, 5867, 5875, 6120]@{}
http://www.comp.hkbu.edu.hk/v1/?page=home?=tc?=tc?=tc?=tc@[335, 375, 493, 1964, 5082, 5831, 5848, 5856, 6101]@{}
http://www.comp.hkbu.edu.hk/v1/?page=job_vacancies?=tc?=tc?=tc?=tc?=tc?=tc?=tc@[335, 375, 493, 1964, 5084, 5833, 5850, 5858, 6103]@{}
http://www.comp.hkbu.edu.hk/v1/?page=job_vacancies?=sc?=tc?=tc?=tc?=tc?=tc?=tc@[335, 375, 493, 1964, 5081, 5830, 5847, 5855, 6100]@{}
http://www.comp.hkbu.edu.hk/v1/?page=sitemap?=tc?=tc?=tc?=tc?=tc?=tc?=tc@[335, 375, 493, 1964, 5083, 5832, 5849, 5857, 6102]@{}
http://www.comp.hkbu.edu.hk/v1/?page=sitemap?=sc?=tc?=tc?=tc?=tc?=tc?=tc@[335, 375, 493, 1964, 5085, 5834, 5851, 5859, 6104]@{}
http://www.comp.hkbu.edu.hk/v1/?page=home?=tc?=tc?=tc?=tc?=tc@[335, 375, 493, 1964, 5085, 5834, 5851, 5859, 6104]@{}
http://www.comp.hkbu.edu.hk/v1/?page=job_vacancies?=tc?=tc?=tc?=tc?=tc?=tc?=tc?=tc@[335, 375, 493, 1964, 5100, 5849, 5866, 5874, 6119]@{}
http://www.comp.hkbu.edu.hk/v1/?page=job_vacancies?=sc?=tc?=tc?=tc?=tc?=tc?=tc?=tc@[335, 375, 493, 1964, 5084, 5833, 5850, 5858, 6103]@{}
http://www.comp.hkbu.edu.hk/v1/?page=sitemap?=tc?=tc?=tc?=tc?=tc?=tc?=tc?=tc@[335, 375, 493, 1964, 5087, 5836, 5853, 5861, 6106]@{}
http://www.comp.hkbu.edu.hk/v1/?page=sitemap?=sc?=tc?=tc?=tc?=tc?=tc?=tc?=tc@[335, 375, 493, 1964, 5101, 5850, 5867, 5875, 6120]@{}
http://www.comp.hkbu.edu.hk/v1/?page=sitemap@[1510]@{}
http://www.comp.hkbu.edu.hk/v1/?page=home?=tc?=tc?=tc?=tc?=tc?=tc@[335, 375, 493, 1964, 5086, 5835, 5852, 5860, 6105]@{}
http://www.comp.hkbu.edu.hk/v1/?page=job_vacancies?=tc?=tc?=tc?=tc?=tc?=tc?=tc?=tc?=tc@[335, 375, 493, 1964, 5100, 5849, 5866, 5874, 6119]@{}
http://www.comp.hkbu.edu.hk/v1/?page=job_vacancies?=sc?=tc?=tc?=tc?=tc?=tc?=tc?=tc?=tc@[335, 375, 493, 1964, 5099, 5848, 5865, 5873, 6118]@{}
http://www.comp.hkbu.edu.hk/v1/?page=sitemap?=tc?=tc?=tc?=tc?=tc?=tc?=tc?=tc?=tc@[335, 375, 493, 1964, 5084, 5833, 5850, 5858, 6103]@{}
http://www.comp.hkbu.edu.hk/v1/?page=sitemap?=sc?=tc?=tc?=tc?=tc?=tc?=tc?=tc?=tc@[335, 375, 493, 1964, 5102, 5851, 5868, 5876, 6121]@{}
http://www.comp.hkbu.edu.hk/v1/?lang=tc@[335, 375, 493, 1964, 5084, 5833, 5850, 5858, 6103]@{}
http://www.sci.hkbu.edu.hk/eng/page/?page=prospective-students@[637, 949]@{}
http://www.sci.hkbu.edu.hk/eng/page/?page=current-students@[637, 949]@{}
http://www.sci.hkbu.edu.hk/eng/page/@[637, 949]@{}
http://www.sci.hkbu.edu.hk/eng/about-us/honorary-doctorate@[637, 949]@{}
http://www.sci.hkbu.edu.hk/eng/about-us/distinguished-professorship/eng/page/?page=prospective-students@[637, 949, 2767, 2784, 2908, 2924, 2944, 2960, 2987, 2998, 3835, 3852, 3976, 3992, 4012, 4028, 4055, 4066, 4517, 4607, 5993, 6257, 6262, 6267, 6284, 6289, 6336, 6345, 6354, 6362, 6398, 6404, 6408, 6416, 6421, 6426, 6547, 6554, 6559, 6564, 6633, 6646, 6738, 6774, 6812, 6815, 6818, 6848, 6889, 6892, 6895, 6909, 6946, 6983, 6986, 6989, 7003, 7036, 7076, 7079, 7082, 7099, 7137, 7204, 7208, 7212, 7216, 7336, 7340, 7347, 7373, 7392, 7401, 7414, 7420, 7429, 7434, 7438, 7442, 7447, 7470, 7489, 7503, 7536, 7564, 7586, 7596, 7628, 7632, 7635, 7641, 7647, 7651, 7656, 7694, 7701, 7709, 7716, 7719, 7722, 7725, 7730, 7735, 7740, 7745, 7750, 7755, 7766, 7776]@{}
http://www.sci.hkbu.edu.hk/eng/about-us/honorary-doctorate/eng/page/?page=prospective-students@[637, 949, 2767, 2784, 2908, 2924, 2944, 2960, 2987, 2998, 3835, 3852, 3976, 3992, 4012, 4028, 4055, 4066, 4517, 4607, 5993, 6257, 6262, 6267, 6284, 6289, 6336, 6345, 6354, 6362, 6398, 6404, 6408, 6416, 6421, 6426, 6547, 6554, 6559, 6564, 6633, 6646, 6738, 6774, 6812, 6815, 6818, 6848, 6889, 6892, 6895, 6909, 6946, 6983, 6986, 6989, 7003, 7036, 7076, 7079, 7082, 7099, 7137, 7204, 7208, 7212, 7216, 7336, 7340, 7347, 7373, 7392, 7401, 7414, 7420, 7429, 7434, 7438, 7442, 7447, 7470, 7489, 7503, 7536, 7564, 7586, 7596, 7628, 7632, 7635, 7641, 7647, 7651, 7656, 7694, 7701, 7709, 7716, 7719, 7722, 7725, 7730, 7735, 7740, 7745, 7750, 7755, 7766, 7776]@{}
http://www.sci.hkbu.edu.hk/eng/about-us/distinguished-professor-of-science@[637, 949]@{}
http://www.sci.hkbu.edu.hk/eng/about-us/dr-kennedy-wong-distinguished-visiting-professorship-scheme@[637, 949]@{}
http://www.sci.hkbu.edu.hk/eng/about-us/distinguished-professor-of-science/eng/page/?page=prospective-students@[637, 949, 2767, 2784, 2908, 2924, 2944, 2960, 2987, 2998, 3835, 3852, 3976, 3992, 4012, 4028, 4055, 4066, 4517, 4607, 5993, 6257, 6262, 6267, 6284, 6289, 6336, 6345, 6354, 6362, 6398, 6404, 6408, 6416, 6421, 6426, 6547, 6554, 6559, 6564, 6633, 6646, 6738, 6774, 6812, 6815, 6818, 6848, 6889, 6892, 6895, 6909, 6946, 6983, 6986, 6989, 7003, 7036, 7076, 7079, 7082, 7099, 7137, 7204, 7208, 7212, 7216, 7336, 7340, 7347, 7373, 7392, 7401, 7414, 7420, 7429, 7434, 7438, 7442, 7447, 7470, 7489, 7503, 7536, 7564, 7586, 7596, 7628, 7632, 7635, 7641, 7647, 7651, 7656, 7694, 7701, 7709, 7716, 7719, 7722, 7725, 7730, 7735, 7740, 7745, 7750, 7755, 7766, 7776]@{}
http://www.sci.hkbu.edu.hk/eng/about-us/dr-kennedy-wong-distinguished-visiting-professorship-scheme/eng/page/?page=prospective-students@[637, 949, 2767, 2784, 2908, 2924, 2944, 2960, 2987, 2998, 3835, 3852, 3976, 3992, 4012, 4028, 4055, 4066, 4517, 4607, 5993, 6257, 6262, 6267, 6284, 6289, 6336, 6345, 6354, 6362, 6398, 6404, 6408, 6416, 6421, 6426, 6547, 6554, 6559, 6564, 6633, 6646, 6738, 6774, 6812, 6815, 6818, 6848, 6889, 6892, 6895, 6909, 6946, 6983, 6986, 6989, 7003, 7036, 7076, 7079, 7082, 7099, 7137, 7204, 7208, 7212, 7216, 7336, 7340, 7347, 7373, 7392, 7401, 7414, 7420, 7429, 7434, 7438, 7442, 7447, 7470, 7489, 7503, 7536, 7564, 7586, 7596, 7628, 7632, 7635, 7641, 7647, 7651, 7656, 7694, 7701, 7709, 7716, 7719, 7722, 7725, 7730, 7735, 7740, 7745, 7750, 7755, 7766, 7776]@{}
http://www.sci.hkbu.edu.hk/eng/page/eng/about-us/vision-mission@[637, 949, 2767, 2784, 2908, 2924, 2944, 2960, 2987, 2998, 3835, 3852, 3976, 3992, 4012, 4028, 4055, 4066, 4517, 4607, 5993, 6257, 6262, 6267, 6284, 6289, 6336, 6345, 6354, 6362, 6398, 6404, 6408, 6416, 6421, 6426, 6547, 6554, 6559, 6564, 6633, 6646, 6738, 6774, 6812, 6815, 6818, 6848, 6889, 6892, 6895, 6909, 6946, 6983, 6986, 6989, 7003, 7036, 7076, 7079, 7082, 7099, 7137, 7204, 7208, 7212, 7216, 7336, 7340, 7347, 7373, 7392, 7401, 7414, 7420, 7429, 7434, 7438, 7442, 7447, 7470, 7489, 7503, 7536, 7564, 7586, 7596, 7628, 7632, 7635, 7641, 7647, 7651, 7656, 7694, 7701, 7709, 7716, 7719, 7722, 7725, 7730, 7735, 7740, 7745, 7750, 7755, 7766, 7776]@{}
http://www.sci.hkbu.edu.hk/eng/page/eng/about-us/faculty-advisory-committee@[637, 949, 2767, 2784, 2908, 2924, 2944, 2960, 2987, 2998, 3835, 3852, 3976, 3992, 4012, 4028, 4055, 4066, 4517, 4607, 5993, 6257, 6262, 6267, 6284, 6289, 6336, 6345, 6354, 6362, 6398, 6404, 6408, 6416, 6421, 6426, 6547, 6554, 6559, 6564, 6633, 6646, 6738, 6774, 6812, 6815, 6818, 6848, 6889, 6892, 6895, 6909, 6946, 6983, 6986, 6989, 7003, 7036, 7076, 7079, 7082, 7099, 7137, 7204, 7208, 7212, 7216, 7336, 7340, 7347, 7373, 7392, 7401, 7414, 7420, 7429, 7434, 7438, 7442, 7447, 7470, 7489, 7503, 7536, 7564, 7586, 7596, 7628, 7632, 7635, 7641, 7647, 7651, 7656, 7694, 7701, 7709, 7716, 7719, 7722, 7725, 7730, 7735, 7740, 7745, 7750, 7755, 7766, 7776]@{}
http://www.sci.hkbu.edu.hk/eng@[637, 949, 2767, 2784, 2908, 2924, 2944, 2960, 2987, 2998, 3835, 3852, 3976, 3992, 4012, 4028, 4055, 4066, 4517, 4607, 5993, 6257, 6262, 6267, 6284, 6289, 6336, 6345, 6354, 6362, 6398, 6404, 6408, 6416, 6421, 6426, 6547, 6554, 6559, 6564, 6633, 6646, 6738, 6774, 6812, 6815, 6818, 6848, 6889, 6892, 6895, 6909, 6946, 6983, 6986, 6989, 7003, 7036, 7076, 7079, 7082, 7099, 7137, 7204, 7208, 7212, 7216, 7336, 7340, 7347, 7373, 7392, 7401, 7414, 7420, 7429, 7434, 7438, 7442, 7447, 7470, 7489, 7503, 7536, 7564, 7586, 7596, 7628, 7632, 7635, 7641, 7647, 7651, 7656, 7694, 7701, 7709, 7716, 7719, 7722, 7725, 7730, 7735, 7740, 7745, 7750, 7755, 7766, 7776]@{}
http://www.sci.hkbu.edu.hk/eng/about-us/vision-mission@[637, 949]@{}
http://www.sci.hkbu.edu.hk/eng/about-us/faculty-advisory-committee@[637, 949]@{}
http://www.sci.hkbu.edu.hk/eng/about-us/vision-mission/eng/page/?page=prospective-students@[637, 949, 2767, 2784, 2908, 2924, 2944, 2960, 2987, 2998, 3835, 3852, 3976, 3992, 4012, 4028, 4055, 4066, 4517, 4607, 5993, 6257, 6262, 6267, 6284, 6289, 6336, 6345, 6354, 6362, 6398, 6404, 6408, 6416, 6421, 6426, 6547, 6554, 6559, 6564, 6633, 6646, 6738, 6774, 6812, 6815, 6818, 6848, 6889, 6892, 6895, 6909, 6946, 6983, 6986, 6989, 7003, 7036, 7076, 7079, 7082, 7099, 7137, 7204, 7208, 7212, 7216, 7336, 7340, 7347, 7373, 7392, 7401, 7414, 7420, 7429, 7434, 7438, 7442, 7447, 7470, 7489, 7503, 7536, 7564, 7586, 7596, 7628, 7632, 7635, 7641, 7647, 7651, 7656, 7694, 7701, 7709, 7716, 7719, 7722, 7725, 7730, 7735, 7740, 7745, 7750, 7755, 7766, 7776]@{}
http://www.sci.hkbu.edu.hk/eng/about-us/faculty-advisory-committee/eng/page/?page=prospective-students@[637, 949, 2767, 2784, 2908, 2924, 2944, 2960, 2987, 2998, 3835, 3852, 3976, 3992, 4012, 4028, 4055, 4066, 4517, 4607, 5993, 6257, 6262, 6267, 6284, 6289, 6336, 6345, 6354, 6362, 6398, 6404, 6408, 6416, 6421, 6426, 6547, 6554, 6559, 6564, 6633, 6646, 6738, 6774, 6812, 6815, 6818, 6848, 6889, 6892, 6895, 6909, 6946, 6983, 6986, 6989, 7003, 7036, 7076, 7079, 7082, 7099, 7137, 7204, 7208, 7212, 7216, 7336, 7340, 7347, 7373, 7392, 7401, 7414, 7420, 7429, 7434, 7438, 7442, 7447, 7470, 7489, 7503, 7536, 7564, 7586, 7596, 7628, 7632, 7635, 7641, 7647, 7651, 7656, 7694, 7701, 7709, 7716, 7719, 7722, 7725, 7730, 7735, 7740, 7745, 7750, 7755, 7766, 7776]@{}
http://www.sci.hkbu.edu.hk/eng/about-us/distinguished-professorship@[637, 949]@{}
