http://www.comp.hkbu.edu.hk@[2132, 2206, 2640, 2733, 2737, 2741, 2743, 3905, 3909, 3953, 3957, 3994, 3998, 4035, 4039, 4073, 4077, 4111, 4115, 4850, 4853, 5131, 5145, 5202, 5755]@{}
http://www.comp.hkbu.edu.hk/v1/?page=sci@[413, 2145, 2154, 4324, 4344, 4521, 4683, 5746, 7259, 7854]@{}
http://www.comp.hkbu.edu.hk/v1/?page=job_vacancies?=tc@[2132, 2206, 2640, 2733, 2737, 2741, 2743, 3911, 3915, 3959, 3963, 4000, 4004, 4041, 4045, 4079, 4083, 4117, 4121, 4846, 4849, 5127, 5141, 5198, 5751]@{}
http://www.comp.hkbu.edu.hk/v1/?page=job_vacancies?=sc@[2132, 2206, 2640, 2733, 2737, 2741, 2743, 3911, 3915, 3959, 3963, 4000, 4004, 4041, 4045, 4079, 4083, 4117, 4121, 4846, 4849, 5127, 5141, 5198, 5751]@{}
http://www.comp.hkbu.edu.hk/v1/?page=sitemap?=tc@[2132, 2206, 2640, 2733, 2737, 2741, 2743, 3911, 3915, 3959, 3963, 4000, 4004, 4041, 4045, 4079, 4083, 4116, 4120, 4842, 4845, 5123, 5137, 5194, 5747]@{}
http://www.comp.hkbu.edu.hk/v1/?page=sitemap?=sc@[2132, 2206, 2640, 2733, 2737, 2741, 2743, 3911, 3915, 3959, 3963, 4000, 4004, 4041, 4045, 4079, 4083, 4116, 4120, 4841, 4844, 5122, 5136, 5193, 5746]@{}
http://www.comp.hkbu.edu.hk/v1/?lang=sc@[2132, 2206, 2640, 2733, 2737, 2741, 2743, 3905, 3909, 3953, 3957, 3994, 3998, 4035, 4039, 4073, 4077, 4111, 4115, 4837, 4840, 5118, 5132, 5189, 5742]@{}
http://www.comp.hkbu.edu.hk/~alumni/news/../news/@[216, 220, 242, 246, 268, 272, 304, 308, 332, 336, 370, 374, 396, 400, 424, 428, 458, 462, 484, 488, 517, 521, 549, 553, 1177, 2867, 2871, 2934, 3353, 3622, 3626, 3791, 3821, 3915, 4347, 4437]@{}
http://www.comp.hkbu.edu.hk/~alumni/news/../scholarship/@[216, 220, 242, 246, 268, 272, 304, 308, 332, 336, 370, 374, 396, 400, 424, 428, 458, 462, 484, 488, 517, 521, 549, 553]@{}
http://www.comp.hkbu.edu.hk/~alumni/news/../donation/@[216, 220, 242, 246, 268, 272, 304, 308, 332, 336, 370, 374, 396, 400, 424, 428, 458, 462, 484, 488, 517, 521, 549, 553]@{}
http://www.comp.hkbu.edu.hk/v1/?page=job_vacancies?=tc?=tc@[2132, 2206, 2640, 2733, 2737, 2741, 2743, 3913, 3917, 3961, 3965, 4002, 4006, 4043, 4047, 4081, 4085, 4118, 4122, 4843, 4846, 5124, 5138, 5195, 5748]@{}
http://www.comp.hkbu.edu.hk/v1/?page=job_vacancies?=sc?=tc@[2132, 2206, 2640, 2733, 2737, 2741, 2743, 3913, 3917, 3961, 3965, 4002, 4006, 4043, 4047, 4081, 4085, 4118, 4122, 4853, 4856, 5134, 5148, 5205, 5758]@{}
http://www.comp.hkbu.edu.hk/v1/?page=sitemap?=tc?=tc@[2132, 2206, 2640, 2733, 2737, 2741, 2743, 3913, 3917, 3961, 3965, 4002, 4006, 4043, 4047, 4081, 4085, 4118, 4122, 4843, 4846, 5124, 5138, 5195, 5748]@{}
http://www.comp.hkbu.edu.hk/v1/?page=sitemap?=sc?=tc@[2132, 2206, 2640, 2733, 2737, 2741, 2743, 3913, 3917, 3961, 3965, 4002, 4006, 4043, 4047, 4081, 4085, 4118, 4122, 4857, 4860, 5138, 5152, 5209, 5762]@{}
http://www.comp.hkbu.edu.hk/v1/?page=home@[2132, 2206, 2640, 2733, 2737, 2741, 2743, 3909, 3913, 3957, 3961, 3998, 4002, 4039, 4043, 4077, 4081, 4114, 4118, 4835, 4838, 5116, 5130, 5187, 5740]@{}
http://www.comp.hkbu.edu.hk/~alumni/news/../news/../news/@[216, 220, 242, 246, 268, 272, 304, 308, 332, 336, 370, 374, 396, 400, 424, 428, 458, 462, 484, 488, 517, 521, 549, 553, 1177, 2867, 2871, 2934, 3353, 3622, 3626, 3791, 3821, 3915, 4347, 4437]@{}
http://www.comp.hkbu.edu.hk/~alumni/news/../scholarship/../news/@[216, 220, 242, 246, 268, 272, 304, 308, 332, 336, 370, 374, 396, 400, 424, 428, 458, 462, 484, 488, 517, 521, 549, 553, 1177, 2867, 2871, 2934, 3353, 3622, 3626, 3791, 3821, 3915, 4347, 4437]@{}
http://www.comp.hkbu.edu.hk/~alumni/news/../donation/../news/@[216, 220, 242, 246, 268, 272, 304, 308, 332, 336, 370, 374, 396, 400, 424, 428, 458, 462, 484, 488, 517, 521, 549, 553, 1177, 2867, 2871, 2934, 3353, 3622, 3626, 3791, 3821, 3915, 4347, 4437]@{}
http://www.comp.hkbu.edu.hk/v1/?page=job_vacancies?=tc?=tc?=tc@[2132, 2206, 2640, 2733, 2737, 2741, 2743, 3915, 3919, 3963, 3967, 4004, 4008, 4045, 4049, 4083, 4087, 4121, 4125, 4857, 4860, 5138, 5152, 5209, 5762]@{}
http://www.comp.hkbu.edu.hk/v1/?page=job_vacancies?=sc?=tc?=tc@[2132, 2206, 2640, 2733, 2737, 2741, 2743, 3915, 3919, 3963, 3967, 4004, 4008, 4045, 4049, 4083, 4087, 4120, 4124, 4841, 4844, 5122, 5136, 5193, 5746]@{}
http://www.comp.hkbu.edu.hk/v1/?page=sitemap?=tc?=tc?=tc@[2132, 2206, 2640, 2733, 2737, 2741, 2743, 3915, 3919, 3963, 3967, 4004, 4008, 4045, 4049, 4083, 4087, 4121, 4125, 4847, 4850, 5128, 5142, 5199, 5752]@{}
http://www.comp.hkbu.edu.hk/v1/?page=sitemap?=sc?=tc?=tc@[2132, 2206, 2640, 2733, 2737, 2741, 2743, 3915, 3919, 3963, 3967, 4004, 4008, 4045, 4049, 4083, 4087, 4121, 4125, 4850, 4853, 5131, 5145, 5202, 5755]@{}
http://www.comp.hkbu.edu.hk/v1/?page=home?=tc@[2132, 2206, 2640, 2733, 2737, 2741, 2743, 3911, 3915, 3959, 3963, 4000, 4004, 4041, 4045, 4079, 4083, 4116, 4120, 4845, 4848, 5126, 5140, 5197, 5750]@{}
http://www.comp.hkbu.edu.hk/~alumni/news/../news/../news/../news/@[216, 220, 242, 246, 268, 272, 304, 308, 332, 336, 370, 374, 396, 400, 424, 428, 458, 462, 484, 488, 517, 521, 549, 553, 1177, 2867, 2871, 2934, 3353, 3622, 3626, 3791, 3821, 3915, 4347, 4437]@{}
http://www.comp.hkbu.edu.hk/~alumni/news/../scholarship/../news/../news/@[216, 220, 242, 246, 268, 272, 304, 308, 332, 336, 370, 374, 396, 400, 424, 428, 458, 462, 484, 488, 517, 521, 549, 553, 1177, 2867, 2871, 2934, 3353, 3622, 3626, 3791, 3821, 3915, 4347, 4437]@{}
http://www.comp.hkbu.edu.hk/~alumni/news/../donation/../news/../news/@[216, 220, 242, 246, 268, 272, 304, 308, 332, 336, 370, 374, 396, 400, 424, 428, 458, 462, 484, 488, 517, 521, 549, 553, 1177, 2867, 2871, 2934, 3353, 3622, 3626, 3791, 3821, 3915, 4347, 4437]@{}
http://www.comp.hkbu.edu.hk/v1/?page=job_vacancies?=tc?=tc?=tc?=tc@[2132, 2206, 2640, 2733, 2737, 2741, 2743, 3917, 3921, 3965, 3969, 4006, 4010, 4047, 4051, 4085, 4089, 4123, 4127, 4858, 4861, 5139, 5153, 5210, 5763]@{}
http://www.comp.hkbu.edu.hk/v1/?page=job_vacancies?=sc?=tc?=tc?=tc@[2132, 2206, 2640, 2733, 2737, 2741, 2743, 3917, 3921, 3965, 3969, 4006, 4010, 4047, 4051, 4085, 4089, 4123, 4127, 4859, 4862, 5140, 5154, 5211, 5764]@{}
http://www.comp.hkbu.edu.hk/v1/?page=sitemap?=tc?=tc?=tc?=tc@[2132, 2206, 2640, 2733, 2737, 2741, 2743, 3917, 3921, 3965, 3969, 4006, 4010, 4047, 4051, 4085, 4089, 4122, 4126, 4847, 4850, 5128, 5142, 5199, 5752]@{}
http://www.comp.hkbu.edu.hk/v1/?page=sitemap?=sc?=tc?=tc?=tc@[2132, 2206, 2640, 2733, 2737, 2741, 2743, 3917, 3921, 3965, 3969, 4006, 4010, 4047, 4051, 4085, 4089, 4122, 4126, 4858, 4861, 5139, 5153, 5210, 5763]@{}
http://www.comp.hkbu.edu.hk/v1/?page=home?=tc?=tc@[2132, 2206, 2640, 2733, 2737, 2741, 2743, 3913, 3917, 3961, 3965, 4002, 4006, 4043, 4047, 4081, 4085, 4118, 4122, 4847, 4850, 5128, 5142, 5199, 5752]@{}
http://www.comp.hkbu.edu.hk/~alumni/news/../news/../news/../news/../news/@[216, 220, 242, 246, 268, 272, 304, 308, 332, 336, 370, 374, 396, 400, 424, 428, 458, 462, 484, 488, 517, 521, 549, 553, 1177, 2867, 2871, 2934, 3353, 3622, 3626, 3791, 3821, 3915, 4347, 4437]@{}
http://www.comp.hkbu.edu.hk/v1/?page=alumni@[140, 147]@{}
http://www.comp.hkbu.edu.hk/~alumni/news/../scholarship/../news/../news/../news/@[216, 220, 242, 246, 268, 272, 304, 308, 332, 336, 370, 374, 396, 400, 424, 428, 458, 462, 484, 488, 517, 521, 549, 553, 1177, 2867, 2871, 2934, 3353, 3622, 3626, 3791, 3821, 3915, 4347, 4437]@{}
http://www.comp.hkbu.edu.hk/~alumni/news/../donation/../news/../news/../news/@[216, 220, 242, 246, 268, 272, 304, 308, 332, 336, 370, 374, 396, 400, 424, 428, 458, 462, 484, 488, 517, 521, 549, 553, 1177, 2867, 2871, 2934, 3353, 3622, 3626, 3791, 3821, 3915, 4347, 4437]@{}
http://www.comp.hkbu.edu.hk/v1/?page=job_vacancies?=tc?=tc?=tc?=tc?=tc@[2132, 2206, 2640, 2733, 2737, 2741, 2743, 3919, 3923, 3967, 3971, 4008, 4012, 4049, 4053, 4087, 4091, 4125, 4129, 4861, 4864, 5142, 5156, 5213, 5766]@{}
http://www.comp.hkbu.edu.hk/v1/?page=job_vacancies?=sc?=tc?=tc?=tc?=tc@[2132, 2206, 2640, 2733, 2737, 2741, 2743, 3919, 3923, 3967, 3971, 4008, 4012, 4049, 4053, 4087, 4091, 4124, 4128, 4846, 4849, 5127, 5141, 5198, 5751]@{}
http://www.comp.hkbu.edu.hk/v1/?page=sitemap?=tc?=tc?=tc?=tc?=tc@[2132, 2206, 2640, 2733, 2737, 2741, 2743, 3919, 3923, 3967, 3971, 4008, 4012, 4049, 4053, 4087, 4091, 4125, 4129, 4854, 4857, 5135, 5149, 5206, 5759]@{}
http://www.comp.hkbu.edu.hk/v1/?page=sitemap?=sc?=tc?=tc?=tc?=tc@[2132, 2206, 2640, 2733, 2737, 2741, 2743, 3919, 3923, 3967, 3971, 4008, 4012, 4049, 4053, 4087, 4091, 4124, 4128, 4860, 4863, 5141, 5155, 5212, 5765]@{}
http://www.comp.hkbu.edu.hk/v1/?page=home?=tc?=tc?=tc@[2132, 2206, 2640, 2733, 2737, 2741, 2743, 3915, 3919, 3963, 3967, 4004, 4008, 4045, 4049, 4083, 4087, 4120, 4124, 4845, 4848, 5126, 5140, 5197, 5750]@{}
http://www.comp.hkbu.edu.hk/~alumni/news/../news/../news/../news/../news/../news/@[216, 220, 242, 246, 268, 272, 304, 308, 332, 336, 370, 374, 396, 400, 424, 428, 458, 462, 484, 488, 517, 521, 549, 553, 1177, 2867, 2871, 2934, 3353, 3622, 3626, 3791, 3821, 3915, 4347, 4437]@{}
http://www.comp.hkbu.edu.hk/~alumni/news/../scholarship/../news/../news/../news/../news/@[216, 220, 242, 246, 268, 272, 304, 308, 332, 336, 370, 374, 396, 400, 424, 428, 458, 462, 484, 488, 517, 521, 549, 553, 1177, 2867, 2871, 2934, 3353, 3622, 3626, 3791, 3821, 3915, 4347, 4437]@{}
http://www.comp.hkbu.edu.hk/~alumni/news/../donation/../news/../news/../news/../news/@[216, 220, 242, 246, 268, 272, 304, 308, 332, 336, 370, 374, 396, 400, 424, 428, 458, 462, 484, 488, 517, 521, 549, 553, 1177, 2867, 2871, 2934, 3353, 3622, 3626, 3791, 3821, 3915, 4347, 4437]@{}
http://www.comp.hkbu.edu.hk/v1/?page=job_vacancies@[1680, 1754, 2188, 2281, 2285, 2289, 2291, 3457, 3461, 3505, 3509, 3546, 3550, 3587, 3591, 3625, 3629, 3663, 3667]@{}
http://www.comp.hkbu.edu.hk/v1/?page=job_vacancies?=tc?=tc?=tc?=tc?=tc?=tc@[2132, 2206, 2640, 2733, 2737, 2741, 2743, 3921, 3925, 3969, 3973, 4010, 4014, 4051, 4055, 4089, 4093, 4127, 4131, 4849, 4852, 5130, 5144, 5201, 5754]@{}
http://www.comp.hkbu.edu.hk/v1/?page=job_vacancies?=sc?=tc?=tc?=tc?=tc?=tc@[2132, 2206, 2640, 2733, 2737, 2741, 2743, 3921, 3925, 3969, 3973, 4010, 4014, 4051, 4055, 4089, 4093, 4126, 4130, 4848, 4851, 5129, 5143, 5200, 5753]@{}
http://www.comp.hkbu.edu.hk/v1/?page=sitemap?=tc?=tc?=tc?=tc?=tc?=tc@[2132, 2206, 2640, 2733, 2737, 2741, 2743, 3921, 3925, 3969, 3973, 4010, 4014, 4051, 4055, 4089, 4093, 4126, 4130, 4852, 4855, 5133, 5147, 5204, 5757]@{}
http://www.comp.hkbu.edu.hk/v1/?page=sitemap?=sc?=tc?=tc?=tc?=tc?=tc@[2132, 2206, 2640, 2733, 2737, 2741, 2743, 3921, 3925, 3969, 3973, 4010, 4014, 4051, 4055, 4089, 4093, 4127, 4131, 4870, 4873, 5151, 5165, 5222, 5775]@{}
http://www.comp.hkbu.edu.hk/v1/?page=home?=tc?=tc?=tc?=tc@[2132, 2206, 2640, 2733, 2737, 2741, 2743, 3917, 3921, 3965, 3969, 4006, 4010, 4047, 4051, 4085, 4089, 4123, 4127, 4851, 4854, 5132, 5146, 5203, 5756]@{}
http://www.comp.hkbu.edu.hk/~alumni/news/../news/../news/../news/../news/../news/../news/@[216, 220, 242, 246, 268, 272, 304, 308, 332, 336, 370, 374, 396, 400, 424, 428, 458, 462, 484, 488, 517, 521, 549, 553, 1177, 2867, 2871, 2934, 3353, 3622, 3626, 3791, 3821, 3915, 4347, 4437]@{}
http://www.comp.hkbu.edu.hk/~alumni/news/../scholarship/../news/../news/../news/../news/../news/@[216, 220, 242, 246, 268, 272, 304, 308, 332, 336, 370, 374, 396, 400, 424, 428, 458, 462, 484, 488, 517, 521, 549, 553, 1177, 2867, 2871, 2934, 3353, 3622, 3626, 3791, 3821, 3915, 4347, 4437]@{}
http://www.comp.hkbu.edu.hk/~alumni/news/../donation/../news/../news/../news/../news/../news/@[216, 220, 242, 246, 268, 272, 304, 308, 332, 336, 370, 374, 396, 400, 424, 428, 458, 462, 484, 488, 517, 521, 549, 553, 1177, 2867, 2871, 2934, 3353, 3622, 3626, 3791, 3821, 3915, 4347, 4437]@{}
http://www.comp.hkbu.edu.hk/v1/?page=job_vacancies?=tc?=tc?=tc?=tc?=tc?=tc?=tc@[2132, 2206, 2640, 2733, 2737, 2741, 2743, 3923, 3927, 3971, 3975, 4012, 4016, 4053, 4057, 4091, 4095, 4129, 4133, 4853, 4856, 5134, 5148, 5205, 5758]@{}
http://www.comp.hkbu.edu.hk/v1/?page=job_vacancies?=sc?=tc?=tc?=tc?=tc?=tc?=tc@[2132, 2206, 2640, 2733, 2737, 2741, 2743, 3923, 3927, 3971, 3975, 4012, 4016, 4053, 4057, 4091, 4095, 4129, 4133, 4850, 4853, 5131, 5145, 5202, 5755]@{}
http://www.comp.hkbu.edu.hk/v1/?page=sitemap?=tc?=tc?=tc?=tc?=tc?=tc?=tc@[2132, 2206, 2640, 2733, 2737, 2741, 2743, 3923, 3927, 3971, 3975, 4012, 4016, 4053, 4057, 4091, 4095, 4128, 4132, 4852, 4855, 5133, 5147, 5204, 5757]@{}
http://www.comp.hkbu.edu.hk/v1/?page=sitemap?=sc?=tc?=tc?=tc?=tc?=tc?=tc@[2132, 2206, 2640, 2733, 2737, 2741, 2743, 3923, 3927, 3971, 3975, 4012, 4016, 4053, 4057, 4091, 4095, 4128, 4132, 4854, 4857, 5135, 5149, 5206, 5759]@{}
http://www.comp.hkbu.edu.hk/v1/?page=home?=tc?=tc?=tc?=tc?=tc@[2132, 2206, 2640, 2733, 2737, 2741, 2743, 3919, 3923, 3967, 3971, 4008, 4012, 4049, 4053, 4087, 4091, 4125, 4129, 4854, 4857, 5135, 5149, 5206, 5759]@{}
http://www.comp.hkbu.edu.hk/~alumni/news/../news/../news/../news/../news/../news/../news/../news/@[216, 220, 242, 246, 268, 272, 304, 308, 332, 336, 370, 374, 396, 400, 424, 428, 458, 462, 484, 488, 517, 521, 549, 553, 1177, 2867, 2871, 2934, 3353, 3622, 3626, 3791, 3821, 3915, 4347, 4437]@{}
http://www.comp.hkbu.edu.hk/~alumni/news/../scholarship/../news/../news/../news/../news/../news/../news/@[216, 220, 242, 246, 268, 272, 304, 308, 332, 336, 370, 374, 396, 400, 424, 428, 458, 462, 484, 488, 517, 521, 549, 553, 1177, 2867, 2871, 2934, 3353, 3622, 3626, 3791, 3821, 3915, 4347, 4437]@{}
http://www.comp.hkbu.edu.hk/~alumni/news/../donation/../news/../news/../news/../news/../news/../news/@[216, 220, 242, 246, 268, 272, 304, 308, 332, 336, 370, 374, 396, 400, 424, 428, 458, 462, 484, 488, 517, 521, 549, 553, 1177, 2867, 2871, 2934, 3353, 3622, 3626, 3791, 3821, 3915, 4347, 4437]@{}
http://www.comp.hkbu.edu.hk/v1/?page=job_vacancies?=tc?=tc?=tc?=tc?=tc?=tc?=tc?=tc@[2132, 2206, 2640, 2733, 2737, 2741, 2743, 3925, 3929, 3973, 3977, 4014, 4018, 4055, 4059, 4093, 4097, 4131, 4135, 4869, 4872, 5150, 5164, 5221, 5774]@{}
http://www.comp.hkbu.edu.hk/v1/?page=job_vacancies?=sc?=tc?=tc?=tc?=tc?=tc?=tc?=tc@[2132, 2206, 2640, 2733, 2737, 2741, 2743, 3925, 3929, 3973, 3977, 4014, 4018, 4055, 4059, 4093, 4097, 4131, 4135, 4853, 4856, 5134, 5148, 5205, 5758]@{}
http://www.comp.hkbu.edu.hk/v1/?page=sitemap?=tc?=tc?=tc?=tc?=tc?=tc?=tc?=tc@[2132, 2206, 2640, 2733, 2737, 2741, 2743, 3925, 3929, 3973, 3977, 4014, 4018, 4055, 4059, 4093, 4097, 4131, 4135, 4856, 4859, 5137, 5151, 5208, 5761]@{}
http://www.comp.hkbu.edu.hk/v1/?page=sitemap?=sc?=tc?=tc?=tc?=tc?=tc?=tc?=tc@[2132, 2206, 2640, 2733, 2737, 2741, 2743, 3925, 3929, 3973, 3977, 4014, 4018, 4055, 4059, 4093, 4097, 4131, 4135, 4870, 4873, 5151, 5165, 5222, 5775]@{}
http://www.comp.hkbu.edu.hk/v1/?page=sitemap@[1678, 1752, 2186, 2279, 2283, 2287, 2289, 3455, 3459, 3503, 3507, 3544, 3548, 3585, 3589, 3623, 3627, 3660, 3664]@{}
http://www.comp.hkbu.edu.hk/v1/?page=home?=tc?=tc?=tc?=tc?=tc?=tc@[2132, 2206, 2640, 2733, 2737, 2741, 2743, 3921, 3925, 3969, 3973, 4010, 4014, 4051, 4055, 4089, 4093, 4126, 4130, 4855, 4858, 5136, 5150, 5207, 5760]@{}
http://www.comp.hkbu.edu.hk/~alumni/news/../news/../news/../news/../news/../news/../news/../news/../news/@[216, 220, 242, 246, 268, 272, 304, 308, 332, 336, 370, 374, 396, 400, 424, 428, 458, 462, 484, 488, 517, 521, 549, 553, 1177, 2867, 2871, 2934, 3353, 3622, 3626, 3791, 3821, 3915, 4347, 4437]@{}
http://www.comp.hkbu.edu.hk/~alumni/news/../scholarship/../news/../news/../news/../news/../news/../news/../news/@[216, 220, 242, 246, 268, 272, 304, 308, 332, 336, 370, 374, 396, 400, 424, 428, 458, 462, 484, 488, 517, 521, 549, 553, 1177, 2867, 2871, 2934, 3353, 3622, 3626, 3791, 3821, 3915, 4347, 4437]@{}
http://www.comp.hkbu.edu.hk/~alumni/news/../donation/../news/../news/../news/../news/../news/../news/../news/@[216, 220, 242, 246, 268, 272, 304, 308, 332, 336, 370, 374, 396, 400, 424, 428, 458, 462, 484, 488, 517, 521, 549, 553, 1177, 2867, 2871, 2934, 3353, 3622, 3626, 3791, 3821, 3915, 4347, 4437]@{}
http://www.comp.hkbu.edu.hk/v1/?page=job_vacancies?=tc?=tc?=tc?=tc?=tc?=tc?=tc?=tc?=tc@[2132, 2206, 2640, 2733, 2737, 2741, 2743, 3927, 3931, 3975, 3979, 4016, 4020, 4057, 4061, 4095, 4099, 4133, 4137, 4869, 4872, 5150, 5164, 5221, 5774]@{}
http://www.comp.hkbu.edu.hk/v1/?page=job_vacancies?=sc?=tc?=tc?=tc?=tc?=tc?=tc?=tc?=tc@[2132, 2206, 2640, 2733, 2737, 2741, 2743, 3927, 3931, 3975, 3979, 4016, 4020, 4057, 4061, 4095, 4099, 4133, 4137, 4868, 4871, 5149, 5163, 5220, 5773]@{}
http://www.comp.hkbu.edu.hk/v1/?page=sitemap?=tc?=tc?=tc?=tc?=tc?=tc?=tc?=tc?=tc@[2132, 2206, 2640, 2733, 2737, 2741, 2743, 3927, 3931, 3975, 3979, 4016, 4020, 4057, 4061, 4095, 4099, 4132, 4136, 4853, 4856, 5134, 5148, 5205, 5758]@{}
http://www.comp.hkbu.edu.hk/v1/?page=sitemap?=sc?=tc?=tc?=tc?=tc?=tc?=tc?=tc?=tc@[2132, 2206, 2640, 2733, 2737, 2741, 2743, 3927, 3931, 3975, 3979, 4016, 4020, 4057, 4061, 4095, 4099, 4132, 4136, 4871, 4874, 5152, 5166, 5223, 5776]@{}
http://www.comp.hkbu.edu.hk/v1/?lang=tc@[2132, 2206, 2640, 2733, 2737, 2741, 2743, 3905, 3909, 3953, 3957, 3994, 3998, 4035, 4039, 4073, 4077, 4110, 4114, 4853, 4856, 5134, 5148, 5205, 5758]@{}
http://www.comp.hkbu.edu.hk/~alumni/news/@[216, 220, 242, 246, 268, 272, 304, 308, 332, 336, 370, 374, 396, 400, 424, 428, 458, 462, 484, 488, 517, 521, 549, 553, 1177, 2867, 2871, 2934, 3353, 3622, 3626, 3791, 3821, 3915, 4347, 4437]@{}
http://www.sci.hkbu.edu.hk/eng/page/?page=prospective-students@[413, 2145, 2154, 3033, 3075, 3399]@{}
http://www.sci.hkbu.edu.hk/eng/page/?page=current-students@[413, 2145, 2154, 3055]@{}
http://www.sci.hkbu.edu.hk/eng/page/@[413, 2145, 2154, 3158]@{}
http://www.sci.hkbu.edu.hk/eng/about-us/honorary-doctorate@[413, 2145, 2154, 3689]@{}
http://www.sci.hkbu.edu.hk/eng/about-us/distinguished-professorship/eng/page/?page=prospective-students@[413, 2145, 2154, 4324, 4344, 4521, 4683, 5746, 7259, 7854]@{}
http://www.sci.hkbu.edu.hk/eng/about-us/honorary-doctorate/eng/page/?page=prospective-students@[413, 2145, 2154, 4324, 4344, 4521, 4683, 5746, 7259, 7854]@{}
http://www.sci.hkbu.edu.hk/eng/about-us/distinguished-professor-of-science@[413, 2145, 2154, 3505]@{}
http://www.sci.hkbu.edu.hk/eng/about-us/dr-kennedy-wong-distinguished-visiting-professorship-scheme@[413, 2145, 2154, 3174]@{}
http://www.sci.hkbu.edu.hk/eng/about-us/distinguished-professor-of-science/eng/page/?page=prospective-students@[413, 2145, 2154, 4324, 4344, 4521, 4683, 5746, 7259, 7854]@{}
http://www.sci.hkbu.edu.hk/eng/about-us/dr-kennedy-wong-distinguished-visiting-professorship-scheme/eng/page/?page=prospective-students@[413, 2145, 2154, 4324, 4344, 4521, 4683, 5746, 7259, 7854]@{}
http://www.sci.hkbu.edu.hk/eng/page/eng/about-us/vision-mission@[413, 2145, 2154, 4324, 4344, 4521, 4683, 5746, 7259, 7854]@{}
http://www.sci.hkbu.edu.hk/eng/page/eng/about-us/faculty-advisory-committee@[413, 2145, 2154, 4324, 4344, 4521, 4683, 5746, 7259, 7854]@{}
http://www.sci.hkbu.edu.hk/eng@[413, 2145, 2154, 4324, 4344, 4521, 4683, 5746, 7259, 7854]@{}
http://www.sci.hkbu.edu.hk/eng/about-us/vision-mission@[413, 2145, 2154, 3078]@{}
http://www.sci.hkbu.edu.hk/eng/about-us/faculty-advisory-committee@[413, 2145, 2154, 3832]@{}
http://www.sci.hkbu.edu.hk/eng/about-us/vision-mission/eng/page/?page=prospective-students@[413, 2145, 2154, 4324, 4344, 4521, 4683, 5746, 7259, 7854]@{}
http://www.sci.hkbu.edu.hk/eng/about-us/faculty-advisory-committee/eng/page/?page=prospective-students@[413, 2145, 2154, 4324, 4344, 4521, 4683, 5746, 7259, 7854]@{}
http://www.sci.hkbu.edu.hk/eng/about-us/distinguished-professorship@[413, 2145, 2154, 2723]@{}
