http://library.hkbu.edu.hk/@[10, 13]@{}
http://www.comp.hkbu.edu.hk@[567, 576, 1379, 1467, 1512, 1671, 2528, 2543, 2574, 2605, 2638, 2781, 3895, 3942, 3984, 4186, 4187, 4189, 4190, 4529, 4634, 4676, 4712, 4748, 4782, 4813, 4917, 5107, 5676, 6128, 6423, 6634]@{}
http://www.comp.hkbu.edu.hk/v1/?page=hkbu@[6, 12]@{}
http://www.comp.hkbu.edu.hk/v1/?page=sci@[26, 34, 838, 852, 1939, 2302]@{}
http://www.comp.hkbu.edu.hk/v1/?page=job_vacancies?=tc@[567, 576, 1379, 1467, 1512, 1671, 2528, 2543, 2574, 2605, 2638, 2781, 3901, 3948, 3990, 4192, 4193, 4195, 4196, 4535, 4640, 4668, 4708, 4744, 4778, 4809, 4913, 5103, 5672, 6124, 6402, 6613]@{}
http://www.comp.hkbu.edu.hk/v1/?page=job_vacancies?=sc@[567, 576, 1379, 1467, 1512, 1671, 2528, 2543, 2574, 2605, 2638, 2781, 3901, 3948, 3990, 4192, 4193, 4195, 4196, 4535, 4640, 4672, 4708, 4744, 4778, 4809, 4913, 5103, 5672, 6124, 6413, 6624]@{}
http://www.comp.hkbu.edu.hk/v1/?page=sitemap?=tc@[567, 576, 1379, 1467, 1512, 1671, 2528, 2543, 2574, 2605, 2638, 2781, 3901, 3948, 3990, 4191, 4192, 4194, 4195, 4534, 4639, 4671, 4704, 4740, 4774, 4805, 4909, 5099, 5668, 6120, 6405, 6616]@{}
http://www.comp.hkbu.edu.hk/v1/?page=sitemap?=sc@[567, 576, 1379, 1467, 1512, 1671, 2528, 2543, 2574, 2605, 2638, 2781, 3901, 3948, 3990, 4191, 4192, 4194, 4195, 4534, 4639, 4667, 4703, 4739, 4773, 4804, 4908, 5098, 5667, 6119, 6412, 6623]@{}
http://www.comp.hkbu.edu.hk/v1/?lang=sc@[567, 576, 1379, 1467, 1512, 1671, 2528, 2543, 2574, 2605, 2638, 2781, 3895, 3942, 3984, 4186, 4187, 4189, 4190, 4529, 4634, 4664, 4699, 4735, 4769, 4800, 4904, 5094, 5663, 6115, 6404, 6615]@{}
http://www.comp.hkbu.edu.hk/~alumni/news/../news/@[3, 11, 124]@{}
http://www.comp.hkbu.edu.hk/~alumni/news/../scholarship/@[3, 11, 124]@{}
http://www.comp.hkbu.edu.hk/~alumni/news/../donation/@[3, 11, 124]@{}
http://www.comp.hkbu.edu.hk/v1/?page=job_vacancies?=tc?=tc@[567, 576, 1379, 1467, 1512, 1671, 2528, 2543, 2574, 2605, 2638, 2781, 3903, 3950, 3992, 4193, 4194, 4196, 4197, 4536, 4641, 4669, 4705, 4741, 4775, 4806, 4910, 5100, 5669, 6121, 6411, 6622]@{}
http://www.comp.hkbu.edu.hk/v1/?page=job_vacancies?=sc?=tc@[567, 576, 1379, 1467, 1512, 1671, 2528, 2543, 2574, 2605, 2638, 2781, 3903, 3950, 3992, 4193, 4194, 4196, 4197, 4536, 4641, 4681, 4715, 4751, 4785, 4816, 4920, 5110, 5679, 6131, 6430, 6641]@{}
http://www.comp.hkbu.edu.hk/v1/?page=sitemap?=tc?=tc@[567, 576, 1379, 1467, 1512, 1671, 2528, 2543, 2574, 2605, 2638, 2781, 3903, 3950, 3992, 4193, 4194, 4196, 4197, 4536, 4641, 4669, 4705, 4741, 4775, 4806, 4910, 5100, 5669, 6121, 6407, 6618]@{}
http://www.comp.hkbu.edu.hk/v1/?page=sitemap?=sc?=tc@[567, 576, 1379, 1467, 1512, 1671, 2528, 2543, 2574, 2605, 2638, 2781, 3903, 3950, 3992, 4193, 4194, 4196, 4197, 4536, 4641, 4683, 4719, 4755, 4789, 4820, 4924, 5114, 5683, 6135, 6424, 6635]@{}
http://www.comp.hkbu.edu.hk/v1/?page=home@[567, 576, 1379, 1467, 1512, 1671, 2528, 2543, 2574, 2605, 2638, 2781, 3899, 3946, 3988, 4189, 4190, 4192, 4193, 4532, 4637, 4663, 4697, 4733, 4767, 4798, 4902, 5092, 5661, 6113, 6400, 6611]@{}
http://www.comp.hkbu.edu.hk/~alumni/news/../news/../news/@[3, 11, 124]@{}
http://www.comp.hkbu.edu.hk/~alumni/news/../scholarship/../news/@[3, 11, 124]@{}
http://www.comp.hkbu.edu.hk/~alumni/news/../donation/../news/@[3, 11, 124]@{}
http://www.comp.hkbu.edu.hk/v1/?page=job_vacancies?=tc?=tc?=tc@[567, 576, 1379, 1467, 1512, 1671, 2528, 2543, 2574, 2605, 2638, 2781, 3905, 3952, 3994, 4196, 4197, 4199, 4200, 4539, 4644, 4686, 4719, 4755, 4789, 4820, 4924, 5114, 5683, 6135, 6427, 6638]@{}
http://www.comp.hkbu.edu.hk/v1/?page=job_vacancies?=sc?=tc?=tc@[567, 576, 1379, 1467, 1512, 1671, 2528, 2543, 2574, 2605, 2638, 2781, 3905, 3952, 3994, 4195, 4196, 4198, 4199, 4538, 4643, 4669, 4703, 4739, 4773, 4804, 4908, 5098, 5667, 6119, 6412, 6623]@{}
http://www.comp.hkbu.edu.hk/v1/?page=sitemap?=tc?=tc?=tc@[567, 576, 1379, 1467, 1512, 1671, 2528, 2543, 2574, 2605, 2638, 2781, 3905, 3952, 3994, 4196, 4197, 4199, 4200, 4539, 4644, 4674, 4709, 4745, 4779, 4810, 4914, 5104, 5673, 6125, 6419, 6630]@{}
http://www.comp.hkbu.edu.hk/v1/?page=sitemap?=sc?=tc?=tc@[567, 576, 1379, 1467, 1512, 1671, 2528, 2543, 2574, 2605, 2638, 2781, 3905, 3952, 3994, 4196, 4197, 4199, 4200, 4539, 4644, 4676, 4712, 4748, 4782, 4813, 4917, 5107, 5676, 6128, 6420, 6631]@{}
http://www.comp.hkbu.edu.hk/v1/?page=library@[10, 13]@{}
http://www.comp.hkbu.edu.hk/v1/?page=home?=tc@[567, 576, 1379, 1467, 1512, 1671, 2528, 2543, 2574, 2605, 2638, 2781, 3901, 3948, 3990, 4191, 4192, 4194, 4195, 4534, 4639, 4671, 4707, 4743, 4777, 4808, 4912, 5102, 5671, 6123, 6416, 6627]@{}
http://www.comp.hkbu.edu.hk/~alumni/news/../news/../news/../news/@[3, 11, 124]@{}
http://www.comp.hkbu.edu.hk/~alumni/news/../scholarship/../news/../news/@[3, 11, 124]@{}
http://www.comp.hkbu.edu.hk/~alumni/news/../donation/../news/../news/@[3, 11, 124]@{}
http://www.comp.hkbu.edu.hk/v1/?page=job_vacancies?=tc?=tc?=tc?=tc@[567, 576, 1379, 1467, 1512, 1671, 2528, 2543, 2574, 2605, 2638, 2781, 3907, 3954, 3996, 4198, 4199, 4201, 4202, 4541, 4646, 4686, 4720, 4756, 4790, 4821, 4925, 5115, 5684, 6136, 6424, 6635]@{}
http://www.comp.hkbu.edu.hk/v1/?page=job_vacancies?=sc?=tc?=tc?=tc@[567, 576, 1379, 1467, 1512, 1671, 2528, 2543, 2574, 2605, 2638, 2781, 3907, 3954, 3996, 4198, 4199, 4201, 4202, 4541, 4646, 4686, 4721, 4757, 4791, 4822, 4926, 5116, 5685, 6137, 6417, 6628]@{}
http://www.comp.hkbu.edu.hk/v1/?page=sitemap?=tc?=tc?=tc?=tc@[567, 576, 1379, 1467, 1512, 1671, 2528, 2543, 2574, 2605, 2638, 2781, 3907, 3954, 3996, 4197, 4198, 4200, 4201, 4540, 4645, 4675, 4709, 4745, 4779, 4810, 4914, 5104, 5673, 6125, 6418, 6629]@{}
http://www.comp.hkbu.edu.hk/v1/?page=sitemap?=sc?=tc?=tc?=tc@[567, 576, 1379, 1467, 1512, 1671, 2528, 2543, 2574, 2605, 2638, 2781, 3907, 3954, 3996, 4197, 4198, 4200, 4201, 4540, 4645, 4685, 4720, 4756, 4790, 4821, 4925, 5115, 5684, 6136, 6429, 6640]@{}
http://www.comp.hkbu.edu.hk/v1/?page=home?=tc?=tc@[567, 576, 1379, 1467, 1512, 1671, 2528, 2543, 2574, 2605, 2638, 2781, 3903, 3950, 3992, 4193, 4194, 4196, 4197, 4536, 4641, 4673, 4709, 4745, 4779, 4810, 4914, 5104, 5673, 6125, 6422, 6633]@{}
http://www.comp.hkbu.edu.hk/~alumni/news/../news/../news/../news/../news/@[3, 11, 124]@{}
http://www.comp.hkbu.edu.hk/v1/?page=alumni@[3, 11]@{}
http://www.comp.hkbu.edu.hk/~alumni/news/../scholarship/../news/../news/../news/@[3, 11, 124]@{}
http://www.comp.hkbu.edu.hk/~alumni/news/../donation/../news/../news/../news/@[3, 11, 124]@{}
http://www.comp.hkbu.edu.hk/v1/?page=job_vacancies?=tc?=tc?=tc?=tc?=tc@[567, 576, 1379, 1467, 1512, 1671, 2528, 2543, 2574, 2605, 2638, 2781, 3909, 3956, 3998, 4200, 4201, 4203, 4204, 4543, 4648, 4688, 4723, 4759, 4793, 4824, 4928, 5118, 5687, 6139, 6426, 6637]@{}
http://www.comp.hkbu.edu.hk/v1/?page=job_vacancies?=sc?=tc?=tc?=tc?=tc@[567, 576, 1379, 1467, 1512, 1671, 2528, 2543, 2574, 2605, 2638, 2781, 3909, 3956, 3998, 4199, 4200, 4202, 4203, 4542, 4647, 4673, 4708, 4744, 4778, 4809, 4913, 5103, 5672, 6124, 6422, 6633]@{}
http://www.comp.hkbu.edu.hk/v1/?page=sitemap?=tc?=tc?=tc?=tc?=tc@[567, 576, 1379, 1467, 1512, 1671, 2528, 2543, 2574, 2605, 2638, 2781, 3909, 3956, 3998, 4200, 4201, 4203, 4204, 4543, 4648, 4676, 4716, 4752, 4786, 4817, 4921, 5111, 5680, 6132, 6422, 6633]@{}
http://www.comp.hkbu.edu.hk/v1/?page=sitemap?=sc?=tc?=tc?=tc?=tc@[567, 576, 1379, 1467, 1512, 1671, 2528, 2543, 2574, 2605, 2638, 2781, 3909, 3956, 3998, 4199, 4200, 4202, 4203, 4542, 4647, 4687, 4722, 4758, 4792, 4823, 4927, 5117, 5686, 6138, 6430, 6641]@{}
http://www.comp.hkbu.edu.hk/v1/?page=home?=tc?=tc?=tc@[567, 576, 1379, 1467, 1512, 1671, 2528, 2543, 2574, 2605, 2638, 2781, 3905, 3952, 3994, 4195, 4196, 4198, 4199, 4538, 4643, 4671, 4707, 4743, 4777, 4808, 4912, 5102, 5671, 6123, 6420, 6631]@{}
http://www.comp.hkbu.edu.hk/~alumni/news/../news/../news/../news/../news/../news/@[3, 11, 124]@{}
http://www.comp.hkbu.edu.hk/~alumni/news/../scholarship/../news/../news/../news/../news/@[3, 11, 124]@{}
http://www.comp.hkbu.edu.hk/~alumni/news/../donation/../news/../news/../news/../news/@[3, 11, 124]@{}
http://www.comp.hkbu.edu.hk/v1/?page=job_vacancies@[119, 122, 927, 1015, 1060, 1219, 2076, 2091, 2122, 2153, 2186, 2329, 3447, 3494, 3536, 3738, 3739, 3741, 3742, 4081]@{}
http://www.comp.hkbu.edu.hk/v1/?page=job_vacancies?=tc?=tc?=tc?=tc?=tc?=tc@[567, 576, 1379, 1467, 1512, 1671, 2528, 2543, 2574, 2605, 2638, 2781, 3911, 3958, 4000, 4202, 4203, 4205, 4206, 4545, 4650, 4678, 4711, 4747, 4781, 4812, 4916, 5106, 5675, 6127, 6420, 6631]@{}
http://www.comp.hkbu.edu.hk/v1/?page=job_vacancies?=sc?=tc?=tc?=tc?=tc?=tc@[567, 576, 1379, 1467, 1512, 1671, 2528, 2543, 2574, 2605, 2638, 2781, 3911, 3958, 4000, 4201, 4202, 4204, 4205, 4544, 4649, 4677, 4710, 4746, 4780, 4811, 4915, 5105, 5674, 6126, 6428, 6639]@{}
http://www.comp.hkbu.edu.hk/v1/?page=sitemap?=tc?=tc?=tc?=tc?=tc?=tc@[567, 576, 1379, 1467, 1512, 1671, 2528, 2543, 2574, 2605, 2638, 2781, 3911, 3958, 4000, 4201, 4202, 4204, 4205, 4544, 4649, 4679, 4714, 4750, 4784, 4815, 4919, 5109, 5678, 6130, 6417, 6628]@{}
http://www.comp.hkbu.edu.hk/v1/?page=sitemap?=sc?=tc?=tc?=tc?=tc?=tc@[567, 576, 1379, 1467, 1512, 1671, 2528, 2543, 2574, 2605, 2638, 2781, 3911, 3958, 4000, 4202, 4203, 4205, 4206, 4545, 4650, 4692, 4732, 4768, 4802, 4833, 4937, 5127, 5696, 6148, 6436, 6647]@{}
http://www.comp.hkbu.edu.hk/v1/?page=home?=tc?=tc?=tc?=tc@[567, 576, 1379, 1467, 1512, 1671, 2528, 2543, 2574, 2605, 2638, 2781, 3907, 3954, 3996, 4198, 4199, 4201, 4202, 4541, 4646, 4678, 4713, 4749, 4783, 4814, 4918, 5108, 5677, 6129, 6418, 6629]@{}
http://www.comp.hkbu.edu.hk/~alumni/news/../news/../news/../news/../news/../news/../news/@[3, 11, 124]@{}
http://www.comp.hkbu.edu.hk/~alumni/news/../scholarship/../news/../news/../news/../news/../news/@[3, 11, 124]@{}
http://www.comp.hkbu.edu.hk/~alumni/news/../donation/../news/../news/../news/../news/../news/@[3, 11, 124]@{}
http://www.comp.hkbu.edu.hk/v1/?page=job_vacancies?=tc?=tc?=tc?=tc?=tc?=tc?=tc@[567, 576, 1379, 1467, 1512, 1671, 2528, 2543, 2574, 2605, 2638, 2781, 3913, 3960, 4002, 4204, 4205, 4207, 4208, 4547, 4652, 4680, 4715, 4751, 4785, 4816, 4920, 5110, 5679, 6131, 6416, 6627]@{}
http://www.comp.hkbu.edu.hk/v1/?page=job_vacancies?=sc?=tc?=tc?=tc?=tc?=tc?=tc@[567, 576, 1379, 1467, 1512, 1671, 2528, 2543, 2574, 2605, 2638, 2781, 3913, 3960, 4002, 4204, 4205, 4207, 4208, 4547, 4652, 4678, 4712, 4748, 4782, 4813, 4917, 5107, 5676, 6128, 6416, 6627]@{}
http://www.comp.hkbu.edu.hk/v1/?page=sitemap?=tc?=tc?=tc?=tc?=tc?=tc?=tc@[567, 576, 1379, 1467, 1512, 1671, 2528, 2543, 2574, 2605, 2638, 2781, 3913, 3960, 4002, 4203, 4204, 4206, 4207, 4546, 4651, 4679, 4714, 4750, 4784, 4815, 4919, 5109, 5678, 6130, 6413, 6624]@{}
http://www.comp.hkbu.edu.hk/v1/?page=sitemap?=sc?=tc?=tc?=tc?=tc?=tc?=tc@[567, 576, 1379, 1467, 1512, 1671, 2528, 2543, 2574, 2605, 2638, 2781, 3913, 3960, 4002, 4203, 4204, 4206, 4207, 4546, 4651, 4683, 4716, 4752, 4786, 4817, 4921, 5111, 5680, 6132, 6428, 6639]@{}
http://www.comp.hkbu.edu.hk/v1/?page=home?=tc?=tc?=tc?=tc?=tc@[567, 576, 1379, 1467, 1512, 1671, 2528, 2543, 2574, 2605, 2638, 2781, 3909, 3956, 3998, 4200, 4201, 4203, 4204, 4543, 4648, 4676, 4716, 4752, 4786, 4817, 4921, 5111, 5680, 6132, 6422, 6633]@{}
http://www.comp.hkbu.edu.hk/~alumni/news/../news/../news/../news/../news/../news/../news/../news/@[3, 11, 124]@{}
http://www.comp.hkbu.edu.hk/~alumni/news/../scholarship/../news/../news/../news/../news/../news/../news/@[3, 11, 124]@{}
http://www.comp.hkbu.edu.hk/~alumni/news/../donation/../news/../news/../news/../news/../news/../news/@[3, 11, 124]@{}
http://www.comp.hkbu.edu.hk/v1/?page=job_vacancies?=tc?=tc?=tc?=tc?=tc?=tc?=tc?=tc@[567, 576, 1379, 1467, 1512, 1671, 2528, 2543, 2574, 2605, 2638, 2781, 3915, 3962, 4004, 4206, 4207, 4209, 4210, 4549, 4654, 4696, 4731, 4767, 4801, 4832, 4936, 5126, 5695, 6147, 6436, 6647]@{}
http://www.comp.hkbu.edu.hk/v1/?page=job_vacancies?=sc?=tc?=tc?=tc?=tc?=tc?=tc?=tc@[567, 576, 1379, 1467, 1512, 1671, 2528, 2543, 2574, 2605, 2638, 2781, 3915, 3962, 4004, 4206, 4207, 4209, 4210, 4549, 4654, 4682, 4715, 4751, 4785, 4816, 4920, 5110, 5679, 6131, 6432, 6643]@{}
http://www.comp.hkbu.edu.hk/v1/?page=sitemap?=tc?=tc?=tc?=tc?=tc?=tc?=tc?=tc@[567, 576, 1379, 1467, 1512, 1671, 2528, 2543, 2574, 2605, 2638, 2781, 3915, 3962, 4004, 4206, 4207, 4209, 4210, 4549, 4654, 4682, 4718, 4754, 4788, 4819, 4923, 5113, 5682, 6134, 6417, 6628]@{}
http://www.comp.hkbu.edu.hk/v1/?page=sitemap?=sc?=tc?=tc?=tc?=tc?=tc?=tc?=tc@[567, 576, 1379, 1467, 1512, 1671, 2528, 2543, 2574, 2605, 2638, 2781, 3915, 3962, 4004, 4206, 4207, 4209, 4210, 4549, 4654, 4696, 4732, 4768, 4802, 4833, 4937, 5127, 5696, 6148, 6443, 6654]@{}
http://www.comp.hkbu.edu.hk/v1/?page=sitemap@[119, 121, 925, 1013, 1058, 1217, 2074, 2089, 2120, 2151, 2184, 2327, 3445, 3492, 3534, 3735, 3736, 3738, 3739, 4078]@{}
http://www.comp.hkbu.edu.hk/v1/?page=home?=tc?=tc?=tc?=tc?=tc?=tc@[567, 576, 1379, 1467, 1512, 1671, 2528, 2543, 2574, 2605, 2638, 2781, 3911, 3958, 4000, 4201, 4202, 4204, 4205, 4544, 4649, 4681, 4717, 4753, 4787, 4818, 4922, 5112, 5681, 6133, 6429, 6640]@{}
http://www.comp.hkbu.edu.hk/~alumni/news/../news/../news/../news/../news/../news/../news/../news/../news/@[3, 11, 124]@{}
http://www.comp.hkbu.edu.hk/~alumni/news/../scholarship/../news/../news/../news/../news/../news/../news/../news/@[3, 11, 124]@{}
http://www.comp.hkbu.edu.hk/~alumni/news/../donation/../news/../news/../news/../news/../news/../news/../news/@[3, 11, 124]@{}
http://www.comp.hkbu.edu.hk/v1/?page=job_vacancies?=tc?=tc?=tc?=tc?=tc?=tc?=tc?=tc?=tc@[567, 576, 1379, 1467, 1512, 1671, 2528, 2543, 2574, 2605, 2638, 2781, 3917, 3964, 4006, 4208, 4209, 4211, 4212, 4551, 4656, 4698, 4731, 4767, 4801, 4832, 4936, 5126, 5695, 6147, 6435, 6646]@{}
http://www.comp.hkbu.edu.hk/v1/?page=job_vacancies?=sc?=tc?=tc?=tc?=tc?=tc?=tc?=tc?=tc@[567, 576, 1379, 1467, 1512, 1671, 2528, 2543, 2574, 2605, 2638, 2781, 3917, 3964, 4006, 4208, 4209, 4211, 4212, 4551, 4656, 4696, 4730, 4766, 4800, 4831, 4935, 5125, 5694, 6146, 6439, 6650]@{}
http://www.comp.hkbu.edu.hk/v1/?page=sitemap?=tc?=tc?=tc?=tc?=tc?=tc?=tc?=tc?=tc@[567, 576, 1379, 1467, 1512, 1671, 2528, 2543, 2574, 2605, 2638, 2781, 3917, 3964, 4006, 4207, 4208, 4210, 4211, 4550, 4655, 4681, 4715, 4751, 4785, 4816, 4920, 5110, 5679, 6131, 6417, 6628]@{}
http://www.comp.hkbu.edu.hk/v1/?page=sitemap?=sc?=tc?=tc?=tc?=tc?=tc?=tc?=tc?=tc@[567, 576, 1379, 1467, 1512, 1671, 2528, 2543, 2574, 2605, 2638, 2781, 3917, 3964, 4006, 4207, 4208, 4210, 4211, 4550, 4655, 4697, 4733, 4769, 4803, 4834, 4938, 5128, 5697, 6149, 6441, 6652]@{}
http://www.comp.hkbu.edu.hk/v1/?lang=tc@[567, 576, 1379, 1467, 1512, 1671, 2528, 2543, 2574, 2605, 2638, 2781, 3895, 3942, 3984, 4185, 4186, 4188, 4189, 4528, 4633, 4675, 4715, 4751, 4785, 4816, 4920, 5110, 5679, 6131, 6429, 6640]@{}
http://www.comp.hkbu.edu.hk/~alumni/news/@[3, 11, 124]@{}
http://www.sci.hkbu.edu.hk/eng/page/?page=prospective-students@[26, 34, 838, 852, 1939, 2302, 2365]@{}
http://www.sci.hkbu.edu.hk/eng/page/?page=current-students@[26, 34, 838, 852, 1939, 2302, 2365]@{}
http://www.sci.hkbu.edu.hk/eng/page/@[26, 34, 838, 852, 1939, 2302, 2365, 2484]@{}
http://www.sci.hkbu.edu.hk/eng/about-us/honorary-doctorate@[26, 34, 838, 852, 1939, 2302, 2589]@{}
http://www.sci.hkbu.edu.hk/eng/about-us/distinguished-professorship/eng/page/?page=prospective-students@[26, 34, 838, 852, 1939, 2302]@{}
http://www.sci.hkbu.edu.hk/eng/about-us/honorary-doctorate/eng/page/?page=prospective-students@[26, 34, 838, 852, 1939, 2302]@{}
http://www.sci.hkbu.edu.hk/eng/about-us/distinguished-professor-of-science@[26, 34, 838, 852, 1939, 2302, 2589, 2682]@{}
http://www.sci.hkbu.edu.hk/eng/about-us/dr-kennedy-wong-distinguished-visiting-professorship-scheme@[26, 34, 838, 852, 1939, 2302, 2589]@{}
http://www.sci.hkbu.edu.hk/eng/about-us/distinguished-professor-of-science/eng/page/?page=prospective-students@[26, 34, 838, 852, 1939, 2302]@{}
http://www.sci.hkbu.edu.hk/eng/about-us/dr-kennedy-wong-distinguished-visiting-professorship-scheme/eng/page/?page=prospective-students@[26, 34, 838, 852, 1939, 2302]@{}
http://www.sci.hkbu.edu.hk/eng/page/eng/about-us/vision-mission@[26, 34, 838, 852, 1939, 2302]@{}
http://www.sci.hkbu.edu.hk/eng/page/eng/about-us/faculty-advisory-committee@[26, 34, 838, 852, 1939, 2302]@{}
http://www.sci.hkbu.edu.hk/eng@[26, 34, 838, 852, 1939, 2302]@{}
http://www.sci.hkbu.edu.hk/eng/about-us/vision-mission@[26, 34, 838, 852, 1939, 2302, 2589]@{}
http://www.sci.hkbu.edu.hk/eng/about-us/faculty-advisory-committee@[26, 34, 838, 852, 1939, 2302, 2589]@{}
http://www.sci.hkbu.edu.hk/eng/about-us/vision-mission/eng/page/?page=prospective-students@[26, 34, 838, 852, 1939, 2302]@{}
http://www.sci.hkbu.edu.hk/eng/about-us/faculty-advisory-committee/eng/page/?page=prospective-students@[26, 34, 838, 852, 1939, 2302]@{}
http://www.sci.hkbu.edu.hk/eng/about-us/distinguished-professorship@[26, 34, 838, 852, 1939, 2302, 2589]@{}
