http://www.comp.hkbu.edu.hk@[185]@[185]
https://www.comp.hkbu.edu.hk/v1/?page=library@[198, 1274, 1294]@[198, 1274, 1294]
https://library.hkbu.edu.hk/happenings/news/service-arrangements-7-sep-2020@[204, 1098, 1176, 1196]@[204, 1098, 1176, 1196]
https://www.comp.hkbu.edu.hk/v1/?page=whats_new@[875, 882, 3086]@[875, 882, 3086]
https://aao.hkbu.edu.hk/en/contact/index.php@[125]@[125]
https://www.hkbu.edu.hk/eng/about/privacy.jsp@[470, 543, 699, 1185, 1216]@[470, 543, 699, 1185, 1216]
https://www.comp.hkbu.edu.hk/v1/?page=facilities_research@[198]@[198]
https://www.comp.hkbu.edu.hk/v1/?page=news@[875, 882, 3086]@[875, 882, 3086]
https://www.comp.hkbu.edu.hk/v1/?page=events@[2853, 3536, 4122]@[2853, 3536, 4122]
https://www.comp.hkbu.edu.hk/v1/?page=highlights@[1032]@[1032]
https://www.comp.hkbu.edu.hk/v1/?page=driving_direction@[110]@[110]
https://policies.google.com/terms@[147, 412, 442, 527, 738, 808, 886, 1057, 1196, 1290, 1359, 1797, 1843, 1870, 2023, 2134, 2180, 2233, 2284, 2795, 2884]@[147, 412, 442, 527, 738, 808, 886, 1057, 1196, 1290, 1359, 1797, 1843, 1870, 2023, 2134, 2180, 2233, 2284, 2795, 2884]
https://policies.google.com/privacy@[97, 277, 320, 428, 493, 684, 701, 878, 917, 938, 953, 1033, 1247, 1279, 1286, 1303, 1339, 1364, 1397, 1441, 1472, 1549, 1641, 1675, 1694, 1710, 1734, 1742, 1828, 1864, 1875, 1900, 1922, 2186, 2397, 2564, 2660, 2919, 3100, 3129, 3243, 3410, 3548, 3625, 3709, 4233, 4327, 4583, 5410, 5523, 5690, 5892, 5901, 5923, 6015, 6089, 6104, 6120, 6198, 6222, 6264, 6365, 6483, 6543, 6597, 6654, 6803, 6843, 6962, 6995, 7020, 7257, 7277, 7357, 7484, 7524, 7567, 7600]@[97, 277, 320, 428, 493, 684, 701, 878, 917, 938, 953, 1033, 1247, 1279, 1286, 1303, 1339, 1364, 1397, 1441, 1472, 1549, 1641, 1675, 1694, 1710, 1734, 1742, 1828, 1864, 1875, 1900, 1922, 2186, 2397, 2564, 2660, 2919, 3100, 3129, 3243, 3410, 3548, 3625, 3709, 4233, 4327, 4583, 5410, 5523, 5690, 5892, 5901, 5923, 6015, 6089, 6104, 6120, 6198, 6222, 6264, 6365, 6483, 6543, 6597, 6654, 6803, 6843, 6962, 6995, 7020, 7257, 7277, 7357, 7484, 7524, 7567, 7600]
