https://www.comp.hkbu.edu.hk/v1/?page=job_vacancies@[119, 134]@[119, 134]
https://www.hkbu.edu.hk/eng/main/index.jsp@[131]@[131]
https://www.comp.hkbu.edu.hk/v1/?page=whats_new@[188, 249, 268, 294, 466, 510, 596, 753, 979, 1044, 1066, 1181, 1276, 1348, 2119]@[188, 249, 268, 294, 466, 510, 596, 753, 979, 1044, 1066, 1181, 1276, 1348, 2119]
https://www.hkbu.edu.hk/eng/about/privacy.jsp@[1898]@[1898]
https://www.comp.hkbu.edu.hk/v1/?page=funded_projects@[3877, 3937]@[3877, 3937]
https://www.comp.hkbu.edu.hk/v1/?pid=32@[197, 324, 343, 361, 384]@[197, 324, 343, 361, 384]
https://aao.hkbu.edu.hk/en/home/index.php@[114]@[114]
https://www.comp.hkbu.edu.hk/v1/?page=news@[188, 249, 268, 294, 466, 510, 596, 753, 979, 1044, 1066, 1181, 1276, 1348, 2119]@[188, 249, 268, 294, 466, 510, 596, 753, 979, 1044, 1066, 1181, 1276, 1348, 2119]
https://www.comp.hkbu.edu.hk/v1/?page=events@[260, 265, 287, 303, 979, 1985, 2452, 2803, 2916, 2996, 3072, 3705, 4022, 4347, 4567, 4619, 4627, 5315, 6082, 6590, 7328, 7680, 7986, 8038, 8056, 8076]@[260, 265, 287, 303, 979, 1985, 2452, 2803, 2916, 2996, 3072, 3705, 4022, 4347, 4567, 4619, 4627, 5315, 6082, 6590, 7328, 7680, 7986, 8038, 8056, 8076]
https://pers.hkbu.edu.hk/job@[85, 91, 233]@[85, 91, 233]
