http://www.comp.hkbu.edu.hk@[654, 689, 735, 756, 790, 794, 798, 830, 866, 883, 1134, 1381, 1400, 1412, 1469, 1488, 1507, 1519, 1610, 1623, 1653, 1696, 1722, 1829, 1841, 1866, 1877, 2009, 2051, 2458, 2464, 2474, 2494, 2504, 2653, 2658, 2810, 3354, 3440, 3503, 3578, 3660, 3726, 3869, 3879, 3920, 3968, 4009, 4050, 4088, 4203, 4211, 4276, 4289, 4334, 4376, 4419, 4463, 4898, 5076, 6406, 6616]@{}
http://www.comp.hkbu.edu.hk/v1/?page=sci@[3099, 3171, 3244, 3321, 3393, 3467, 3539, 3606, 3678, 3754]@{}
http://www.comp.hkbu.edu.hk/v1/?page=job_vacancies?=tc@[654, 689, 735, 756, 790, 794, 798, 830, 866, 883, 1134, 1381, 1400, 1412, 1469, 1488, 1507, 1519, 1610, 1623, 1653, 1696, 1722, 1829, 1841, 1866, 1877, 2009, 2051, 2458, 2464, 2474, 2494, 2504, 2653, 2658, 2810, 3360, 3446, 3509, 3584, 3666, 3732, 3875, 3885, 3926, 3974, 4015, 4056, 4094, 4209, 4217, 4282, 4295, 4340, 4382, 4425, 4469, 4894, 5072, 6385, 6595]@{}
http://www.comp.hkbu.edu.hk/v1/?page=job_vacancies?=sc@[654, 689, 735, 756, 790, 794, 798, 830, 866, 883, 1134, 1381, 1400, 1412, 1469, 1488, 1507, 1519, 1610, 1623, 1653, 1696, 1722, 1829, 1841, 1866, 1877, 2009, 2051, 2458, 2464, 2474, 2494, 2504, 2653, 2658, 2810, 3360, 3446, 3509, 3584, 3666, 3732, 3875, 3885, 3926, 3974, 4015, 4056, 4094, 4209, 4217, 4282, 4295, 4340, 4382, 4425, 4469, 4894, 5072, 6396, 6606]@{}
http://www.comp.hkbu.edu.hk/v1/?page=sitemap?=tc@[654, 689, 735, 756, 790, 794, 798, 830, 866, 883, 1134, 1381, 1400, 1412, 1469, 1488, 1507, 1519, 1610, 1623, 1653, 1696, 1722, 1829, 1841, 1866, 1877, 2009, 2051, 2458, 2464, 2474, 2494, 2504, 2653, 2658, 2810, 3360, 3446, 3509, 3584, 3666, 3732, 3875, 3885, 3926, 3974, 4015, 4056, 4094, 4208, 4216, 4281, 4294, 4339, 4381, 4424, 4468, 4890, 5068, 6388, 6598]@{}
http://www.comp.hkbu.edu.hk/v1/?page=sitemap?=sc@[654, 689, 735, 756, 790, 794, 798, 830, 866, 883, 1134, 1381, 1400, 1412, 1469, 1488, 1507, 1519, 1610, 1623, 1653, 1696, 1722, 1829, 1841, 1866, 1877, 2009, 2051, 2458, 2464, 2474, 2494, 2504, 2653, 2658, 2810, 3360, 3446, 3509, 3584, 3666, 3732, 3875, 3885, 3926, 3974, 4015, 4056, 4094, 4208, 4216, 4281, 4294, 4339, 4381, 4424, 4468, 4889, 5067, 6395, 6605]@{}
http://www.comp.hkbu.edu.hk/v1/?lang=sc@[654, 689, 735, 756, 790, 794, 798, 830, 866, 883, 1134, 1381, 1400, 1412, 1469, 1488, 1507, 1519, 1610, 1623, 1653, 1696, 1722, 1829, 1841, 1866, 1877, 2009, 2051, 2458, 2464, 2474, 2494, 2504, 2653, 2658, 2810, 3354, 3440, 3503, 3578, 3660, 3726, 3869, 3879, 3920, 3968, 4009, 4050, 4088, 4203, 4211, 4276, 4289, 4334, 4376, 4419, 4463, 4885, 5063, 6387, 6597]@{}
http://www.comp.hkbu.edu.hk/~alumni/news/../news/@[588, 647, 650, 673, 745, 810, 887, 1029, 1086, 1182, 1254, 1329, 1384, 1458, 1513, 1590, 1645, 1726, 1779, 1834, 1891, 1947, 2023, 2108, 2163, 2244, 2299, 2383, 2437, 2512, 2569, 2625, 2712, 2792, 2877, 2976, 3101, 3176, 3267, 3358, 3458, 3548, 3632, 3724, 3826, 3929, 4025, 4047, 4153, 4279, 4372, 4462, 4526, 4596, 4654, 4731, 4818, 4903, 4979, 5016]@{}
http://www.comp.hkbu.edu.hk/~alumni/news/../scholarship/@[588, 616, 637, 658, 682, 707, 730, 752, 850]@{}
http://www.comp.hkbu.edu.hk/~alumni/news/../donation/@[588, 1338]@{}
http://www.comp.hkbu.edu.hk/v1/?page=job_vacancies?=tc?=tc@[654, 689, 735, 756, 790, 794, 798, 830, 866, 883, 1134, 1381, 1400, 1412, 1469, 1488, 1507, 1519, 1610, 1623, 1653, 1696, 1722, 1829, 1841, 1866, 1877, 2009, 2051, 2458, 2464, 2474, 2494, 2504, 2653, 2658, 2810, 3362, 3448, 3511, 3586, 3668, 3734, 3877, 3887, 3928, 3976, 4017, 4058, 4096, 4210, 4218, 4283, 4296, 4341, 4383, 4426, 4470, 4891, 5069, 6394, 6604]@{}
http://www.comp.hkbu.edu.hk/v1/?page=job_vacancies?=sc?=tc@[654, 689, 735, 756, 790, 794, 798, 830, 866, 883, 1134, 1381, 1400, 1412, 1469, 1488, 1507, 1519, 1610, 1623, 1653, 1696, 1722, 1829, 1841, 1866, 1877, 2009, 2051, 2458, 2464, 2474, 2494, 2504, 2653, 2658, 2810, 3362, 3448, 3511, 3586, 3668, 3734, 3877, 3887, 3928, 3976, 4017, 4058, 4096, 4210, 4218, 4283, 4296, 4341, 4383, 4426, 4470, 4901, 5079, 6413, 6623]@{}
http://www.comp.hkbu.edu.hk/v1/?page=sitemap?=tc?=tc@[654, 689, 735, 756, 790, 794, 798, 830, 866, 883, 1134, 1381, 1400, 1412, 1469, 1488, 1507, 1519, 1610, 1623, 1653, 1696, 1722, 1829, 1841, 1866, 1877, 2009, 2051, 2458, 2464, 2474, 2494, 2504, 2653, 2658, 2810, 3362, 3448, 3511, 3586, 3668, 3734, 3877, 3887, 3928, 3976, 4017, 4058, 4096, 4210, 4218, 4283, 4296, 4341, 4383, 4426, 4470, 4891, 5069, 6390, 6600]@{}
http://www.comp.hkbu.edu.hk/v1/?page=sitemap?=sc?=tc@[654, 689, 735, 756, 790, 794, 798, 830, 866, 883, 1134, 1381, 1400, 1412, 1469, 1488, 1507, 1519, 1610, 1623, 1653, 1696, 1722, 1829, 1841, 1866, 1877, 2009, 2051, 2458, 2464, 2474, 2494, 2504, 2653, 2658, 2810, 3362, 3448, 3511, 3586, 3668, 3734, 3877, 3887, 3928, 3976, 4017, 4058, 4096, 4210, 4218, 4283, 4296, 4341, 4383, 4426, 4470, 4905, 5083, 6407, 6617]@{}
http://www.comp.hkbu.edu.hk/v1/?page=home@[654, 689, 735, 756, 790, 794, 798, 830, 866, 883, 1134, 1381, 1400, 1412, 1469, 1488, 1507, 1519, 1610, 1623, 1653, 1696, 1722, 1829, 1841, 1866, 1877, 2009, 2051, 2458, 2464, 2474, 2494, 2504, 2653, 2658, 2810, 3358, 3444, 3507, 3582, 3664, 3730, 3873, 3883, 3924, 3972, 4013, 4054, 4092, 4206, 4214, 4279, 4292, 4337, 4379, 4422, 4466, 4883, 5061, 6383, 6593]@{}
http://www.comp.hkbu.edu.hk/~alumni/news/../news/../news/@[588, 647, 650, 673, 745, 810, 887, 1029, 1086, 1182, 1254, 1329, 1384, 1458, 1513, 1590, 1645, 1726, 1779, 1834, 1891, 1947, 2023, 2108, 2163, 2244, 2299, 2383, 2437, 2512, 2569, 2625, 2712, 2792, 2877, 2976, 3101, 3176, 3267, 3358, 3458, 3548, 3632, 3724, 3826, 3929, 4025, 4047, 4153, 4279, 4372, 4462, 4526, 4596, 4654, 4731, 4818, 4903, 4979, 5016]@{}
http://www.comp.hkbu.edu.hk/~alumni/news/../scholarship/../news/@[588, 647, 650, 673, 745, 810, 887, 1029, 1086, 1182, 1254, 1329, 1384, 1458, 1513, 1590, 1645, 1726, 1779, 1834, 1891, 1947, 2023, 2108, 2163, 2244, 2299, 2383, 2437, 2512, 2569, 2625, 2712, 2792, 2877, 2976, 3101, 3176, 3267, 3358, 3458, 3548, 3632, 3724, 3826, 3929, 4025, 4047, 4153, 4279, 4372, 4462, 4526, 4596, 4654, 4731, 4818, 4903, 4979, 5016]@{}
http://www.comp.hkbu.edu.hk/~alumni/news/../donation/../news/@[588, 647, 650, 673, 745, 810, 887, 1029, 1086, 1182, 1254, 1329, 1384, 1458, 1513, 1590, 1645, 1726, 1779, 1834, 1891, 1947, 2023, 2108, 2163, 2244, 2299, 2383, 2437, 2512, 2569, 2625, 2712, 2792, 2877, 2976, 3101, 3176, 3267, 3358, 3458, 3548, 3632, 3724, 3826, 3929, 4025, 4047, 4153, 4279, 4372, 4462, 4526, 4596, 4654, 4731, 4818, 4903, 4979, 5016]@{}
http://www.comp.hkbu.edu.hk/v1/?page=job_vacancies?=tc?=tc?=tc@[654, 689, 735, 756, 790, 794, 798, 830, 866, 883, 1134, 1381, 1400, 1412, 1469, 1488, 1507, 1519, 1610, 1623, 1653, 1696, 1722, 1829, 1841, 1866, 1877, 2009, 2051, 2458, 2464, 2474, 2494, 2504, 2653, 2658, 2810, 3364, 3450, 3513, 3588, 3670, 3736, 3879, 3889, 3930, 3978, 4019, 4060, 4098, 4213, 4221, 4286, 4299, 4344, 4386, 4429, 4473, 4905, 5083, 6410, 6620]@{}
http://www.comp.hkbu.edu.hk/v1/?page=job_vacancies?=sc?=tc?=tc@[654, 689, 735, 756, 790, 794, 798, 830, 866, 883, 1134, 1381, 1400, 1412, 1469, 1488, 1507, 1519, 1610, 1623, 1653, 1696, 1722, 1829, 1841, 1866, 1877, 2009, 2051, 2458, 2464, 2474, 2494, 2504, 2653, 2658, 2810, 3364, 3450, 3513, 3588, 3670, 3736, 3879, 3889, 3930, 3978, 4019, 4060, 4098, 4212, 4220, 4285, 4298, 4343, 4385, 4428, 4472, 4889, 5067, 6395, 6605]@{}
http://www.comp.hkbu.edu.hk/v1/?page=sitemap?=tc?=tc?=tc@[654, 689, 735, 756, 790, 794, 798, 830, 866, 883, 1134, 1381, 1400, 1412, 1469, 1488, 1507, 1519, 1610, 1623, 1653, 1696, 1722, 1829, 1841, 1866, 1877, 2009, 2051, 2458, 2464, 2474, 2494, 2504, 2653, 2658, 2810, 3364, 3450, 3513, 3588, 3670, 3736, 3879, 3889, 3930, 3978, 4019, 4060, 4098, 4213, 4221, 4286, 4299, 4344, 4386, 4429, 4473, 4895, 5073, 6402, 6612]@{}
http://www.comp.hkbu.edu.hk/v1/?page=sitemap?=sc?=tc?=tc@[654, 689, 735, 756, 790, 794, 798, 830, 866, 883, 1134, 1381, 1400, 1412, 1469, 1488, 1507, 1519, 1610, 1623, 1653, 1696, 1722, 1829, 1841, 1866, 1877, 2009, 2051, 2458, 2464, 2474, 2494, 2504, 2653, 2658, 2810, 3364, 3450, 3513, 3588, 3670, 3736, 3879, 3889, 3930, 3978, 4019, 4060, 4098, 4213, 4221, 4286, 4299, 4344, 4386, 4429, 4473, 4898, 5076, 6403, 6613]@{}
http://www.comp.hkbu.edu.hk/v1/?page=home?=tc@[654, 689, 735, 756, 790, 794, 798, 830, 866, 883, 1134, 1381, 1400, 1412, 1469, 1488, 1507, 1519, 1610, 1623, 1653, 1696, 1722, 1829, 1841, 1866, 1877, 2009, 2051, 2458, 2464, 2474, 2494, 2504, 2653, 2658, 2810, 3360, 3446, 3509, 3584, 3666, 3732, 3875, 3885, 3926, 3974, 4015, 4056, 4094, 4208, 4216, 4281, 4294, 4339, 4381, 4424, 4468, 4893, 5071, 6399, 6609]@{}
http://www.comp.hkbu.edu.hk/~alumni/news/../news/../news/../news/@[588, 647, 650, 673, 745, 810, 887, 1029, 1086, 1182, 1254, 1329, 1384, 1458, 1513, 1590, 1645, 1726, 1779, 1834, 1891, 1947, 2023, 2108, 2163, 2244, 2299, 2383, 2437, 2512, 2569, 2625, 2712, 2792, 2877, 2976, 3101, 3176, 3267, 3358, 3458, 3548, 3632, 3724, 3826, 3929, 4025, 4047, 4153, 4279, 4372, 4462, 4526, 4596, 4654, 4731, 4818, 4903, 4979, 5016]@{}
http://www.comp.hkbu.edu.hk/~alumni/news/../scholarship/../news/../news/@[588, 647, 650, 673, 745, 810, 887, 1029, 1086, 1182, 1254, 1329, 1384, 1458, 1513, 1590, 1645, 1726, 1779, 1834, 1891, 1947, 2023, 2108, 2163, 2244, 2299, 2383, 2437, 2512, 2569, 2625, 2712, 2792, 2877, 2976, 3101, 3176, 3267, 3358, 3458, 3548, 3632, 3724, 3826, 3929, 4025, 4047, 4153, 4279, 4372, 4462, 4526, 4596, 4654, 4731, 4818, 4903, 4979, 5016]@{}
http://www.comp.hkbu.edu.hk/~alumni/news/../donation/../news/../news/@[588, 647, 650, 673, 745, 810, 887, 1029, 1086, 1182, 1254, 1329, 1384, 1458, 1513, 1590, 1645, 1726, 1779, 1834, 1891, 1947, 2023, 2108, 2163, 2244, 2299, 2383, 2437, 2512, 2569, 2625, 2712, 2792, 2877, 2976, 3101, 3176, 3267, 3358, 3458, 3548, 3632, 3724, 3826, 3929, 4025, 4047, 4153, 4279, 4372, 4462, 4526, 4596, 4654, 4731, 4818, 4903, 4979, 5016]@{}
http://www.comp.hkbu.edu.hk/v1/?page=job_vacancies?=tc?=tc?=tc?=tc@[654, 689, 735, 756, 790, 794, 798, 830, 866, 883, 1134, 1381, 1400, 1412, 1469, 1488, 1507, 1519, 1610, 1623, 1653, 1696, 1722, 1829, 1841, 1866, 1877, 2009, 2051, 2458, 2464, 2474, 2494, 2504, 2653, 2658, 2810, 3366, 3452, 3515, 3590, 3672, 3738, 3881, 3891, 3932, 3980, 4021, 4062, 4100, 4215, 4223, 4288, 4301, 4346, 4388, 4431, 4475, 4906, 5084, 6407, 6617]@{}
http://www.comp.hkbu.edu.hk/v1/?page=job_vacancies?=sc?=tc?=tc?=tc@[654, 689, 735, 756, 790, 794, 798, 830, 866, 883, 1134, 1381, 1400, 1412, 1469, 1488, 1507, 1519, 1610, 1623, 1653, 1696, 1722, 1829, 1841, 1866, 1877, 2009, 2051, 2458, 2464, 2474, 2494, 2504, 2653, 2658, 2810, 3366, 3452, 3515, 3590, 3672, 3738, 3881, 3891, 3932, 3980, 4021, 4062, 4100, 4215, 4223, 4288, 4301, 4346, 4388, 4431, 4475, 4907, 5085, 6400, 6610]@{}
http://www.comp.hkbu.edu.hk/v1/?page=sitemap?=tc?=tc?=tc?=tc@[654, 689, 735, 756, 790, 794, 798, 830, 866, 883, 1134, 1381, 1400, 1412, 1469, 1488, 1507, 1519, 1610, 1623, 1653, 1696, 1722, 1829, 1841, 1866, 1877, 2009, 2051, 2458, 2464, 2474, 2494, 2504, 2653, 2658, 2810, 3366, 3452, 3515, 3590, 3672, 3738, 3881, 3891, 3932, 3980, 4021, 4062, 4100, 4214, 4222, 4287, 4300, 4345, 4387, 4430, 4474, 4895, 5073, 6401, 6611]@{}
http://www.comp.hkbu.edu.hk/v1/?page=sitemap?=sc?=tc?=tc?=tc@[654, 689, 735, 756, 790, 794, 798, 830, 866, 883, 1134, 1381, 1400, 1412, 1469, 1488, 1507, 1519, 1610, 1623, 1653, 1696, 1722, 1829, 1841, 1866, 1877, 2009, 2051, 2458, 2464, 2474, 2494, 2504, 2653, 2658, 2810, 3366, 3452, 3515, 3590, 3672, 3738, 3881, 3891, 3932, 3980, 4021, 4062, 4100, 4214, 4222, 4287, 4300, 4345, 4387, 4430, 4474, 4906, 5084, 6412, 6622]@{}
http://www.comp.hkbu.edu.hk/v1/?page=home?=tc?=tc@[654, 689, 735, 756, 790, 794, 798, 830, 866, 883, 1134, 1381, 1400, 1412, 1469, 1488, 1507, 1519, 1610, 1623, 1653, 1696, 1722, 1829, 1841, 1866, 1877, 2009, 2051, 2458, 2464, 2474, 2494, 2504, 2653, 2658, 2810, 3362, 3448, 3511, 3586, 3668, 3734, 3877, 3887, 3928, 3976, 4017, 4058, 4096, 4210, 4218, 4283, 4296, 4341, 4383, 4426, 4470, 4895, 5073, 6405, 6615]@{}
http://www.comp.hkbu.edu.hk/~alumni/news/../news/../news/../news/../news/@[588, 647, 650, 673, 745, 810, 887, 1029, 1086, 1182, 1254, 1329, 1384, 1458, 1513, 1590, 1645, 1726, 1779, 1834, 1891, 1947, 2023, 2108, 2163, 2244, 2299, 2383, 2437, 2512, 2569, 2625, 2712, 2792, 2877, 2976, 3101, 3176, 3267, 3358, 3458, 3548, 3632, 3724, 3826, 3929, 4025, 4047, 4153, 4279, 4372, 4462, 4526, 4596, 4654, 4731, 4818, 4903, 4979, 5016]@{}
http://www.comp.hkbu.edu.hk/v1/?page=alumni@[46]@{}
http://www.comp.hkbu.edu.hk/~alumni/news/../scholarship/../news/../news/../news/@[588, 647, 650, 673, 745, 810, 887, 1029, 1086, 1182, 1254, 1329, 1384, 1458, 1513, 1590, 1645, 1726, 1779, 1834, 1891, 1947, 2023, 2108, 2163, 2244, 2299, 2383, 2437, 2512, 2569, 2625, 2712, 2792, 2877, 2976, 3101, 3176, 3267, 3358, 3458, 3548, 3632, 3724, 3826, 3929, 4025, 4047, 4153, 4279, 4372, 4462, 4526, 4596, 4654, 4731, 4818, 4903, 4979, 5016]@{}
http://www.comp.hkbu.edu.hk/~alumni/news/../donation/../news/../news/../news/@[588, 647, 650, 673, 745, 810, 887, 1029, 1086, 1182, 1254, 1329, 1384, 1458, 1513, 1590, 1645, 1726, 1779, 1834, 1891, 1947, 2023, 2108, 2163, 2244, 2299, 2383, 2437, 2512, 2569, 2625, 2712, 2792, 2877, 2976, 3101, 3176, 3267, 3358, 3458, 3548, 3632, 3724, 3826, 3929, 4025, 4047, 4153, 4279, 4372, 4462, 4526, 4596, 4654, 4731, 4818, 4903, 4979, 5016]@{}
http://www.comp.hkbu.edu.hk/v1/?page=job_vacancies?=tc?=tc?=tc?=tc?=tc@[654, 689, 735, 756, 790, 794, 798, 830, 866, 883, 1134, 1381, 1400, 1412, 1469, 1488, 1507, 1519, 1610, 1623, 1653, 1696, 1722, 1829, 1841, 1866, 1877, 2009, 2051, 2458, 2464, 2474, 2494, 2504, 2653, 2658, 2810, 3368, 3454, 3517, 3592, 3674, 3740, 3883, 3893, 3934, 3982, 4023, 4064, 4102, 4217, 4225, 4290, 4303, 4348, 4390, 4433, 4477, 4909, 5087, 6409, 6619]@{}
http://www.comp.hkbu.edu.hk/v1/?page=job_vacancies?=sc?=tc?=tc?=tc?=tc@[654, 689, 735, 756, 790, 794, 798, 830, 866, 883, 1134, 1381, 1400, 1412, 1469, 1488, 1507, 1519, 1610, 1623, 1653, 1696, 1722, 1829, 1841, 1866, 1877, 2009, 2051, 2458, 2464, 2474, 2494, 2504, 2653, 2658, 2810, 3368, 3454, 3517, 3592, 3674, 3740, 3883, 3893, 3934, 3982, 4023, 4064, 4102, 4216, 4224, 4289, 4302, 4347, 4389, 4432, 4476, 4894, 5072, 6405, 6615]@{}
http://www.comp.hkbu.edu.hk/v1/?page=sitemap?=tc?=tc?=tc?=tc?=tc@[654, 689, 735, 756, 790, 794, 798, 830, 866, 883, 1134, 1381, 1400, 1412, 1469, 1488, 1507, 1519, 1610, 1623, 1653, 1696, 1722, 1829, 1841, 1866, 1877, 2009, 2051, 2458, 2464, 2474, 2494, 2504, 2653, 2658, 2810, 3368, 3454, 3517, 3592, 3674, 3740, 3883, 3893, 3934, 3982, 4023, 4064, 4102, 4217, 4225, 4290, 4303, 4348, 4390, 4433, 4477, 4902, 5080, 6405, 6615]@{}
http://www.comp.hkbu.edu.hk/v1/?page=sitemap?=sc?=tc?=tc?=tc?=tc@[654, 689, 735, 756, 790, 794, 798, 830, 866, 883, 1134, 1381, 1400, 1412, 1469, 1488, 1507, 1519, 1610, 1623, 1653, 1696, 1722, 1829, 1841, 1866, 1877, 2009, 2051, 2458, 2464, 2474, 2494, 2504, 2653, 2658, 2810, 3368, 3454, 3517, 3592, 3674, 3740, 3883, 3893, 3934, 3982, 4023, 4064, 4102, 4216, 4224, 4289, 4302, 4347, 4389, 4432, 4476, 4908, 5086, 6413, 6623]@{}
http://www.comp.hkbu.edu.hk/v1/?page=home?=tc?=tc?=tc@[654, 689, 735, 756, 790, 794, 798, 830, 866, 883, 1134, 1381, 1400, 1412, 1469, 1488, 1507, 1519, 1610, 1623, 1653, 1696, 1722, 1829, 1841, 1866, 1877, 2009, 2051, 2458, 2464, 2474, 2494, 2504, 2653, 2658, 2810, 3364, 3450, 3513, 3588, 3670, 3736, 3879, 3889, 3930, 3978, 4019, 4060, 4098, 4212, 4220, 4285, 4298, 4343, 4385, 4428, 4472, 4893, 5071, 6403, 6613]@{}
http://www.comp.hkbu.edu.hk/~alumni/news/../news/../news/../news/../news/../news/@[588, 647, 650, 673, 745, 810, 887, 1029, 1086, 1182, 1254, 1329, 1384, 1458, 1513, 1590, 1645, 1726, 1779, 1834, 1891, 1947, 2023, 2108, 2163, 2244, 2299, 2383, 2437, 2512, 2569, 2625, 2712, 2792, 2877, 2976, 3101, 3176, 3267, 3358, 3458, 3548, 3632, 3724, 3826, 3929, 4025, 4047, 4153, 4279, 4372, 4462, 4526, 4596, 4654, 4731, 4818, 4903, 4979, 5016]@{}
http://www.comp.hkbu.edu.hk/~alumni/news/../scholarship/../news/../news/../news/../news/@[588, 647, 650, 673, 745, 810, 887, 1029, 1086, 1182, 1254, 1329, 1384, 1458, 1513, 1590, 1645, 1726, 1779, 1834, 1891, 1947, 2023, 2108, 2163, 2244, 2299, 2383, 2437, 2512, 2569, 2625, 2712, 2792, 2877, 2976, 3101, 3176, 3267, 3358, 3458, 3548, 3632, 3724, 3826, 3929, 4025, 4047, 4153, 4279, 4372, 4462, 4526, 4596, 4654, 4731, 4818, 4903, 4979, 5016]@{}
http://www.comp.hkbu.edu.hk/~alumni/news/../donation/../news/../news/../news/../news/@[588, 647, 650, 673, 745, 810, 887, 1029, 1086, 1182, 1254, 1329, 1384, 1458, 1513, 1590, 1645, 1726, 1779, 1834, 1891, 1947, 2023, 2108, 2163, 2244, 2299, 2383, 2437, 2512, 2569, 2625, 2712, 2792, 2877, 2976, 3101, 3176, 3267, 3358, 3458, 3548, 3632, 3724, 3826, 3929, 4025, 4047, 4153, 4279, 4372, 4462, 4526, 4596, 4654, 4731, 4818, 4903, 4979, 5016]@{}
http://www.comp.hkbu.edu.hk/v1/?page=job_vacancies@[202, 237, 283, 304, 338, 342, 346, 378, 414, 431, 682, 929, 948, 960, 1017, 1036, 1055, 1067, 1158, 1171, 1201, 1244, 1270, 1377, 1389, 1414, 1425, 1557, 1599, 2006, 2012, 2022, 2042, 2052, 2201, 2206, 2358, 2906, 2992, 3055, 3130, 3212, 3278, 3421, 3431, 3472, 3520, 3561, 3602, 3640, 3755, 3763, 3828, 3841, 3886, 3928, 3971, 4015]@{}
http://www.comp.hkbu.edu.hk/v1/?page=job_vacancies?=tc?=tc?=tc?=tc?=tc?=tc@[654, 689, 735, 756, 790, 794, 798, 830, 866, 883, 1134, 1381, 1400, 1412, 1469, 1488, 1507, 1519, 1610, 1623, 1653, 1696, 1722, 1829, 1841, 1866, 1877, 2009, 2051, 2458, 2464, 2474, 2494, 2504, 2653, 2658, 2810, 3370, 3456, 3519, 3594, 3676, 3742, 3885, 3895, 3936, 3984, 4025, 4066, 4104, 4219, 4227, 4292, 4305, 4350, 4392, 4435, 4479, 4897, 5075, 6403, 6613]@{}
http://www.comp.hkbu.edu.hk/v1/?page=job_vacancies?=sc?=tc?=tc?=tc?=tc?=tc@[654, 689, 735, 756, 790, 794, 798, 830, 866, 883, 1134, 1381, 1400, 1412, 1469, 1488, 1507, 1519, 1610, 1623, 1653, 1696, 1722, 1829, 1841, 1866, 1877, 2009, 2051, 2458, 2464, 2474, 2494, 2504, 2653, 2658, 2810, 3370, 3456, 3519, 3594, 3676, 3742, 3885, 3895, 3936, 3984, 4025, 4066, 4104, 4218, 4226, 4291, 4304, 4349, 4391, 4434, 4478, 4896, 5074, 6411, 6621]@{}
http://www.comp.hkbu.edu.hk/v1/?page=sitemap?=tc?=tc?=tc?=tc?=tc?=tc@[654, 689, 735, 756, 790, 794, 798, 830, 866, 883, 1134, 1381, 1400, 1412, 1469, 1488, 1507, 1519, 1610, 1623, 1653, 1696, 1722, 1829, 1841, 1866, 1877, 2009, 2051, 2458, 2464, 2474, 2494, 2504, 2653, 2658, 2810, 3370, 3456, 3519, 3594, 3676, 3742, 3885, 3895, 3936, 3984, 4025, 4066, 4104, 4218, 4226, 4291, 4304, 4349, 4391, 4434, 4478, 4900, 5078, 6400, 6610]@{}
http://www.comp.hkbu.edu.hk/v1/?page=sitemap?=sc?=tc?=tc?=tc?=tc?=tc@[654, 689, 735, 756, 790, 794, 798, 830, 866, 883, 1134, 1381, 1400, 1412, 1469, 1488, 1507, 1519, 1610, 1623, 1653, 1696, 1722, 1829, 1841, 1866, 1877, 2009, 2051, 2458, 2464, 2474, 2494, 2504, 2653, 2658, 2810, 3370, 3456, 3519, 3594, 3676, 3742, 3885, 3895, 3936, 3984, 4025, 4066, 4104, 4219, 4227, 4292, 4305, 4350, 4392, 4435, 4479, 4918, 5096, 6419, 6629]@{}
http://www.comp.hkbu.edu.hk/v1/?page=home?=tc?=tc?=tc?=tc@[654, 689, 735, 756, 790, 794, 798, 830, 866, 883, 1134, 1381, 1400, 1412, 1469, 1488, 1507, 1519, 1610, 1623, 1653, 1696, 1722, 1829, 1841, 1866, 1877, 2009, 2051, 2458, 2464, 2474, 2494, 2504, 2653, 2658, 2810, 3366, 3452, 3515, 3590, 3672, 3738, 3881, 3891, 3932, 3980, 4021, 4062, 4100, 4215, 4223, 4288, 4301, 4346, 4388, 4431, 4475, 4899, 5077, 6401, 6611]@{}
http://www.comp.hkbu.edu.hk/~alumni/news/../news/../news/../news/../news/../news/../news/@[588, 647, 650, 673, 745, 810, 887, 1029, 1086, 1182, 1254, 1329, 1384, 1458, 1513, 1590, 1645, 1726, 1779, 1834, 1891, 1947, 2023, 2108, 2163, 2244, 2299, 2383, 2437, 2512, 2569, 2625, 2712, 2792, 2877, 2976, 3101, 3176, 3267, 3358, 3458, 3548, 3632, 3724, 3826, 3929, 4025, 4047, 4153, 4279, 4372, 4462, 4526, 4596, 4654, 4731, 4818, 4903, 4979, 5016]@{}
http://www.comp.hkbu.edu.hk/~alumni/news/../scholarship/../news/../news/../news/../news/../news/@[588, 647, 650, 673, 745, 810, 887, 1029, 1086, 1182, 1254, 1329, 1384, 1458, 1513, 1590, 1645, 1726, 1779, 1834, 1891, 1947, 2023, 2108, 2163, 2244, 2299, 2383, 2437, 2512, 2569, 2625, 2712, 2792, 2877, 2976, 3101, 3176, 3267, 3358, 3458, 3548, 3632, 3724, 3826, 3929, 4025, 4047, 4153, 4279, 4372, 4462, 4526, 4596, 4654, 4731, 4818, 4903, 4979, 5016]@{}
http://www.comp.hkbu.edu.hk/~alumni/news/../donation/../news/../news/../news/../news/../news/@[588, 647, 650, 673, 745, 810, 887, 1029, 1086, 1182, 1254, 1329, 1384, 1458, 1513, 1590, 1645, 1726, 1779, 1834, 1891, 1947, 2023, 2108, 2163, 2244, 2299, 2383, 2437, 2512, 2569, 2625, 2712, 2792, 2877, 2976, 3101, 3176, 3267, 3358, 3458, 3548, 3632, 3724, 3826, 3929, 4025, 4047, 4153, 4279, 4372, 4462, 4526, 4596, 4654, 4731, 4818, 4903, 4979, 5016]@{}
http://www.comp.hkbu.edu.hk/v1/?page=job_vacancies?=tc?=tc?=tc?=tc?=tc?=tc?=tc@[654, 689, 735, 756, 790, 794, 798, 830, 866, 883, 1134, 1381, 1400, 1412, 1469, 1488, 1507, 1519, 1610, 1623, 1653, 1696, 1722, 1829, 1841, 1866, 1877, 2009, 2051, 2458, 2464, 2474, 2494, 2504, 2653, 2658, 2810, 3372, 3458, 3521, 3596, 3678, 3744, 3887, 3897, 3938, 3986, 4027, 4068, 4106, 4221, 4229, 4294, 4307, 4352, 4394, 4437, 4481, 4901, 5079, 6399, 6609]@{}
http://www.comp.hkbu.edu.hk/v1/?page=job_vacancies?=sc?=tc?=tc?=tc?=tc?=tc?=tc@[654, 689, 735, 756, 790, 794, 798, 830, 866, 883, 1134, 1381, 1400, 1412, 1469, 1488, 1507, 1519, 1610, 1623, 1653, 1696, 1722, 1829, 1841, 1866, 1877, 2009, 2051, 2458, 2464, 2474, 2494, 2504, 2653, 2658, 2810, 3372, 3458, 3521, 3596, 3678, 3744, 3887, 3897, 3938, 3986, 4027, 4068, 4106, 4221, 4229, 4294, 4307, 4352, 4394, 4437, 4481, 4898, 5076, 6399, 6609]@{}
http://www.comp.hkbu.edu.hk/v1/?page=sitemap?=tc?=tc?=tc?=tc?=tc?=tc?=tc@[654, 689, 735, 756, 790, 794, 798, 830, 866, 883, 1134, 1381, 1400, 1412, 1469, 1488, 1507, 1519, 1610, 1623, 1653, 1696, 1722, 1829, 1841, 1866, 1877, 2009, 2051, 2458, 2464, 2474, 2494, 2504, 2653, 2658, 2810, 3372, 3458, 3521, 3596, 3678, 3744, 3887, 3897, 3938, 3986, 4027, 4068, 4106, 4220, 4228, 4293, 4306, 4351, 4393, 4436, 4480, 4900, 5078, 6396, 6606]@{}
http://www.comp.hkbu.edu.hk/v1/?page=sitemap?=sc?=tc?=tc?=tc?=tc?=tc?=tc@[654, 689, 735, 756, 790, 794, 798, 830, 866, 883, 1134, 1381, 1400, 1412, 1469, 1488, 1507, 1519, 1610, 1623, 1653, 1696, 1722, 1829, 1841, 1866, 1877, 2009, 2051, 2458, 2464, 2474, 2494, 2504, 2653, 2658, 2810, 3372, 3458, 3521, 3596, 3678, 3744, 3887, 3897, 3938, 3986, 4027, 4068, 4106, 4220, 4228, 4293, 4306, 4351, 4393, 4436, 4480, 4902, 5080, 6411, 6621]@{}
http://www.comp.hkbu.edu.hk/v1/?page=home?=tc?=tc?=tc?=tc?=tc@[654, 689, 735, 756, 790, 794, 798, 830, 866, 883, 1134, 1381, 1400, 1412, 1469, 1488, 1507, 1519, 1610, 1623, 1653, 1696, 1722, 1829, 1841, 1866, 1877, 2009, 2051, 2458, 2464, 2474, 2494, 2504, 2653, 2658, 2810, 3368, 3454, 3517, 3592, 3674, 3740, 3883, 3893, 3934, 3982, 4023, 4064, 4102, 4217, 4225, 4290, 4303, 4348, 4390, 4433, 4477, 4902, 5080, 6405, 6615]@{}
http://www.comp.hkbu.edu.hk/~alumni/news/../news/../news/../news/../news/../news/../news/../news/@[588, 647, 650, 673, 745, 810, 887, 1029, 1086, 1182, 1254, 1329, 1384, 1458, 1513, 1590, 1645, 1726, 1779, 1834, 1891, 1947, 2023, 2108, 2163, 2244, 2299, 2383, 2437, 2512, 2569, 2625, 2712, 2792, 2877, 2976, 3101, 3176, 3267, 3358, 3458, 3548, 3632, 3724, 3826, 3929, 4025, 4047, 4153, 4279, 4372, 4462, 4526, 4596, 4654, 4731, 4818, 4903, 4979, 5016]@{}
http://www.comp.hkbu.edu.hk/~alumni/news/../scholarship/../news/../news/../news/../news/../news/../news/@[588, 647, 650, 673, 745, 810, 887, 1029, 1086, 1182, 1254, 1329, 1384, 1458, 1513, 1590, 1645, 1726, 1779, 1834, 1891, 1947, 2023, 2108, 2163, 2244, 2299, 2383, 2437, 2512, 2569, 2625, 2712, 2792, 2877, 2976, 3101, 3176, 3267, 3358, 3458, 3548, 3632, 3724, 3826, 3929, 4025, 4047, 4153, 4279, 4372, 4462, 4526, 4596, 4654, 4731, 4818, 4903, 4979, 5016]@{}
http://www.comp.hkbu.edu.hk/~alumni/news/../donation/../news/../news/../news/../news/../news/../news/@[588, 647, 650, 673, 745, 810, 887, 1029, 1086, 1182, 1254, 1329, 1384, 1458, 1513, 1590, 1645, 1726, 1779, 1834, 1891, 1947, 2023, 2108, 2163, 2244, 2299, 2383, 2437, 2512, 2569, 2625, 2712, 2792, 2877, 2976, 3101, 3176, 3267, 3358, 3458, 3548, 3632, 3724, 3826, 3929, 4025, 4047, 4153, 4279, 4372, 4462, 4526, 4596, 4654, 4731, 4818, 4903, 4979, 5016]@{}
http://www.comp.hkbu.edu.hk/v1/?page=job_vacancies?=tc?=tc?=tc?=tc?=tc?=tc?=tc?=tc@[654, 689, 735, 756, 790, 794, 798, 830, 866, 883, 1134, 1381, 1400, 1412, 1469, 1488, 1507, 1519, 1610, 1623, 1653, 1696, 1722, 1829, 1841, 1866, 1877, 2009, 2051, 2458, 2464, 2474, 2494, 2504, 2653, 2658, 2810, 3374, 3460, 3523, 3598, 3680, 3746, 3889, 3899, 3940, 3988, 4029, 4070, 4108, 4223, 4231, 4296, 4309, 4354, 4396, 4439, 4483, 4917, 5095, 6419, 6629]@{}
http://www.comp.hkbu.edu.hk/v1/?page=job_vacancies?=sc?=tc?=tc?=tc?=tc?=tc?=tc?=tc@[654, 689, 735, 756, 790, 794, 798, 830, 866, 883, 1134, 1381, 1400, 1412, 1469, 1488, 1507, 1519, 1610, 1623, 1653, 1696, 1722, 1829, 1841, 1866, 1877, 2009, 2051, 2458, 2464, 2474, 2494, 2504, 2653, 2658, 2810, 3374, 3460, 3523, 3598, 3680, 3746, 3889, 3899, 3940, 3988, 4029, 4070, 4108, 4223, 4231, 4296, 4309, 4354, 4396, 4439, 4483, 4901, 5079, 6415, 6625]@{}
http://www.comp.hkbu.edu.hk/v1/?page=sitemap?=tc?=tc?=tc?=tc?=tc?=tc?=tc?=tc@[654, 689, 735, 756, 790, 794, 798, 830, 866, 883, 1134, 1381, 1400, 1412, 1469, 1488, 1507, 1519, 1610, 1623, 1653, 1696, 1722, 1829, 1841, 1866, 1877, 2009, 2051, 2458, 2464, 2474, 2494, 2504, 2653, 2658, 2810, 3374, 3460, 3523, 3598, 3680, 3746, 3889, 3899, 3940, 3988, 4029, 4070, 4108, 4223, 4231, 4296, 4309, 4354, 4396, 4439, 4483, 4904, 5082, 6400, 6610]@{}
http://www.comp.hkbu.edu.hk/v1/?page=sitemap?=sc?=tc?=tc?=tc?=tc?=tc?=tc?=tc@[654, 689, 735, 756, 790, 794, 798, 830, 866, 883, 1134, 1381, 1400, 1412, 1469, 1488, 1507, 1519, 1610, 1623, 1653, 1696, 1722, 1829, 1841, 1866, 1877, 2009, 2051, 2458, 2464, 2474, 2494, 2504, 2653, 2658, 2810, 3374, 3460, 3523, 3598, 3680, 3746, 3889, 3899, 3940, 3988, 4029, 4070, 4108, 4223, 4231, 4296, 4309, 4354, 4396, 4439, 4483, 4918, 5096, 6426, 6636]@{}
http://www.comp.hkbu.edu.hk/v1/?page=sitemap@[200, 235, 281, 302, 336, 340, 344, 376, 412, 429, 680, 927, 946, 958, 1015, 1034, 1053, 1065, 1156, 1169, 1199, 1242, 1268, 1375, 1387, 1412, 1423, 1555, 1597, 2004, 2010, 2020, 2040, 2050, 2199, 2204, 2356, 2904, 2990, 3053, 3128, 3210, 3276, 3419, 3429, 3470, 3518, 3559, 3600, 3638, 3752, 3760, 3825, 3838, 3883, 3925, 3968, 4012]@{}
http://www.comp.hkbu.edu.hk/v1/?page=home?=tc?=tc?=tc?=tc?=tc?=tc@[654, 689, 735, 756, 790, 794, 798, 830, 866, 883, 1134, 1381, 1400, 1412, 1469, 1488, 1507, 1519, 1610, 1623, 1653, 1696, 1722, 1829, 1841, 1866, 1877, 2009, 2051, 2458, 2464, 2474, 2494, 2504, 2653, 2658, 2810, 3370, 3456, 3519, 3594, 3676, 3742, 3885, 3895, 3936, 3984, 4025, 4066, 4104, 4218, 4226, 4291, 4304, 4349, 4391, 4434, 4478, 4903, 5081, 6412, 6622]@{}
http://www.comp.hkbu.edu.hk/~alumni/news/../news/../news/../news/../news/../news/../news/../news/../news/@[588, 647, 650, 673, 745, 810, 887, 1029, 1086, 1182, 1254, 1329, 1384, 1458, 1513, 1590, 1645, 1726, 1779, 1834, 1891, 1947, 2023, 2108, 2163, 2244, 2299, 2383, 2437, 2512, 2569, 2625, 2712, 2792, 2877, 2976, 3101, 3176, 3267, 3358, 3458, 3548, 3632, 3724, 3826, 3929, 4025, 4047, 4153, 4279, 4372, 4462, 4526, 4596, 4654, 4731, 4818, 4903, 4979, 5016]@{}
http://www.comp.hkbu.edu.hk/~alumni/news/../scholarship/../news/../news/../news/../news/../news/../news/../news/@[588, 647, 650, 673, 745, 810, 887, 1029, 1086, 1182, 1254, 1329, 1384, 1458, 1513, 1590, 1645, 1726, 1779, 1834, 1891, 1947, 2023, 2108, 2163, 2244, 2299, 2383, 2437, 2512, 2569, 2625, 2712, 2792, 2877, 2976, 3101, 3176, 3267, 3358, 3458, 3548, 3632, 3724, 3826, 3929, 4025, 4047, 4153, 4279, 4372, 4462, 4526, 4596, 4654, 4731, 4818, 4903, 4979, 5016]@{}
http://www.comp.hkbu.edu.hk/~alumni/news/../donation/../news/../news/../news/../news/../news/../news/../news/@[588, 647, 650, 673, 745, 810, 887, 1029, 1086, 1182, 1254, 1329, 1384, 1458, 1513, 1590, 1645, 1726, 1779, 1834, 1891, 1947, 2023, 2108, 2163, 2244, 2299, 2383, 2437, 2512, 2569, 2625, 2712, 2792, 2877, 2976, 3101, 3176, 3267, 3358, 3458, 3548, 3632, 3724, 3826, 3929, 4025, 4047, 4153, 4279, 4372, 4462, 4526, 4596, 4654, 4731, 4818, 4903, 4979, 5016]@{}
http://www.comp.hkbu.edu.hk/v1/?page=job_vacancies?=tc?=tc?=tc?=tc?=tc?=tc?=tc?=tc?=tc@[654, 689, 735, 756, 790, 794, 798, 830, 866, 883, 1134, 1381, 1400, 1412, 1469, 1488, 1507, 1519, 1610, 1623, 1653, 1696, 1722, 1829, 1841, 1866, 1877, 2009, 2051, 2458, 2464, 2474, 2494, 2504, 2653, 2658, 2810, 3376, 3462, 3525, 3600, 3682, 3748, 3891, 3901, 3942, 3990, 4031, 4072, 4110, 4225, 4233, 4298, 4311, 4356, 4398, 4441, 4485, 4917, 5095, 6418, 6628]@{}
http://www.comp.hkbu.edu.hk/v1/?page=job_vacancies?=sc?=tc?=tc?=tc?=tc?=tc?=tc?=tc?=tc@[654, 689, 735, 756, 790, 794, 798, 830, 866, 883, 1134, 1381, 1400, 1412, 1469, 1488, 1507, 1519, 1610, 1623, 1653, 1696, 1722, 1829, 1841, 1866, 1877, 2009, 2051, 2458, 2464, 2474, 2494, 2504, 2653, 2658, 2810, 3376, 3462, 3525, 3600, 3682, 3748, 3891, 3901, 3942, 3990, 4031, 4072, 4110, 4225, 4233, 4298, 4311, 4356, 4398, 4441, 4485, 4916, 5094, 6422, 6632]@{}
http://www.comp.hkbu.edu.hk/v1/?page=sitemap?=tc?=tc?=tc?=tc?=tc?=tc?=tc?=tc?=tc@[654, 689, 735, 756, 790, 794, 798, 830, 866, 883, 1134, 1381, 1400, 1412, 1469, 1488, 1507, 1519, 1610, 1623, 1653, 1696, 1722, 1829, 1841, 1866, 1877, 2009, 2051, 2458, 2464, 2474, 2494, 2504, 2653, 2658, 2810, 3376, 3462, 3525, 3600, 3682, 3748, 3891, 3901, 3942, 3990, 4031, 4072, 4110, 4224, 4232, 4297, 4310, 4355, 4397, 4440, 4484, 4901, 5079, 6400, 6610]@{}
http://www.comp.hkbu.edu.hk/v1/?page=sitemap?=sc?=tc?=tc?=tc?=tc?=tc?=tc?=tc?=tc@[654, 689, 735, 756, 790, 794, 798, 830, 866, 883, 1134, 1381, 1400, 1412, 1469, 1488, 1507, 1519, 1610, 1623, 1653, 1696, 1722, 1829, 1841, 1866, 1877, 2009, 2051, 2458, 2464, 2474, 2494, 2504, 2653, 2658, 2810, 3376, 3462, 3525, 3600, 3682, 3748, 3891, 3901, 3942, 3990, 4031, 4072, 4110, 4224, 4232, 4297, 4310, 4355, 4397, 4440, 4484, 4919, 5097, 6424, 6634]@{}
http://www.comp.hkbu.edu.hk/v1/?lang=tc@[654, 689, 735, 756, 790, 794, 798, 830, 866, 883, 1134, 1381, 1400, 1412, 1469, 1488, 1507, 1519, 1610, 1623, 1653, 1696, 1722, 1829, 1841, 1866, 1877, 2009, 2051, 2458, 2464, 2474, 2494, 2504, 2653, 2658, 2810, 3354, 3440, 3503, 3578, 3660, 3726, 3869, 3879, 3920, 3968, 4009, 4050, 4088, 4202, 4210, 4275, 4288, 4333, 4375, 4418, 4462, 4901, 5079, 6412, 6622]@{}
http://www.comp.hkbu.edu.hk/~alumni/news/@[588, 647, 650, 673, 745, 810, 887, 1029, 1086, 1182, 1254, 1329, 1384, 1458, 1513, 1590, 1645, 1726, 1779, 1834, 1891, 1947, 2023, 2108, 2163, 2244, 2299, 2383, 2437, 2512, 2569, 2625, 2712, 2792, 2877, 2976, 3101, 3176, 3267, 3358, 3458, 3548, 3632, 3724, 3826, 3929, 4025, 4047, 4153, 4279, 4372, 4462, 4526, 4596, 4654, 4731, 4818, 4903, 4979, 5016]@{}
http://www.sci.hkbu.edu.hk/eng/page/@[2495, 2533, 3045]@{}
http://www.sci.hkbu.edu.hk/eng/about-us/honorary-doctorate@[2669, 2733, 2813, 2892, 2973, 3052, 3132, 3211, 3290]@{}
http://www.sci.hkbu.edu.hk/eng/about-us/distinguished-professorship/eng/page/?page=prospective-students@[3099, 3171, 3244, 3321, 3393, 3467, 3539, 3606, 3678, 3754]@{}
http://www.sci.hkbu.edu.hk/eng/about-us/honorary-doctorate/eng/page/?page=prospective-students@[3099, 3171, 3244, 3321, 3393, 3467, 3539, 3606, 3678, 3754]@{}
http://www.sci.hkbu.edu.hk/eng/about-us/distinguished-professor-of-science@[2633, 2672, 2747, 2833, 2933, 3011, 3102, 3182, 3280, 3356]@{}
http://www.sci.hkbu.edu.hk/eng/about-us/dr-kennedy-wong-distinguished-visiting-professorship-scheme@[2681, 2793, 2902, 3002]@{}
http://www.sci.hkbu.edu.hk/eng/about-us/distinguished-professor-of-science/eng/page/?page=prospective-students@[3099, 3171, 3244, 3321, 3393, 3467, 3539, 3606, 3678, 3754]@{}
http://www.sci.hkbu.edu.hk/eng/about-us/dr-kennedy-wong-distinguished-visiting-professorship-scheme/eng/page/?page=prospective-students@[3099, 3171, 3244, 3321, 3393, 3467, 3539, 3606, 3678, 3754]@{}
http://www.sci.hkbu.edu.hk/eng/page/eng/about-us/vision-mission@[3099, 3171, 3244, 3321, 3393, 3467, 3539, 3606, 3678, 3754]@{}
http://www.sci.hkbu.edu.hk/eng/page/eng/about-us/faculty-advisory-committee@[3099, 3171, 3244, 3321, 3393, 3467, 3539, 3606, 3678, 3754]@{}
http://www.sci.hkbu.edu.hk/eng@[3099, 3171, 3244, 3321, 3393, 3467, 3539, 3606, 3678, 3754]@{}
http://www.sci.hkbu.edu.hk/eng/about-us/vision-mission@[2770, 2821, 2870]@{}
http://www.sci.hkbu.edu.hk/eng/about-us/faculty-advisory-committee@[2801]@{}
http://www.sci.hkbu.edu.hk/eng/about-us/vision-mission/eng/page/?page=prospective-students@[3099, 3171, 3244, 3321, 3393, 3467, 3539, 3606, 3678, 3754]@{}
http://www.sci.hkbu.edu.hk/eng/about-us/faculty-advisory-committee/eng/page/?page=prospective-students@[3099, 3171, 3244, 3321, 3393, 3467, 3539, 3606, 3678, 3754]@{}
