http://www.comp.hkbu.edu.hk@[93, 151, 212]@[93, 151, 212]
https://www.instagram.com/hkbu.comp@[7]@[]
https://www.comp.hkbu.edu.hk/v1/?page=library@[110, 332, 457, 461, 466, 493, 500, 510, 522, 525, 533, 650, 660, 711, 745, 765, 816, 858, 864, 898, 918, 969, 1011, 1017, 1051, 1071, 1122, 1164, 1185, 1279, 1283]@[110, 332, 457, 461, 466, 493, 500, 510, 522, 525, 533, 650, 660, 711, 745, 765, 816, 858, 864, 898, 918, 969, 1011, 1017, 1051, 1071, 1122, 1164, 1185, 1279, 1283]
https://www.comp.hkbu.edu.hk/v1/?page=job_vacancies@[87, 148, 155, 171, 179, 185]@[87, 148, 155, 171, 179, 185]
https://www.comp.hkbu.edu.hk/v1/?page=intranet@[86, 112]@[86, 112]
https://www.comp.hkbu.edu.hk/v1/?page=sitemap@[86, 190, 235, 252, 360, 385, 401, 421, 432, 435, 439, 445, 466, 482, 485, 493, 543, 562, 571]@[86, 190, 235, 252, 360, 385, 401, 421, 432, 435, 439, 445, 466, 482, 485, 493, 543, 562, 571]
https://www.comp.hkbu.edu.hk/v1/?page=home@[93, 180, 208]@[93, 180, 208]
https://www.comp.hkbu.edu.hk/v1/?page=about_us@[87]@[87]
https://iss.hkbu.edu.hk/buam/buam2/reset_pwd/verify_acct.seam@[7]@[7]
https://iss.hkbu.edu.hk/buam/buam2/change_pwd/index.seam@[67]@[67]
https://library.hkbu.edu.hk/happenings/news/service-arrangements-7-sep-2020@[116, 338, 461, 483, 774, 866, 1017, 1054, 1068, 1118, 1143, 1181, 1185]@[116, 338, 461, 483, 774, 866, 1017, 1054, 1068, 1118, 1143, 1181, 1185]
https://www.comp.hkbu.edu.hk/v1/?page=people@[86]@[86]
https://www.comp.hkbu.edu.hk/v1/?page=research@[85]@[85]
https://www.comp.hkbu.edu.hk/v1/?page=prospective_students@[87]@[87]
https://www.comp.hkbu.edu.hk/v1/?page=current_students@[87]@[87]
https://www.comp.hkbu.edu.hk/v1/?page=facilities@[86, 113]@[86, 113]
https://www.comp.hkbu.edu.hk/v1/?page=head@[88, 146, 207, 218, 223, 244, 248, 250, 253, 267, 269, 296, 311, 326, 349, 364, 370, 396, 403, 406, 409, 429, 432, 469, 492]@[88, 146, 207, 218, 223, 244, 248, 250, 253, 267, 269, 296, 311, 326, 349, 364, 370, 396, 403, 406, 409, 429, 432, 469, 492]
https://iss.hkbu.edu.hk/buam/buam2/reset_pwd_alumni/verify_acct.seam@[41]@[41]
https://www.hkbu.edu.hk/eng/main/index.jsp@[36, 40, 50, 54, 61, 82, 86, 94, 98, 103, 111, 162, 171, 205, 209, 219, 223, 230, 251, 255, 263, 267, 272, 280]@[36, 40, 50, 54, 61, 82, 86, 94, 98, 103, 111, 162, 171, 205, 209, 219, 223, 230, 251, 255, 263, 267, 272, 280]
https://www.comp.hkbu.edu.hk/v1/?page=whats_new@[87, 222, 258, 271, 297, 316, 327, 338, 422, 435, 565, 585, 634, 666, 721, 744, 770, 790, 833, 925, 947, 956, 961, 987, 1087, 1132, 1208, 1217, 1226, 1272, 1286, 1333, 1496, 1555, 1570, 1594, 1632, 1783, 1828, 1935, 1963, 1975, 1983, 2044, 2097, 2168, 2185, 2200, 2245, 2348, 2399, 2493, 2530, 2556, 2642, 2660, 2751, 2782, 2855, 2933, 2978, 2999, 3030, 3109, 3266, 3466, 3483, 3488, 3534, 3555, 3564, 3898, 3955, 3962, 3977, 3987, 4118, 4220, 4236]@[87, 222, 258, 271, 297, 316, 327, 338, 422, 435, 565, 585, 634, 666, 721, 744, 770, 790, 833, 925, 947, 956, 961, 987, 1087, 1132, 1208, 1217, 1226, 1272, 1286, 1333, 1496, 1555, 1570, 1594, 1632, 1783, 1828, 1935, 1963, 1975, 1983, 2044, 2097, 2168, 2185, 2200, 2245, 2348, 2399, 2493, 2530, 2556, 2642, 2660, 2751, 2782, 2855, 2933, 2978, 2999, 3030, 3109, 3266, 3466, 3483, 3488, 3534, 3555, 3564, 3898, 3955, 3962, 3977, 3987, 4118, 4220, 4236]
https://www.comp.hkbu.edu.hk/v1/?page=achievements@[87]@[87]
https://www.comp.hkbu.edu.hk/v1/?page=newsletter@[86]@[86]
https://www.comp.hkbu.edu.hk/v1/?page=dept_profile@[86]@[86]
https://www.comp.hkbu.edu.hk/v1/?page=video_introduction@[87, 120, 128, 149]@[87, 120, 128, 149]
https://www.comp.hkbu.edu.hk/v1/?page=contact@[87]@[87]
https://aao.hkbu.edu.hk/en/contact/index.php@[26, 34, 44, 83, 105, 109, 122, 133, 139, 146, 154, 167, 200, 232]@[26, 34, 44, 83, 105, 109, 122, 133, 139, 146, 154, 167, 200, 232]
https://www.comp.hkbu.edu.hk/v1/?page=faculty@[87, 118, 130, 141, 159, 167, 180, 209, 266, 287, 420, 429]@[87, 118, 130, 141, 159, 167, 180, 209, 266, 287, 420, 429]
https://www.comp.hkbu.edu.hk/v1/?page=admin@[87]@[87]
https://www.comp.hkbu.edu.hk/v1/?page=research_staff@[87, 284]@[87, 284]
https://www.comp.hkbu.edu.hk/v1/?page=pg_students@[87]@[87]
https://www.comp.hkbu.edu.hk/v1/?page=research_areas@[86, 121, 127, 133, 137, 140, 153, 155]@[86, 121, 127, 133, 137, 140, 153, 155]
https://www.comp.hkbu.edu.hk/v1/?page=centres@[88, 139, 141, 188, 239, 246, 306, 335, 349, 369, 381, 392, 403, 420]@[88, 139, 141, 188, 239, 246, 306, 335, 349, 369, 381, 392, 403, 420]
https://www.hkbu.edu.hk/eng/about/privacy.jsp@[34, 38, 48, 52, 59, 80, 84, 92, 96, 101, 109, 132, 136, 146, 150, 157, 191, 203, 251, 258, 276, 279, 323, 348, 368, 377, 388, 392, 610, 666, 725, 803, 860, 887, 924, 930, 944, 996, 1000, 1085, 1157, 1170, 1215, 1217, 1231, 1236, 1291, 1297, 1328, 1346, 1405, 1413, 1490, 1497, 1539, 1584, 1610, 1613, 1631, 1637, 1642, 1660, 1668, 1670, 1685, 1704, 1707, 1712, 1734, 1776, 1831, 1855, 1914, 1927, 1932, 1958, 1985, 2003, 2015, 2021, 2034, 2039, 2041, 2044, 2064, 2072, 2111, 2118, 2131, 2140, 2186, 2190, 2200, 2204, 2211, 2232, 2236, 2244, 2248, 2253, 2261]@[34, 38, 48, 52, 59, 80, 84, 92, 96, 101, 109, 132, 136, 146, 150, 157, 191, 203, 251, 258, 276, 279, 323, 348, 368, 377, 388, 392, 610, 666, 725, 803, 860, 887, 924, 930, 944, 996, 1000, 1085, 1157, 1170, 1215, 1217, 1231, 1236, 1291, 1297, 1328, 1346, 1405, 1413, 1490, 1497, 1539, 1584, 1610, 1613, 1631, 1637, 1642, 1660, 1668, 1670, 1685, 1704, 1707, 1712, 1734, 1776, 1831, 1855, 1914, 1927, 1932, 1958, 1985, 2003, 2015, 2021, 2034, 2039, 2041, 2044, 2064, 2072, 2111, 2118, 2131, 2140, 2186, 2190, 2200, 2204, 2211, 2232, 2236, 2244, 2248, 2253, 2261]
https://www.comp.hkbu.edu.hk/v1/?page=funded_projects@[87, 196, 353, 396, 412, 472, 505, 557, 565, 595, 636, 724, 760, 908, 952, 966, 1031, 1041, 1061, 1138, 1152, 1187, 1210, 1265, 1307, 1363, 1392, 1444, 1474, 1492, 1567, 1601, 1656, 1725, 1748, 1776, 1821, 1899, 2037, 2109, 2123, 2198, 2206, 2253, 2297, 2302, 2401, 2435, 2587, 2653, 2674, 2876, 2919, 2928, 2939, 2959, 3035, 3115, 3124, 3148, 3184, 3228, 3245, 3302, 3330, 3368, 3383, 3411, 3449, 3632, 3635, 3653, 3710, 3783, 3850]@[87, 196, 353, 396, 412, 472, 505, 557, 565, 595, 636, 724, 760, 908, 952, 966, 1031, 1041, 1061, 1138, 1152, 1187, 1210, 1265, 1307, 1363, 1392, 1444, 1474, 1492, 1567, 1601, 1656, 1725, 1748, 1776, 1821, 1899, 2037, 2109, 2123, 2198, 2206, 2253, 2297, 2302, 2401, 2435, 2587, 2653, 2674, 2876, 2919, 2928, 2939, 2959, 3035, 3115, 3124, 3148, 3184, 3228, 3245, 3302, 3330, 3368, 3383, 3411, 3449, 3632, 3635, 3653, 3710, 3783, 3850]
https://www.comp.hkbu.edu.hk/v1/?page=journal_editorship@[87, 195, 211, 225, 261, 271, 287, 327]@[87, 195, 211, 225, 261, 271, 287, 327]
https://www.comp.hkbu.edu.hk/v1/?page=technical_reports@[87, 124, 137]@[87, 124, 137]
https://www.comp.hkbu.edu.hk/v1/?pid=32@[86, 115, 135, 169, 186, 191, 317, 372, 377, 445]@[86, 115, 135, 169, 186, 191, 317, 372, 377, 445]
https://www.comp.hkbu.edu.hk/v1/?page=4_prospective_stud_ug_prog@[12, 103, 122, 144, 154]@[103, 122, 144, 154]
https://www.comp.hkbu.edu.hk/v1/?page=4_prospective_stud_ug_prog_nj@[12, 100, 118, 140, 150]@[100, 118, 140, 150]
https://www.comp.hkbu.edu.hk/v1/?page=prospective_stud_pg@[86]@[86]
https://www.hkbu.edu.hk/eng/staff/staff.jsp@[33, 37, 47, 51, 58, 79, 83, 91, 95, 100, 108, 127, 144, 148, 158, 162, 169, 190, 194, 202, 206, 211, 219]@[33, 37, 47, 51, 58, 79, 83, 91, 95, 100, 108, 127, 144, 148, 158, 162, 169, 190, 194, 202, 206, 211, 219]
https://www.comp.hkbu.edu.hk/v1/?page=mscais@[89, 102, 117, 132, 143, 149, 262]@[89, 102, 117, 132, 143, 149, 262]
https://www.comp.hkbu.edu.hk/v1/?page=mscitm@[95, 106, 117, 123, 236]@[95, 106, 117, 123, 236]
https://www.comp.hkbu.edu.hk/v1/?page=current_stud_ug@[86, 128, 155, 181, 206, 222, 242, 253, 256, 260, 266]@[86, 128, 155, 181, 206, 222, 242, 253, 256, 260, 266]
https://www.comp.hkbu.edu.hk/v1/?page=current_stud_pg@[86, 107, 123, 126, 134]@[86, 107, 123, 126, 134]
https://www.comp.hkbu.edu.hk/v1/?pid=273@[89, 102, 117, 132, 143, 149, 262]@[89, 102, 117, 132, 143, 149, 262]
https://www.comp.hkbu.edu.hk/v1/?pid=95@[95, 106, 117, 123, 236]@[95, 106, 117, 123, 236]
https://www.comp.hkbu.edu.hk/v1/?pid=128@[86, 140, 148, 165, 182]@[86, 140, 148, 165, 182]
https://aao.hkbu.edu.hk/en/home/index.php@[96]@[96]
https://www.hkbu.edu.hk/eng/visitors/visitors.jsp@[33, 37, 47, 51, 58, 79, 83, 91, 95, 100, 108, 129, 142, 155, 162, 169, 196, 216, 239, 254, 258, 268, 272, 279, 300, 304, 312, 316, 321, 329]@[33, 37, 47, 51, 58, 79, 83, 91, 95, 100, 108, 129, 142, 155, 162, 169, 196, 216, 239, 254, 258, 268, 272, 279, 300, 304, 312, 316, 321, 329]
https://www.comp.hkbu.edu.hk@[93, 147, 214]@[93, 147, 214]
https://www.comp.hkbu.edu.hk/v1/?pid=174@[88]@[88]
https://www.comp.hkbu.edu.hk/v1/?pid=175@[3, 91, 113]@[91, 113]
https://www.comp.hkbu.edu.hk/v1/?page=facilities_teaching@[87, 114, 130, 156, 183, 191, 212, 220, 254, 264, 266, 273, 301, 331, 345, 368, 381, 414, 417, 427, 434, 437]@[87, 114, 130, 156, 183, 191, 212, 220, 254, 264, 266, 273, 301, 331, 345, 368, 381, 414, 417, 427, 434, 437]
https://www.comp.hkbu.edu.hk/msc/itm/en@[95, 106, 117, 123, 236]@[95, 106, 117, 123, 236]
https://www.comp.hkbu.edu.hk/v1/?page=facilities_research@[86, 114, 158, 211, 216, 232, 238, 242, 247, 257, 267, 289, 301, 306]@[86, 114, 158, 211, 216, 232, 238, 242, 247, 257, 267, 289, 301, 306]
https://www.hkbu.edu.hk/eng/media/media1.jsp@[33, 37, 47, 51, 58, 79, 83, 91, 95, 100, 108, 139, 167, 192, 207, 211, 221, 225, 232, 253, 257, 265, 269, 274, 282]@[33, 37, 47, 51, 58, 79, 83, 91, 95, 100, 108, 139, 167, 192, 207, 211, 221, 225, 232, 253, 257, 265, 269, 274, 282]
https://www.comp.hkbu.edu.hk/v1/?page=news@[87, 222, 258, 271, 297, 316, 327, 338, 422, 435, 565, 585, 634, 666, 721, 744, 770, 790, 833, 925, 947, 956, 961, 987, 1087, 1132, 1208, 1217, 1226, 1272, 1286, 1333, 1496, 1555, 1570, 1594, 1632, 1783, 1828, 1935, 1963, 1975, 1983, 2044, 2097, 2168, 2185, 2200, 2245, 2348, 2399, 2493, 2530, 2556, 2642, 2660, 2751, 2782, 2855, 2933, 2978, 2999, 3030, 3109, 3266, 3466, 3483, 3488, 3534, 3555, 3564, 3898, 3955, 3962, 3977, 3987, 4118, 4220, 4236]@[87, 222, 258, 271, 297, 316, 327, 338, 422, 435, 565, 585, 634, 666, 721, 744, 770, 790, 833, 925, 947, 956, 961, 987, 1087, 1132, 1208, 1217, 1226, 1272, 1286, 1333, 1496, 1555, 1570, 1594, 1632, 1783, 1828, 1935, 1963, 1975, 1983, 2044, 2097, 2168, 2185, 2200, 2245, 2348, 2399, 2493, 2530, 2556, 2642, 2660, 2751, 2782, 2855, 2933, 2978, 2999, 3030, 3109, 3266, 3466, 3483, 3488, 3534, 3555, 3564, 3898, 3955, 3962, 3977, 3987, 4118, 4220, 4236]
https://www.comp.hkbu.edu.hk/v1/?page=awards_and_scholarships@[1, 88, 108]@[88, 108]
https://www.comp.hkbu.edu.hk/v1/?page=events@[86, 162, 223, 232, 241, 247, 256, 275, 317, 331, 356, 430, 470, 485, 516, 554, 657, 667, 727, 772, 807, 849, 860, 881, 897, 938, 1031, 1046, 1081, 1129, 1148, 1167, 1190, 1207, 1247, 1251, 1268, 1294, 1298, 1312, 1363, 1373, 1386, 1398, 1420, 1438, 1517, 1535, 1557, 1591, 1607, 1615, 1647, 1682, 1736, 1818, 1843, 1849, 1878, 1889, 1904, 1938, 1948, 2001, 2020, 2038, 2067, 2096, 2135, 2242, 2265, 2391, 2426, 2457, 2466, 2486, 2511, 2543, 2576, 2580, 2596, 2608, 2655, 2680, 2685, 2703, 2759, 2768, 2833, 2875, 2909, 2920, 3001, 3014, 3022, 3069, 3082, 3087, 3101, 3152, 3156, 3171, 3195, 3204, 3216, 3235, 3263, 3284, 3296, 3312, 3333, 3369, 3395, 3403, 3478, 3524, 3571, 3581, 3650, 3700, 3713, 3752, 3792, 3807, 3830, 3840, 3889, 3976, 4015, 4067, 4180, 4200, 4274, 4279, 4326, 4330, 4380, 4416, 4472, 4494, 4508, 4517, 4544, 4586, 4630, 4698, 4709, 4721, 4770, 4783, 4819, 4849, 4867, 4872, 4895, 4904, 4914, 5020, 5045, 5049, 5079, 5100, 5124, 5156, 5235, 5287, 5308, 5339, 5419, 5429, 5515, 5583, 5591, 5624, 5658, 5689, 5702, 5721, 5736, 5745, 5804, 5823, 5863, 5872, 5948, 6025, 6028, 6038, 6050, 6068, 6113, 6116, 6128, 6147, 6213, 6232, 6264, 6276, 6287, 6351, 6375, 6380, 6393, 6433, 6534, 6560, 6603, 6625, 6678, 6735, 6759, 6770, 6782, 6798, 6849, 6869, 6917, 6976, 6988, 7080, 7110, 7168, 7183, 7222, 7236, 7244, 7266, 7277, 7304, 7309, 7359, 7373, 7405, 7408, 7430, 7479, 7520, 7611, 7663, 7669, 7838, 7846, 7857, 7928, 7942, 7995, 8010, 8086, 8091, 8102, 8110, 8149, 8172, 8183, 8284]@[86, 162, 223, 232, 241, 247, 256, 275, 317, 331, 356, 430, 470, 485, 516, 554, 657, 667, 727, 772, 807, 849, 860, 881, 897, 938, 1031, 1046, 1081, 1129, 1148, 1167, 1190, 1207, 1247, 1251, 1268, 1294, 1298, 1312, 1363, 1373, 1386, 1398, 1420, 1438, 1517, 1535, 1557, 1591, 1607, 1615, 1647, 1682, 1736, 1818, 1843, 1849, 1878, 1889, 1904, 1938, 1948, 2001, 2020, 2038, 2067, 2096, 2135, 2242, 2265, 2391, 2426, 2457, 2466, 2486, 2511, 2543, 2576, 2580, 2596, 2608, 2655, 2680, 2685, 2703, 2759, 2768, 2833, 2875, 2909, 2920, 3001, 3014, 3022, 3069, 3082, 3087, 3101, 3152, 3156, 3171, 3195, 3204, 3216, 3235, 3263, 3284, 3296, 3312, 3333, 3369, 3395, 3403, 3478, 3524, 3571, 3581, 3650, 3700, 3713, 3752, 3792, 3807, 3830, 3840, 3889, 3976, 4015, 4067, 4180, 4200, 4274, 4279, 4326, 4330, 4380, 4416, 4472, 4494, 4508, 4517, 4544, 4586, 4630, 4698, 4709, 4721, 4770, 4783, 4819, 4849, 4867, 4872, 4895, 4904, 4914, 5020, 5045, 5049, 5079, 5100, 5124, 5156, 5235, 5287, 5308, 5339, 5419, 5429, 5515, 5583, 5591, 5624, 5658, 5689, 5702, 5721, 5736, 5745, 5804, 5823, 5863, 5872, 5948, 6025, 6028, 6038, 6050, 6068, 6113, 6116, 6128, 6147, 6213, 6232, 6264, 6276, 6287, 6351, 6375, 6380, 6393, 6433, 6534, 6560, 6603, 6625, 6678, 6735, 6759, 6770, 6782, 6798, 6849, 6869, 6917, 6976, 6988, 7080, 7110, 7168, 7183, 7222, 7236, 7244, 7266, 7277, 7304, 7309, 7359, 7373, 7405, 7408, 7430, 7479, 7520, 7611, 7663, 7669, 7838, 7846, 7857, 7928, 7942, 7995, 8010, 8086, 8091, 8102, 8110, 8149, 8172, 8183, 8284]
https://www.comp.hkbu.edu.hk/v1/?pid=14@[87, 120, 128, 149]@[87, 120, 128, 149]
https://www.comp.hkbu.edu.hk/v1/?page=highlights@[86, 119, 126, 133, 140, 146, 176, 180, 186, 204, 225, 241, 262, 270, 280, 287, 304, 307, 316, 326, 339, 347, 387, 403, 413, 480, 509, 542, 572, 653, 703, 710, 725, 729, 734, 760, 773, 785, 858, 860, 892, 932, 936, 955, 982, 997, 1051, 1080, 1094, 1097, 1114, 1153, 1177, 1180, 1209, 1228, 1252, 1268, 1274, 1290, 1295, 1313, 1319, 1382, 1398, 1415, 1423, 1436, 1459, 1463, 1488, 1526, 1531, 1547, 1571, 1612, 1728, 1743, 1781, 1823, 1852, 1859, 1877, 1891, 1894, 1913, 1936, 1941, 1949]@[86, 119, 126, 133, 140, 146, 176, 180, 186, 204, 225, 241, 262, 270, 280, 287, 304, 307, 316, 326, 339, 347, 387, 403, 413, 480, 509, 542, 572, 653, 703, 710, 725, 729, 734, 760, 773, 785, 858, 860, 892, 932, 936, 955, 982, 997, 1051, 1080, 1094, 1097, 1114, 1153, 1177, 1180, 1209, 1228, 1252, 1268, 1274, 1290, 1295, 1313, 1319, 1382, 1398, 1415, 1423, 1436, 1459, 1463, 1488, 1526, 1531, 1547, 1571, 1612, 1728, 1743, 1781, 1823, 1852, 1859, 1877, 1891, 1894, 1913, 1936, 1941, 1949]
https://www.comp.hkbu.edu.hk/v1/?pid=16@[87]@[87]
https://foundation.hkbu.edu.hk/en/ways-to-give@[490, 497, 550, 594, 618, 657, 665, 719, 729, 753]@[490, 497, 550, 594, 618, 657, 665, 719, 729, 753]
https://pers.hkbu.edu.hk/job@[15, 25, 71, 115, 170, 206, 255]@[71, 115, 170, 206, 255]
https://www.comp.hkbu.edu.hk/outreach@[4, 18, 41]@[18, 41]
https://www.comp.hkbu.edu.hk/v1/?pid=77@[86, 135, 257, 317, 362, 652, 786, 1054, 1082, 1097, 1126, 1141, 1156]@[86, 135, 257, 317, 362, 652, 786, 1054, 1082, 1097, 1126, 1141, 1156]
https://www.comp.hkbu.edu.hk/v1/?page=career_wt@[88]@[88]
https://www.comp.hkbu.edu.hk/v1/?page=driving_direction@[87]@[87]
https://foundation.hkbu.edu.hk/en@[507, 514, 567, 644, 668, 767, 780, 816, 909, 912, 940, 954, 985, 1021, 1120, 1122]@[507, 514, 567, 644, 668, 767, 780, 816, 909, 912, 940, 954, 985, 1021, 1120, 1122]
https://www.comp.hkbu.edu.hk/v1/?pid=124@[92, 129, 143, 199, 206, 217, 247, 290, 293, 298, 338, 344, 377]@[92, 129, 143, 199, 206, 217, 247, 290, 293, 298, 338, 344, 377]
https://www.comp.hkbu.edu.hk/v1/?pid=125@[94, 131, 145, 159, 177, 191, 247]@[94, 131, 145, 159, 177, 191, 247]
https://forms.gle/DjStXN8kEpUVwTW38@[32]@[]
https://foundation.hkbu.edu.hk/en/contact-us@[490, 497, 550]@[490, 497, 550]
https://foundation.hkbu.edu.hk/en/user/login@[490, 497, 550]@[490, 497, 550]
https://ito.hkbu.edu.hk/index.php/services-2/account-password/#tab-3@[57, 65, 89, 122, 143, 183, 207, 321, 336, 429, 462, 487, 591, 622]@[57, 65, 89, 122, 143, 183, 207, 321, 336, 429, 462, 487, 591, 622]
https://policies.google.com/terms@[150, 174, 224, 281, 342, 353, 370, 436, 451, 478, 518, 544, 556, 562, 593, 597, 664, 683, 686, 688, 710, 719, 757, 786, 797, 843, 853, 872, 939, 950, 996, 1089, 1121, 1358, 1371, 1396, 1470, 1483, 1487, 1494, 1503, 1538, 1543, 1564, 1615, 1750, 1812, 1837, 1862, 1909, 1935, 2035, 2053, 2082, 2143, 2260, 2496, 2547, 2566, 2640, 2663, 2707, 2746, 2769, 2774, 2825, 2927, 2963, 3079, 3239, 3299, 3301, 3414, 3517, 3551, 3617, 3663, 3700, 3720, 3783, 3815, 3870, 3877, 3880, 3919, 3944, 3961, 3977, 3981, 4005, 4064, 4087]@[150, 174, 224, 281, 342, 353, 370, 436, 451, 478, 518, 544, 556, 562, 593, 597, 664, 683, 686, 688, 710, 719, 757, 786, 797, 843, 853, 872, 939, 950, 996, 1089, 1121, 1358, 1371, 1396, 1470, 1483, 1487, 1494, 1503, 1538, 1543, 1564, 1615, 1750, 1812, 1837, 1862, 1909, 1935, 2035, 2053, 2082, 2143, 2260, 2496, 2547, 2566, 2640, 2663, 2707, 2746, 2769, 2774, 2825, 2927, 2963, 3079, 3239, 3299, 3301, 3414, 3517, 3551, 3617, 3663, 3700, 3720, 3783, 3815, 3870, 3877, 3880, 3919, 3944, 3961, 3977, 3981, 4005, 4064, 4087]
https://policies.google.com/privacy@[114, 121, 143, 150, 228, 242, 247, 255, 267, 271, 304, 309, 317, 358, 373, 393, 398, 483, 496, 590, 660, 663, 668, 672, 698, 715, 733, 737, 747, 750, 765, 777, 781, 842, 859, 905, 909, 912, 935, 958, 963, 985, 989, 996, 1008, 1088, 1105, 1182, 1219, 1240, 1252, 1271, 1362, 1429, 1438, 1457, 1475, 1486, 1612, 1624, 1645, 1672, 1714, 1796, 1824, 1835, 1844, 1851, 1903, 1917, 1960, 2006, 2022, 2056, 2101, 2131, 2165, 2178, 2190, 2217, 2292, 2295, 2323, 2356, 2365, 2389, 2416, 2419, 2459, 2499, 2504, 2510, 2528, 2531, 2605, 2635, 2784, 2832, 2853, 2977, 2996, 3067, 3082, 3089, 3094, 3158, 3220, 3262, 3295, 3352, 3361, 3379, 3395, 3432, 3448, 3472, 3494, 3574, 3627, 3712, 3734, 3758, 3796, 3804, 3837, 3859, 3982, 3988, 4032, 4104, 4190, 4218, 4265, 4288, 4366, 4425, 4480, 4534, 4574, 4611, 4633, 4645, 4661, 4955, 4960, 5062, 5093, 5198, 5214, 5227, 5312, 5442, 5450, 5513, 5519, 5527, 5542, 5551, 5579, 5622, 5638, 5729, 5758, 5816, 5838, 5875, 5949, 5964, 6023, 6027, 6049, 6129, 6165, 6239, 6243, 6251, 6284, 6293, 6306, 6328, 6334, 6375, 6418, 6461, 6512, 6585, 6711, 6715, 6788, 6836, 6852, 6856, 6860, 6914, 6945, 6948, 6987, 7012, 7042, 7055, 7091, 7096, 7109, 7120, 7168, 7210, 7225, 7274, 7383, 7397, 7401, 7410, 7433, 7476, 7500, 7508, 7517, 7557, 7563]@[114, 121, 143, 150, 228, 242, 247, 255, 267, 271, 304, 309, 317, 358, 373, 393, 398, 483, 496, 590, 660, 663, 668, 672, 698, 715, 733, 737, 747, 750, 765, 777, 781, 842, 859, 905, 909, 912, 935, 958, 963, 985, 989, 996, 1008, 1088, 1105, 1182, 1219, 1240, 1252, 1271, 1362, 1429, 1438, 1457, 1475, 1486, 1612, 1624, 1645, 1672, 1714, 1796, 1824, 1835, 1844, 1851, 1903, 1917, 1960, 2006, 2022, 2056, 2101, 2131, 2165, 2178, 2190, 2217, 2292, 2295, 2323, 2356, 2365, 2389, 2416, 2419, 2459, 2499, 2504, 2510, 2528, 2531, 2605, 2635, 2784, 2832, 2853, 2977, 2996, 3067, 3082, 3089, 3094, 3158, 3220, 3262, 3295, 3352, 3361, 3379, 3395, 3432, 3448, 3472, 3494, 3574, 3627, 3712, 3734, 3758, 3796, 3804, 3837, 3859, 3982, 3988, 4032, 4104, 4190, 4218, 4265, 4288, 4366, 4425, 4480, 4534, 4574, 4611, 4633, 4645, 4661, 4955, 4960, 5062, 5093, 5198, 5214, 5227, 5312, 5442, 5450, 5513, 5519, 5527, 5542, 5551, 5579, 5622, 5638, 5729, 5758, 5816, 5838, 5875, 5949, 5964, 6023, 6027, 6049, 6129, 6165, 6239, 6243, 6251, 6284, 6293, 6306, 6328, 6334, 6375, 6418, 6461, 6512, 6585, 6711, 6715, 6788, 6836, 6852, 6856, 6860, 6914, 6945, 6948, 6987, 7012, 7042, 7055, 7091, 7096, 7109, 7120, 7168, 7210, 7225, 7274, 7383, 7397, 7401, 7410, 7433, 7476, 7500, 7508, 7517, 7557, 7563]
