https://www.comp.hkbu.edu.hk/v1/?page=library@[141, 280, 769, 922, 1075]@[141, 280, 769, 922, 1075]
https://www.comp.hkbu.edu.hk/v1/?page=sitemap@[236, 358]@[236, 358]
https://www.comp.hkbu.edu.hk/v1/?page=home@[150]@[150]
https://library.hkbu.edu.hk/happenings/news/service-arrangements-7-sep-2020@[147, 286, 801]@[147, 286, 801]
https://www.comp.hkbu.edu.hk/v1/?page=head@[159, 408]@[159, 408]
https://www.comp.hkbu.edu.hk/v1/?page=whats_new@[311, 325, 609, 667, 745, 832, 1837, 2051, 2868, 3351]@[311, 325, 609, 667, 745, 832, 1837, 2051, 2868, 3351]
https://www.comp.hkbu.edu.hk/v1/?page=video_introduction@[121, 127]@[121, 127]
https://www.comp.hkbu.edu.hk/v1/?page=faculty@[267, 286]@[267, 286]
https://www.comp.hkbu.edu.hk/v1/?page=research_areas@[126, 128]@[126, 128]
https://www.comp.hkbu.edu.hk/v1/?page=centres@[184, 214, 379, 382]@[184, 214, 379, 382]
https://www.hkbu.edu.hk/eng/about/privacy.jsp@[177, 184, 200, 212, 231, 264, 267, 282, 304, 318, 331, 344, 356, 362, 371, 375, 386, 398, 412, 418, 473, 481, 485, 500, 512, 517, 530, 550, 577, 590, 628, 652, 680, 866, 903, 907, 971, 984, 993, 1006, 1010, 1013, 1026, 1030, 1036, 1047, 1050, 1067, 1093, 1103, 1105, 1114, 1126, 1130, 1136, 1140, 1146, 1160, 1178, 1189, 1195, 1202, 1213, 1220, 1222, 1228, 1251, 1274, 1287, 1306, 1323, 1341, 1355, 1373, 1382, 1384, 1390, 1394, 1403, 1407, 1415, 1421, 1423, 1434, 1444, 1468, 1479, 1509, 1552, 1567, 1596, 1689, 1747, 1771, 1773, 1775, 1780, 1791, 1807, 1833, 1848, 1865, 1875, 1900, 1910, 1984, 2006, 2011, 2042, 2057, 2100, 2104, 2122, 2139, 2161]@[177, 184, 200, 212, 231, 264, 267, 282, 304, 318, 331, 344, 356, 362, 371, 375, 386, 398, 412, 418, 473, 481, 485, 500, 512, 517, 530, 550, 577, 590, 628, 652, 680, 866, 903, 907, 971, 984, 993, 1006, 1010, 1013, 1026, 1030, 1036, 1047, 1050, 1067, 1093, 1103, 1105, 1114, 1126, 1130, 1136, 1140, 1146, 1160, 1178, 1189, 1195, 1202, 1213, 1220, 1222, 1228, 1251, 1274, 1287, 1306, 1323, 1341, 1355, 1373, 1382, 1384, 1390, 1394, 1403, 1407, 1415, 1421, 1423, 1434, 1444, 1468, 1479, 1509, 1552, 1567, 1596, 1689, 1747, 1771, 1773, 1775, 1780, 1791, 1807, 1833, 1848, 1865, 1875, 1900, 1910, 1984, 2006, 2011, 2042, 2057, 2100, 2104, 2122, 2139, 2161]
https://www.comp.hkbu.edu.hk/v1/?page=funded_projects@[205, 236, 299, 323, 481, 502, 581, 594, 635, 730, 743, 835, 854, 903, 920, 984, 1086, 1239, 1420, 1488, 1521, 1585, 1655, 1767, 1884, 2067, 2094, 2126, 2475, 2708, 2827, 2893, 3024, 3068, 3300, 3499, 3555, 3667]@[205, 236, 299, 323, 481, 502, 581, 594, 635, 730, 743, 835, 854, 903, 920, 984, 1086, 1239, 1420, 1488, 1521, 1585, 1655, 1767, 1884, 2067, 2094, 2126, 2475, 2708, 2827, 2893, 3024, 3068, 3300, 3499, 3555, 3667]
https://www.comp.hkbu.edu.hk/v1/?page=journal_editorship@[196]@[196]
https://www.comp.hkbu.edu.hk/v1/?page=technical_reports@[141]@[141]
https://www.comp.hkbu.edu.hk/v1/?pid=32@[136, 151, 170, 283, 443]@[136, 151, 170, 283, 443]
https://www.comp.hkbu.edu.hk/v1/?page=4_prospective_stud_ug_prog@[13, 123]@[123]
https://www.hkbu.edu.hk/eng/staff/staff.jsp@[131]@[131]
https://www.comp.hkbu.edu.hk/v1/?page=mscais@[98, 115]@[98, 115]
https://www.comp.hkbu.edu.hk/v1/?page=current_stud_ug@[129, 156, 179]@[129, 156, 179]
https://www.comp.hkbu.edu.hk/v1/?pid=273@[98, 115]@[98, 115]
https://aao.hkbu.edu.hk/en/home/index.php@[32]@[32]
https://www.comp.hkbu.edu.hk/v1/?page=facilities_research@[126]@[126]
https://www.comp.hkbu.edu.hk/v1/?page=news@[311, 325, 609, 667, 745, 832, 1837, 2051, 2868, 3351]@[311, 325, 609, 667, 745, 832, 1837, 2051, 2868, 3351]
https://www.comp.hkbu.edu.hk/v1/?page=events@[186, 357, 409, 468, 497, 534, 549, 583, 592, 739, 773, 898, 911, 1045, 1224, 1249, 1284, 1352, 1508, 1518, 1523, 1572, 1579, 1598, 1606, 1608, 1734, 1836, 1895, 1937, 1958, 1966, 2022, 2045, 2097, 2201, 2285, 2291, 2403, 2419, 2582, 2647, 2846, 2913, 2941, 3007, 3099, 3248, 3259, 3483, 3610, 3622, 3636, 3646, 3715, 3805, 3812, 3842, 3872, 3912, 4190, 4261, 4376, 4378, 4496, 4528, 4773, 5077, 5236, 5337, 5397, 5788, 5837, 6114, 6181, 6190, 6571, 6626, 6974, 7398, 7468, 7654, 7671, 7705, 7829, 7916, 8035, 8202, 8282]@[186, 357, 409, 468, 497, 534, 549, 583, 592, 739, 773, 898, 911, 1045, 1224, 1249, 1284, 1352, 1508, 1518, 1523, 1572, 1579, 1598, 1606, 1608, 1734, 1836, 1895, 1937, 1958, 1966, 2022, 2045, 2097, 2201, 2285, 2291, 2403, 2419, 2582, 2647, 2846, 2913, 2941, 3007, 3099, 3248, 3259, 3483, 3610, 3622, 3636, 3646, 3715, 3805, 3812, 3842, 3872, 3912, 4190, 4261, 4376, 4378, 4496, 4528, 4773, 5077, 5236, 5337, 5397, 5788, 5837, 6114, 6181, 6190, 6571, 6626, 6974, 7398, 7468, 7654, 7671, 7705, 7829, 7916, 8035, 8202, 8282]
https://www.comp.hkbu.edu.hk/v1/?pid=14@[121, 127]@[121, 127]
https://www.comp.hkbu.edu.hk/v1/?page=highlights@[125, 127, 461, 478, 508, 541, 571, 583, 601, 613, 629, 643, 704, 735, 772, 774, 788, 1356, 1377, 1380, 1468, 1771, 1847, 1964]@[125, 127, 461, 478, 508, 541, 571, 583, 601, 613, 629, 643, 704, 735, 772, 774, 788, 1356, 1377, 1380, 1468, 1771, 1847, 1964]
https://forms.gle/DjStXN8kEpUVwTW38@[33]@[]
https://ito.hkbu.edu.hk/index.php/services-2/account-password/#tab-3@[218]@[218]
https://policies.google.com/terms@[1510]@[1510]
https://policies.google.com/privacy@[30, 53, 85, 182, 1070, 1096, 1268, 1277, 1280, 1642, 1658, 1676, 1928, 2391, 2574, 3415, 3558, 3610, 3634, 3673, 3688, 3695, 3714, 3744, 3755, 3814, 3851, 3875, 3916, 3942, 3954, 4398, 4402, 4406, 4448, 4463, 4471, 4578, 4781, 5460, 5691, 5913, 6301, 6309, 6448, 6487, 6862, 7024, 7073, 7583, 7597]@[30, 53, 85, 182, 1070, 1096, 1268, 1277, 1280, 1642, 1658, 1676, 1928, 2391, 2574, 3415, 3558, 3610, 3634, 3673, 3688, 3695, 3714, 3744, 3755, 3814, 3851, 3875, 3916, 3942, 3954, 4398, 4402, 4406, 4448, 4463, 4471, 4578, 4781, 5460, 5691, 5913, 6301, 6309, 6448, 6487, 6862, 7024, 7073, 7583, 7597]
