http://www.comp.hkbu.edu.hk@[719, 955, 977, 1010, 1060, 1100, 1145, 1188, 1234, 1273, 1299, 1647, 1753, 1887, 1896, 1905, 1916, 1925, 1934, 2405, 2417, 2429, 3368, 3428, 3454, 3491, 3517, 3566, 3592, 3648, 3674, 3714, 3740, 3785, 4928, 5117, 5686, 6138, 6432, 6644, 6835, 6888, 6906, 6918, 6930]@{}
http://www.comp.hkbu.edu.hk/v1/?page=sci@[2462, 2577, 5249, 6011]@{}
http://www.comp.hkbu.edu.hk/v1/?page=job_vacancies?=tc@[719, 955, 977, 1010, 1060, 1100, 1145, 1188, 1234, 1273, 1299, 1647, 1753, 1887, 1896, 1905, 1916, 1925, 1934, 2405, 2417, 2429, 3374, 3434, 3460, 3497, 3523, 3572, 3598, 3654, 3680, 3720, 3746, 3791, 4924, 5113, 5682, 6134, 6411, 6623, 6811, 6864, 6882, 6894, 6906]@{}
http://www.comp.hkbu.edu.hk/v1/?page=job_vacancies?=sc@[719, 955, 977, 1010, 1060, 1100, 1145, 1188, 1234, 1273, 1299, 1647, 1753, 1887, 1896, 1905, 1916, 1925, 1934, 2405, 2417, 2429, 3374, 3434, 3460, 3497, 3523, 3572, 3598, 3654, 3680, 3720, 3746, 3791, 4924, 5113, 5682, 6134, 6422, 6634, 6820, 6873, 6891, 6903, 6915]@{}
http://www.comp.hkbu.edu.hk/v1/?page=sitemap?=tc@[719, 955, 977, 1010, 1060, 1100, 1145, 1188, 1234, 1273, 1299, 1647, 1753, 1887, 1896, 1905, 1916, 1925, 1934, 2405, 2417, 2429, 3374, 3434, 3460, 3497, 3523, 3572, 3598, 3654, 3680, 3720, 3746, 3791, 4920, 5109, 5678, 6130, 6414, 6626, 6823, 6876, 6894, 6906, 6918]@{}
http://www.comp.hkbu.edu.hk/v1/?page=sitemap?=sc@[719, 955, 977, 1010, 1060, 1100, 1145, 1188, 1234, 1273, 1299, 1647, 1753, 1887, 1896, 1905, 1916, 1925, 1934, 2405, 2417, 2429, 3374, 3434, 3460, 3497, 3523, 3572, 3598, 3654, 3680, 3720, 3746, 3791, 4919, 5108, 5677, 6129, 6421, 6633, 6838, 6891, 6909, 6921, 6933]@{}
http://www.comp.hkbu.edu.hk/v1/?lang=sc@[719, 955, 977, 1010, 1060, 1100, 1145, 1188, 1234, 1273, 1299, 1647, 1753, 1887, 1896, 1905, 1916, 1925, 1934, 2405, 2417, 2429, 3368, 3428, 3454, 3491, 3517, 3566, 3592, 3648, 3674, 3714, 3740, 3785, 4915, 5104, 5673, 6125, 6413, 6625, 6804, 6857, 6875, 6887, 6899]@{}
http://www.comp.hkbu.edu.hk/~alumni/news/../news/@[64, 73, 88, 103, 116, 126, 155, 179, 191, 208, 234, 260, 296, 324, 362, 388, 416, 450, 476, 509, 541, 564, 668, 755, 4041, 5026]@{}
http://www.comp.hkbu.edu.hk/~alumni/news/../scholarship/@[64, 73, 88, 103, 116, 126, 155, 179, 191, 208, 234, 260, 296, 324, 362, 388, 416, 450, 476, 509, 541, 564, 860]@{}
http://www.comp.hkbu.edu.hk/~alumni/news/../donation/@[64, 73, 88, 103, 116, 126, 155, 179, 191, 208, 234, 260, 296, 324, 362, 388, 416, 450, 476, 509, 541, 564, 1348]@{}
http://www.comp.hkbu.edu.hk/v1/?page=job_vacancies?=tc?=tc@[719, 955, 977, 1010, 1060, 1100, 1145, 1188, 1234, 1273, 1299, 1647, 1753, 1887, 1896, 1905, 1916, 1925, 1934, 2405, 2417, 2429, 3376, 3436, 3462, 3499, 3525, 3574, 3600, 3656, 3682, 3722, 3748, 3793, 4921, 5110, 5679, 6131, 6420, 6632, 6825, 6878, 6896, 6908, 6920]@{}
http://www.comp.hkbu.edu.hk/v1/?page=job_vacancies?=sc?=tc@[719, 955, 977, 1010, 1060, 1100, 1145, 1188, 1234, 1273, 1299, 1647, 1753, 1887, 1896, 1905, 1916, 1925, 1934, 2405, 2417, 2429, 3376, 3436, 3462, 3499, 3525, 3574, 3600, 3656, 3682, 3722, 3748, 3793, 4931, 5120, 5689, 6141, 6439, 6651, 6854, 6907, 6925, 6937, 6949]@{}
http://www.comp.hkbu.edu.hk/v1/?page=sitemap?=tc?=tc@[719, 955, 977, 1010, 1060, 1100, 1145, 1188, 1234, 1273, 1299, 1647, 1753, 1887, 1896, 1905, 1916, 1925, 1934, 2405, 2417, 2429, 3376, 3436, 3462, 3499, 3525, 3574, 3600, 3656, 3682, 3722, 3748, 3793, 4921, 5110, 5679, 6131, 6416, 6628, 6816, 6869, 6887, 6899, 6911]@{}
http://www.comp.hkbu.edu.hk/v1/?page=sitemap?=sc?=tc@[719, 955, 977, 1010, 1060, 1100, 1145, 1188, 1234, 1273, 1299, 1647, 1753, 1887, 1896, 1905, 1916, 1925, 1934, 2405, 2417, 2429, 3376, 3436, 3462, 3499, 3525, 3574, 3600, 3656, 3682, 3722, 3748, 3793, 4935, 5124, 5693, 6145, 6433, 6645, 6843, 6896, 6914, 6926, 6938]@{}
http://www.comp.hkbu.edu.hk/v1/?page=home@[719, 955, 977, 1010, 1060, 1100, 1145, 1188, 1234, 1273, 1299, 1647, 1753, 1887, 1896, 1905, 1916, 1925, 1934, 2405, 2417, 2429, 3372, 3432, 3458, 3495, 3521, 3570, 3596, 3652, 3678, 3718, 3744, 3789, 4913, 5102, 5671, 6123, 6409, 6621, 6808, 6861, 6879, 6891, 6903]@{}
http://www.comp.hkbu.edu.hk/~alumni/news/../news/../news/@[64, 73, 88, 103, 116, 126, 155, 179, 191, 208, 234, 260, 296, 324, 362, 388, 416, 450, 476, 509, 541, 564, 668, 755, 4041, 5026]@{}
http://www.comp.hkbu.edu.hk/~alumni/news/../scholarship/../news/@[64, 73, 88, 103, 116, 126, 155, 179, 191, 208, 234, 260, 296, 324, 362, 388, 416, 450, 476, 509, 541, 564, 668, 755, 4041, 5026]@{}
http://www.comp.hkbu.edu.hk/~alumni/news/../donation/../news/@[64, 73, 88, 103, 116, 126, 155, 179, 191, 208, 234, 260, 296, 324, 362, 388, 416, 450, 476, 509, 541, 564, 668, 755, 4041, 5026]@{}
http://www.comp.hkbu.edu.hk/v1/?page=job_vacancies?=tc?=tc?=tc@[719, 955, 977, 1010, 1060, 1100, 1145, 1188, 1234, 1273, 1299, 1647, 1753, 1887, 1896, 1905, 1916, 1925, 1934, 2405, 2417, 2429, 3378, 3438, 3464, 3501, 3527, 3576, 3602, 3658, 3684, 3724, 3750, 3795, 4935, 5124, 5693, 6145, 6436, 6648, 6851, 6904, 6922, 6934, 6946]@{}
http://www.comp.hkbu.edu.hk/v1/?page=job_vacancies?=sc?=tc?=tc@[719, 955, 977, 1010, 1060, 1100, 1145, 1188, 1234, 1273, 1299, 1647, 1753, 1887, 1896, 1905, 1916, 1925, 1934, 2405, 2417, 2429, 3378, 3438, 3464, 3501, 3527, 3576, 3602, 3658, 3684, 3724, 3750, 3795, 4919, 5108, 5677, 6129, 6421, 6633, 6820, 6873, 6891, 6903, 6915]@{}
http://www.comp.hkbu.edu.hk/v1/?page=sitemap?=tc?=tc?=tc@[719, 955, 977, 1010, 1060, 1100, 1145, 1188, 1234, 1273, 1299, 1647, 1753, 1887, 1896, 1905, 1916, 1925, 1934, 2405, 2417, 2429, 3378, 3438, 3464, 3501, 3527, 3576, 3602, 3658, 3684, 3724, 3750, 3795, 4925, 5114, 5683, 6135, 6428, 6640, 6848, 6901, 6919, 6931, 6943]@{}
http://www.comp.hkbu.edu.hk/v1/?page=sitemap?=sc?=tc?=tc@[719, 955, 977, 1010, 1060, 1100, 1145, 1188, 1234, 1273, 1299, 1647, 1753, 1887, 1896, 1905, 1916, 1925, 1934, 2405, 2417, 2429, 3378, 3438, 3464, 3501, 3527, 3576, 3602, 3658, 3684, 3724, 3750, 3795, 4928, 5117, 5686, 6138, 6429, 6641, 6851, 6904, 6922, 6934, 6946]@{}
http://www.comp.hkbu.edu.hk/v1/?page=home?=tc@[719, 955, 977, 1010, 1060, 1100, 1145, 1188, 1234, 1273, 1299, 1647, 1753, 1887, 1896, 1905, 1916, 1925, 1934, 2405, 2417, 2429, 3374, 3434, 3460, 3497, 3523, 3572, 3598, 3654, 3680, 3720, 3746, 3791, 4923, 5112, 5681, 6133, 6425, 6637, 6836, 6889, 6907, 6919, 6931]@{}
http://www.comp.hkbu.edu.hk/~alumni/news/../news/../news/../news/@[64, 73, 88, 103, 116, 126, 155, 179, 191, 208, 234, 260, 296, 324, 362, 388, 416, 450, 476, 509, 541, 564, 668, 755, 4041, 5026]@{}
http://www.comp.hkbu.edu.hk/~alumni/news/../scholarship/../news/../news/@[64, 73, 88, 103, 116, 126, 155, 179, 191, 208, 234, 260, 296, 324, 362, 388, 416, 450, 476, 509, 541, 564, 668, 755, 4041, 5026]@{}
http://www.comp.hkbu.edu.hk/~alumni/news/../donation/../news/../news/@[64, 73, 88, 103, 116, 126, 155, 179, 191, 208, 234, 260, 296, 324, 362, 388, 416, 450, 476, 509, 541, 564, 668, 755, 4041, 5026]@{}
http://www.comp.hkbu.edu.hk/v1/?page=job_vacancies?=tc?=tc?=tc?=tc@[719, 955, 977, 1010, 1060, 1100, 1145, 1188, 1234, 1273, 1299, 1647, 1753, 1887, 1896, 1905, 1916, 1925, 1934, 2405, 2417, 2429, 3380, 3440, 3466, 3503, 3529, 3578, 3604, 3660, 3686, 3726, 3752, 3797, 4936, 5125, 5694, 6146, 6433, 6645, 6831, 6884, 6902, 6914, 6926]@{}
http://www.comp.hkbu.edu.hk/v1/?page=job_vacancies?=sc?=tc?=tc?=tc@[719, 955, 977, 1010, 1060, 1100, 1145, 1188, 1234, 1273, 1299, 1647, 1753, 1887, 1896, 1905, 1916, 1925, 1934, 2405, 2417, 2429, 3380, 3440, 3466, 3503, 3529, 3578, 3604, 3660, 3686, 3726, 3752, 3797, 4937, 5126, 5695, 6147, 6426, 6638, 6819, 6872, 6890, 6902, 6914]@{}
http://www.comp.hkbu.edu.hk/v1/?page=sitemap?=tc?=tc?=tc?=tc@[719, 955, 977, 1010, 1060, 1100, 1145, 1188, 1234, 1273, 1299, 1647, 1753, 1887, 1896, 1905, 1916, 1925, 1934, 2405, 2417, 2429, 3380, 3440, 3466, 3503, 3529, 3578, 3604, 3660, 3686, 3726, 3752, 3797, 4925, 5114, 5683, 6135, 6427, 6639, 6837, 6890, 6908, 6920, 6932]@{}
http://www.comp.hkbu.edu.hk/v1/?page=sitemap?=sc?=tc?=tc?=tc@[719, 955, 977, 1010, 1060, 1100, 1145, 1188, 1234, 1273, 1299, 1647, 1753, 1887, 1896, 1905, 1916, 1925, 1934, 2405, 2417, 2429, 3380, 3440, 3466, 3503, 3529, 3578, 3604, 3660, 3686, 3726, 3752, 3797, 4936, 5125, 5694, 6146, 6438, 6650, 6845, 6898, 6916, 6928, 6940]@{}
http://www.comp.hkbu.edu.hk/v1/?page=home?=tc?=tc@[719, 955, 977, 1010, 1060, 1100, 1145, 1188, 1234, 1273, 1299, 1647, 1753, 1887, 1896, 1905, 1916, 1925, 1934, 2405, 2417, 2429, 3376, 3436, 3462, 3499, 3525, 3574, 3600, 3656, 3682, 3722, 3748, 3793, 4925, 5114, 5683, 6135, 6431, 6643, 6819, 6872, 6890, 6902, 6914]@{}
http://www.comp.hkbu.edu.hk/~alumni/news/../news/../news/../news/../news/@[64, 73, 88, 103, 116, 126, 155, 179, 191, 208, 234, 260, 296, 324, 362, 388, 416, 450, 476, 509, 541, 564, 668, 755, 4041, 5026]@{}
http://www.comp.hkbu.edu.hk/v1/?page=alumni@[79, 91, 103, 121, 134, 143, 150]@{}
http://www.comp.hkbu.edu.hk/~alumni/news/../scholarship/../news/../news/../news/@[64, 73, 88, 103, 116, 126, 155, 179, 191, 208, 234, 260, 296, 324, 362, 388, 416, 450, 476, 509, 541, 564, 668, 755, 4041, 5026]@{}
http://www.comp.hkbu.edu.hk/~alumni/news/../donation/../news/../news/../news/@[64, 73, 88, 103, 116, 126, 155, 179, 191, 208, 234, 260, 296, 324, 362, 388, 416, 450, 476, 509, 541, 564, 668, 755, 4041, 5026]@{}
http://www.comp.hkbu.edu.hk/v1/?page=job_vacancies?=tc?=tc?=tc?=tc?=tc@[719, 955, 977, 1010, 1060, 1100, 1145, 1188, 1234, 1273, 1299, 1647, 1753, 1887, 1896, 1905, 1916, 1925, 1934, 2405, 2417, 2429, 3382, 3442, 3468, 3505, 3531, 3580, 3606, 3662, 3688, 3728, 3754, 3799, 4939, 5128, 5697, 6149, 6435, 6647, 6826, 6879, 6897, 6909, 6921]@{}
http://www.comp.hkbu.edu.hk/v1/?page=job_vacancies?=sc?=tc?=tc?=tc?=tc@[719, 955, 977, 1010, 1060, 1100, 1145, 1188, 1234, 1273, 1299, 1647, 1753, 1887, 1896, 1905, 1916, 1925, 1934, 2405, 2417, 2429, 3382, 3442, 3468, 3505, 3531, 3580, 3606, 3662, 3688, 3728, 3754, 3799, 4924, 5113, 5682, 6134, 6431, 6643, 6828, 6881, 6899, 6911, 6923]@{}
http://www.comp.hkbu.edu.hk/v1/?page=sitemap?=tc?=tc?=tc?=tc?=tc@[719, 955, 977, 1010, 1060, 1100, 1145, 1188, 1234, 1273, 1299, 1647, 1753, 1887, 1896, 1905, 1916, 1925, 1934, 2405, 2417, 2429, 3382, 3442, 3468, 3505, 3531, 3580, 3606, 3662, 3688, 3728, 3754, 3799, 4932, 5121, 5690, 6142, 6431, 6643, 6848, 6901, 6919, 6931, 6943]@{}
http://www.comp.hkbu.edu.hk/v1/?page=sitemap?=sc?=tc?=tc?=tc?=tc@[719, 955, 977, 1010, 1060, 1100, 1145, 1188, 1234, 1273, 1299, 1647, 1753, 1887, 1896, 1905, 1916, 1925, 1934, 2405, 2417, 2429, 3382, 3442, 3468, 3505, 3531, 3580, 3606, 3662, 3688, 3728, 3754, 3799, 4938, 5127, 5696, 6148, 6439, 6651, 6833, 6886, 6904, 6916, 6928]@{}
http://www.comp.hkbu.edu.hk/v1/?page=home?=tc?=tc?=tc@[719, 955, 977, 1010, 1060, 1100, 1145, 1188, 1234, 1273, 1299, 1647, 1753, 1887, 1896, 1905, 1916, 1925, 1934, 2405, 2417, 2429, 3378, 3438, 3464, 3501, 3527, 3576, 3602, 3658, 3684, 3724, 3750, 3795, 4923, 5112, 5681, 6133, 6429, 6641, 6833, 6886, 6904, 6916, 6928]@{}
http://www.comp.hkbu.edu.hk/~alumni/news/../news/../news/../news/../news/../news/@[64, 73, 88, 103, 116, 126, 155, 179, 191, 208, 234, 260, 296, 324, 362, 388, 416, 450, 476, 509, 541, 564, 668, 755, 4041, 5026]@{}
http://www.comp.hkbu.edu.hk/~alumni/news/../scholarship/../news/../news/../news/../news/@[64, 73, 88, 103, 116, 126, 155, 179, 191, 208, 234, 260, 296, 324, 362, 388, 416, 450, 476, 509, 541, 564, 668, 755, 4041, 5026]@{}
http://www.comp.hkbu.edu.hk/~alumni/news/../donation/../news/../news/../news/../news/@[64, 73, 88, 103, 116, 126, 155, 179, 191, 208, 234, 260, 296, 324, 362, 388, 416, 450, 476, 509, 541, 564, 668, 755, 4041, 5026]@{}
http://www.comp.hkbu.edu.hk/v1/?page=job_vacancies@[267, 503, 525, 558, 608, 648, 693, 736, 782, 821, 847, 1195, 1301, 1435, 1444, 1453, 1464, 1473, 1482, 1953, 1965, 1977, 2920, 2980, 3006, 3043, 3069, 3118, 3144, 3200, 3226, 3266, 3292, 3337, 4346, 4399, 4417, 4429, 4441]@{}
http://www.comp.hkbu.edu.hk/v1/?page=job_vacancies?=tc?=tc?=tc?=tc?=tc?=tc@[719, 955, 977, 1010, 1060, 1100, 1145, 1188, 1234, 1273, 1299, 1647, 1753, 1887, 1896, 1905, 1916, 1925, 1934, 2405, 2417, 2429, 3384, 3444, 3470, 3507, 3533, 3582, 3608, 3664, 3690, 3730, 3756, 3801, 4927, 5116, 5685, 6137, 6429, 6641, 6823, 6876, 6894, 6906, 6918]@{}
http://www.comp.hkbu.edu.hk/v1/?page=job_vacancies?=sc?=tc?=tc?=tc?=tc?=tc@[719, 955, 977, 1010, 1060, 1100, 1145, 1188, 1234, 1273, 1299, 1647, 1753, 1887, 1896, 1905, 1916, 1925, 1934, 2405, 2417, 2429, 3384, 3444, 3470, 3507, 3533, 3582, 3608, 3664, 3690, 3730, 3756, 3801, 4926, 5115, 5684, 6136, 6437, 6649, 6850, 6903, 6921, 6933, 6945]@{}
http://www.comp.hkbu.edu.hk/v1/?page=sitemap?=tc?=tc?=tc?=tc?=tc?=tc@[719, 955, 977, 1010, 1060, 1100, 1145, 1188, 1234, 1273, 1299, 1647, 1753, 1887, 1896, 1905, 1916, 1925, 1934, 2405, 2417, 2429, 3384, 3444, 3470, 3507, 3533, 3582, 3608, 3664, 3690, 3730, 3756, 3801, 4930, 5119, 5688, 6140, 6426, 6638, 6840, 6893, 6911, 6923, 6935]@{}
http://www.comp.hkbu.edu.hk/v1/?page=sitemap?=sc?=tc?=tc?=tc?=tc?=tc@[719, 955, 977, 1010, 1060, 1100, 1145, 1188, 1234, 1273, 1299, 1647, 1753, 1887, 1896, 1905, 1916, 1925, 1934, 2405, 2417, 2429, 3384, 3444, 3470, 3507, 3533, 3582, 3608, 3664, 3690, 3730, 3756, 3801, 4948, 5137, 5706, 6158, 6445, 6657, 6850, 6903, 6921, 6933, 6945]@{}
http://www.comp.hkbu.edu.hk/v1/?page=home?=tc?=tc?=tc?=tc@[719, 955, 977, 1010, 1060, 1100, 1145, 1188, 1234, 1273, 1299, 1647, 1753, 1887, 1896, 1905, 1916, 1925, 1934, 2405, 2417, 2429, 3380, 3440, 3466, 3503, 3529, 3578, 3604, 3660, 3686, 3726, 3752, 3797, 4929, 5118, 5687, 6139, 6427, 6639, 6834, 6887, 6905, 6917, 6929]@{}
http://www.comp.hkbu.edu.hk/~alumni/news/../news/../news/../news/../news/../news/../news/@[64, 73, 88, 103, 116, 126, 155, 179, 191, 208, 234, 260, 296, 324, 362, 388, 416, 450, 476, 509, 541, 564, 668, 755, 4041, 5026]@{}
http://www.comp.hkbu.edu.hk/~alumni/news/../scholarship/../news/../news/../news/../news/../news/@[64, 73, 88, 103, 116, 126, 155, 179, 191, 208, 234, 260, 296, 324, 362, 388, 416, 450, 476, 509, 541, 564, 668, 755, 4041, 5026]@{}
http://www.comp.hkbu.edu.hk/~alumni/news/../donation/../news/../news/../news/../news/../news/@[64, 73, 88, 103, 116, 126, 155, 179, 191, 208, 234, 260, 296, 324, 362, 388, 416, 450, 476, 509, 541, 564, 668, 755, 4041, 5026]@{}
http://www.comp.hkbu.edu.hk/v1/?page=job_vacancies?=tc?=tc?=tc?=tc?=tc?=tc?=tc@[719, 955, 977, 1010, 1060, 1100, 1145, 1188, 1234, 1273, 1299, 1647, 1753, 1887, 1896, 1905, 1916, 1925, 1934, 2405, 2417, 2429, 3386, 3446, 3472, 3509, 3535, 3584, 3610, 3666, 3692, 3732, 3758, 3803, 4931, 5120, 5689, 6141, 6425, 6637, 6822, 6875, 6893, 6905, 6917]@{}
http://www.comp.hkbu.edu.hk/v1/?page=job_vacancies?=sc?=tc?=tc?=tc?=tc?=tc?=tc@[719, 955, 977, 1010, 1060, 1100, 1145, 1188, 1234, 1273, 1299, 1647, 1753, 1887, 1896, 1905, 1916, 1925, 1934, 2405, 2417, 2429, 3386, 3446, 3472, 3509, 3535, 3584, 3610, 3666, 3692, 3732, 3758, 3803, 4928, 5117, 5686, 6138, 6425, 6637, 6842, 6895, 6913, 6925, 6937]@{}
http://www.comp.hkbu.edu.hk/v1/?page=sitemap?=tc?=tc?=tc?=tc?=tc?=tc?=tc@[719, 955, 977, 1010, 1060, 1100, 1145, 1188, 1234, 1273, 1299, 1647, 1753, 1887, 1896, 1905, 1916, 1925, 1934, 2405, 2417, 2429, 3386, 3446, 3472, 3509, 3535, 3584, 3610, 3666, 3692, 3732, 3758, 3803, 4930, 5119, 5688, 6140, 6422, 6634, 6822, 6875, 6893, 6905, 6917]@{}
http://www.comp.hkbu.edu.hk/v1/?page=sitemap?=sc?=tc?=tc?=tc?=tc?=tc?=tc@[719, 955, 977, 1010, 1060, 1100, 1145, 1188, 1234, 1273, 1299, 1647, 1753, 1887, 1896, 1905, 1916, 1925, 1934, 2405, 2417, 2429, 3386, 3446, 3472, 3509, 3535, 3584, 3610, 3666, 3692, 3732, 3758, 3803, 4932, 5121, 5690, 6142, 6437, 6649, 6843, 6896, 6914, 6926, 6938]@{}
http://www.comp.hkbu.edu.hk/v1/?page=home?=tc?=tc?=tc?=tc?=tc@[719, 955, 977, 1010, 1060, 1100, 1145, 1188, 1234, 1273, 1299, 1647, 1753, 1887, 1896, 1905, 1916, 1925, 1934, 2405, 2417, 2429, 3382, 3442, 3468, 3505, 3531, 3580, 3606, 3662, 3688, 3728, 3754, 3799, 4932, 5121, 5690, 6142, 6431, 6643, 6847, 6900, 6918, 6930, 6942]@{}
http://www.comp.hkbu.edu.hk/~alumni/news/../news/../news/../news/../news/../news/../news/../news/@[64, 73, 88, 103, 116, 126, 155, 179, 191, 208, 234, 260, 296, 324, 362, 388, 416, 450, 476, 509, 541, 564, 668, 755, 4041, 5026]@{}
http://www.comp.hkbu.edu.hk/~alumni/news/../scholarship/../news/../news/../news/../news/../news/../news/@[64, 73, 88, 103, 116, 126, 155, 179, 191, 208, 234, 260, 296, 324, 362, 388, 416, 450, 476, 509, 541, 564, 668, 755, 4041, 5026]@{}
http://www.comp.hkbu.edu.hk/~alumni/news/../donation/../news/../news/../news/../news/../news/../news/@[64, 73, 88, 103, 116, 126, 155, 179, 191, 208, 234, 260, 296, 324, 362, 388, 416, 450, 476, 509, 541, 564, 668, 755, 4041, 5026]@{}
http://www.comp.hkbu.edu.hk/v1/?page=job_vacancies?=tc?=tc?=tc?=tc?=tc?=tc?=tc?=tc@[719, 955, 977, 1010, 1060, 1100, 1145, 1188, 1234, 1273, 1299, 1647, 1753, 1887, 1896, 1905, 1916, 1925, 1934, 2405, 2417, 2429, 3388, 3448, 3474, 3511, 3537, 3586, 3612, 3668, 3694, 3734, 3760, 3805, 4947, 5136, 5705, 6157, 6445, 6657, 6865, 6918, 6936, 6948, 6960]@{}
http://www.comp.hkbu.edu.hk/v1/?page=job_vacancies?=sc?=tc?=tc?=tc?=tc?=tc?=tc?=tc@[719, 955, 977, 1010, 1060, 1100, 1145, 1188, 1234, 1273, 1299, 1647, 1753, 1887, 1896, 1905, 1916, 1925, 1934, 2405, 2417, 2429, 3388, 3448, 3474, 3511, 3537, 3586, 3612, 3668, 3694, 3734, 3760, 3805, 4931, 5120, 5689, 6141, 6441, 6653, 6844, 6897, 6915, 6927, 6939]@{}
http://www.comp.hkbu.edu.hk/v1/?page=sitemap?=tc?=tc?=tc?=tc?=tc?=tc?=tc?=tc@[719, 955, 977, 1010, 1060, 1100, 1145, 1188, 1234, 1273, 1299, 1647, 1753, 1887, 1896, 1905, 1916, 1925, 1934, 2405, 2417, 2429, 3388, 3448, 3474, 3511, 3537, 3586, 3612, 3668, 3694, 3734, 3760, 3805, 4934, 5123, 5692, 6144, 6426, 6638, 6835, 6888, 6906, 6918, 6930]@{}
http://www.comp.hkbu.edu.hk/v1/?page=sitemap?=sc?=tc?=tc?=tc?=tc?=tc?=tc?=tc@[719, 955, 977, 1010, 1060, 1100, 1145, 1188, 1234, 1273, 1299, 1647, 1753, 1887, 1896, 1905, 1916, 1925, 1934, 2405, 2417, 2429, 3388, 3448, 3474, 3511, 3537, 3586, 3612, 3668, 3694, 3734, 3760, 3805, 4948, 5137, 5706, 6158, 6452, 6664, 6843, 6896, 6914, 6926, 6938]@{}
http://www.comp.hkbu.edu.hk/v1/?page=sitemap@[265, 501, 523, 556, 606, 646, 691, 734, 780, 819, 845, 1193, 1299, 1433, 1442, 1451, 1462, 1471, 1480, 1951, 1963, 1975, 2918, 2978, 3004, 3041, 3067, 3116, 3142, 3198, 3224, 3264, 3290, 3335, 5706, 5759, 5777, 5789, 5801]@{}
http://www.comp.hkbu.edu.hk/v1/?page=home?=tc?=tc?=tc?=tc?=tc?=tc@[719, 955, 977, 1010, 1060, 1100, 1145, 1188, 1234, 1273, 1299, 1647, 1753, 1887, 1896, 1905, 1916, 1925, 1934, 2405, 2417, 2429, 3384, 3444, 3470, 3507, 3533, 3582, 3608, 3664, 3690, 3730, 3756, 3801, 4933, 5122, 5691, 6143, 6438, 6650, 6843, 6896, 6914, 6926, 6938]@{}
http://www.comp.hkbu.edu.hk/~alumni/news/../news/../news/../news/../news/../news/../news/../news/../news/@[64, 73, 88, 103, 116, 126, 155, 179, 191, 208, 234, 260, 296, 324, 362, 388, 416, 450, 476, 509, 541, 564, 668, 755, 4041, 5026]@{}
http://www.comp.hkbu.edu.hk/~alumni/news/../scholarship/../news/../news/../news/../news/../news/../news/../news/@[64, 73, 88, 103, 116, 126, 155, 179, 191, 208, 234, 260, 296, 324, 362, 388, 416, 450, 476, 509, 541, 564, 668, 755, 4041, 5026]@{}
http://www.comp.hkbu.edu.hk/~alumni/news/../donation/../news/../news/../news/../news/../news/../news/../news/@[64, 73, 88, 103, 116, 126, 155, 179, 191, 208, 234, 260, 296, 324, 362, 388, 416, 450, 476, 509, 541, 564, 668, 755, 4041, 5026]@{}
http://www.comp.hkbu.edu.hk/v1/?page=job_vacancies?=tc?=tc?=tc?=tc?=tc?=tc?=tc?=tc?=tc@[719, 955, 977, 1010, 1060, 1100, 1145, 1188, 1234, 1273, 1299, 1647, 1753, 1887, 1896, 1905, 1916, 1925, 1934, 2405, 2417, 2429, 3390, 3450, 3476, 3513, 3539, 3588, 3614, 3670, 3696, 3736, 3762, 3807, 4947, 5136, 5705, 6157, 6444, 6656, 6839, 6892, 6910, 6922, 6934]@{}
http://www.comp.hkbu.edu.hk/v1/?page=job_vacancies?=sc?=tc?=tc?=tc?=tc?=tc?=tc?=tc?=tc@[719, 955, 977, 1010, 1060, 1100, 1145, 1188, 1234, 1273, 1299, 1647, 1753, 1887, 1896, 1905, 1916, 1925, 1934, 2405, 2417, 2429, 3390, 3450, 3476, 3513, 3539, 3588, 3614, 3670, 3696, 3736, 3762, 3807, 4946, 5135, 5704, 6156, 6448, 6660, 6851, 6904, 6922, 6934, 6946]@{}
http://www.comp.hkbu.edu.hk/v1/?page=sitemap?=tc?=tc?=tc?=tc?=tc?=tc?=tc?=tc?=tc@[719, 955, 977, 1010, 1060, 1100, 1145, 1188, 1234, 1273, 1299, 1647, 1753, 1887, 1896, 1905, 1916, 1925, 1934, 2405, 2417, 2429, 3390, 3450, 3476, 3513, 3539, 3588, 3614, 3670, 3696, 3736, 3762, 3807, 4931, 5120, 5689, 6141, 6426, 6638, 6819, 6872, 6890, 6902, 6914]@{}
http://www.comp.hkbu.edu.hk/v1/?page=sitemap?=sc?=tc?=tc?=tc?=tc?=tc?=tc?=tc?=tc@[719, 955, 977, 1010, 1060, 1100, 1145, 1188, 1234, 1273, 1299, 1647, 1753, 1887, 1896, 1905, 1916, 1925, 1934, 2405, 2417, 2429, 3390, 3450, 3476, 3513, 3539, 3588, 3614, 3670, 3696, 3736, 3762, 3807, 4949, 5138, 5707, 6159, 6450, 6662, 6845, 6898, 6916, 6928, 6940]@{}
http://www.comp.hkbu.edu.hk/v1/?lang=tc@[719, 955, 977, 1010, 1060, 1100, 1145, 1188, 1234, 1273, 1299, 1647, 1753, 1887, 1896, 1905, 1916, 1925, 1934, 2405, 2417, 2429, 3368, 3428, 3454, 3491, 3517, 3566, 3592, 3648, 3674, 3714, 3740, 3785, 4931, 5120, 5689, 6141, 6438, 6650, 6847, 6900, 6918, 6930, 6942]@{}
http://www.comp.hkbu.edu.hk/~alumni/news/@[64, 73, 88, 103, 116, 126, 155, 179, 191, 208, 234, 260, 296, 324, 362, 388, 416, 450, 476, 509, 541, 564, 668, 755, 4041, 5026]@{}
http://www.sci.hkbu.edu.hk/eng/about-us/distinguished-professorship/eng/page/?page=prospective-students@[2462, 2577, 5249, 6011]@{}
http://www.sci.hkbu.edu.hk/eng/about-us/honorary-doctorate/eng/page/?page=prospective-students@[2462, 2577, 5249, 6011]@{}
http://www.sci.hkbu.edu.hk/eng/about-us/distinguished-professor-of-science/eng/page/?page=prospective-students@[2462, 2577, 5249, 6011]@{}
http://www.sci.hkbu.edu.hk/eng/about-us/dr-kennedy-wong-distinguished-visiting-professorship-scheme/eng/page/?page=prospective-students@[2462, 2577, 5249, 6011]@{}
http://www.sci.hkbu.edu.hk/eng/page/eng/about-us/vision-mission@[2462, 2577, 5249, 6011]@{}
http://www.sci.hkbu.edu.hk/eng/page/eng/about-us/faculty-advisory-committee@[2462, 2577, 5249, 6011]@{}
http://www.sci.hkbu.edu.hk/eng@[2462, 2577, 5249, 6011]@{}
http://www.sci.hkbu.edu.hk/eng/about-us/vision-mission/eng/page/?page=prospective-students@[2462, 2577, 5249, 6011]@{}
http://www.sci.hkbu.edu.hk/eng/about-us/faculty-advisory-committee/eng/page/?page=prospective-students@[2462, 2577, 5249, 6011]@{}
