http://www.comp.hkbu.edu.hk@[811, 851, 1670, 1688, 1706, 1708, 1726, 1730, 1741, 1746, 3019, 3023, 3028, 4548, 4875]@{}
http://www.comp.hkbu.edu.hk/v1/?page=job_vacancies?=tc@[811, 851, 1670, 1688, 1706, 1708, 1726, 1730, 1741, 1746, 3025, 3029, 3034, 4554, 4871]@{}
http://www.comp.hkbu.edu.hk/v1/?page=job_vacancies?=sc@[811, 851, 1670, 1688, 1706, 1708, 1726, 1730, 1741, 1746, 3025, 3029, 3034, 4554, 4871]@{}
http://www.comp.hkbu.edu.hk/v1/?page=sitemap?=tc@[811, 851, 1670, 1688, 1706, 1708, 1726, 1730, 1741, 1746, 3025, 3029, 3034, 4553, 4867]@{}
http://www.comp.hkbu.edu.hk/v1/?page=sitemap?=sc@[811, 851, 1670, 1688, 1706, 1708, 1726, 1730, 1741, 1746, 3025, 3029, 3034, 4553, 4866]@{}
http://www.comp.hkbu.edu.hk/v1/?lang=sc@[811, 851, 1670, 1688, 1706, 1708, 1726, 1730, 1741, 1746, 3019, 3023, 3028, 4548, 4862]@{}
http://www.comp.hkbu.edu.hk/v1/?page=job_vacancies?=tc?=tc@[811, 851, 1670, 1688, 1706, 1708, 1726, 1730, 1741, 1746, 3027, 3031, 3036, 4555, 4868]@{}
http://www.comp.hkbu.edu.hk/v1/?page=job_vacancies?=sc?=tc@[811, 851, 1670, 1688, 1706, 1708, 1726, 1730, 1741, 1746, 3027, 3031, 3036, 4555, 4878]@{}
http://www.comp.hkbu.edu.hk/v1/?page=sitemap?=tc?=tc@[811, 851, 1670, 1688, 1706, 1708, 1726, 1730, 1741, 1746, 3027, 3031, 3036, 4555, 4868]@{}
http://www.comp.hkbu.edu.hk/v1/?page=sitemap?=sc?=tc@[811, 851, 1670, 1688, 1706, 1708, 1726, 1730, 1741, 1746, 3027, 3031, 3036, 4555, 4882]@{}
http://www.comp.hkbu.edu.hk/v1/?page=home@[811, 851, 1670, 1688, 1706, 1708, 1726, 1730, 1741, 1746, 2943, 2958, 3023, 3027, 3032, 4551, 4860]@{}
http://www.comp.hkbu.edu.hk/v1/?page=job_vacancies?=tc?=tc?=tc@[811, 851, 1670, 1688, 1706, 1708, 1726, 1730, 1741, 1746, 3029, 3033, 3038, 4558, 4882]@{}
http://www.comp.hkbu.edu.hk/v1/?page=job_vacancies?=sc?=tc?=tc@[811, 851, 1670, 1688, 1706, 1708, 1726, 1730, 1741, 1746, 3029, 3033, 3038, 4557, 4866]@{}
http://www.comp.hkbu.edu.hk/v1/?page=sitemap?=tc?=tc?=tc@[811, 851, 1670, 1688, 1706, 1708, 1726, 1730, 1741, 1746, 3029, 3033, 3038, 4558, 4872]@{}
http://www.comp.hkbu.edu.hk/v1/?page=sitemap?=sc?=tc?=tc@[811, 851, 1670, 1688, 1706, 1708, 1726, 1730, 1741, 1746, 3029, 3033, 3038, 4558, 4875]@{}
http://www.comp.hkbu.edu.hk/v1/?page=home?=tc@[811, 851, 1670, 1688, 1706, 1708, 1726, 1730, 1741, 1746, 2943, 2959, 3025, 3029, 3034, 4553, 4870]@{}
http://www.comp.hkbu.edu.hk/v1/?page=job_vacancies?=tc?=tc?=tc?=tc@[811, 851, 1670, 1688, 1706, 1708, 1726, 1730, 1741, 1746, 3031, 3035, 3040, 4560, 4883]@{}
http://www.comp.hkbu.edu.hk/v1/?page=job_vacancies?=sc?=tc?=tc?=tc@[811, 851, 1670, 1688, 1706, 1708, 1726, 1730, 1741, 1746, 3031, 3035, 3040, 4560, 4884]@{}
http://www.comp.hkbu.edu.hk/v1/?page=sitemap?=tc?=tc?=tc?=tc@[811, 851, 1670, 1688, 1706, 1708, 1726, 1730, 1741, 1746, 3031, 3035, 3040, 4559, 4872]@{}
http://www.comp.hkbu.edu.hk/v1/?page=sitemap?=sc?=tc?=tc?=tc@[811, 851, 1670, 1688, 1706, 1708, 1726, 1730, 1741, 1746, 3031, 3035, 3040, 4559, 4883]@{}
http://www.comp.hkbu.edu.hk/v1/?page=home?=tc?=tc@[811, 851, 1670, 1688, 1706, 1708, 1726, 1730, 1741, 1746, 2943, 2960, 3027, 3031, 3036, 4555, 4872]@{}
http://www.comp.hkbu.edu.hk/v1/?page=job_vacancies?=tc?=tc?=tc?=tc?=tc@[811, 851, 1670, 1688, 1706, 1708, 1726, 1730, 1741, 1746, 3033, 3037, 3042, 4562, 4886]@{}
http://www.comp.hkbu.edu.hk/v1/?page=job_vacancies?=sc?=tc?=tc?=tc?=tc@[811, 851, 1670, 1688, 1706, 1708, 1726, 1730, 1741, 1746, 3033, 3037, 3042, 4561, 4871]@{}
http://www.comp.hkbu.edu.hk/v1/?page=sitemap?=tc?=tc?=tc?=tc?=tc@[811, 851, 1670, 1688, 1706, 1708, 1726, 1730, 1741, 1746, 3033, 3037, 3042, 4562, 4879]@{}
http://www.comp.hkbu.edu.hk/v1/?page=sitemap?=sc?=tc?=tc?=tc?=tc@[811, 851, 1670, 1688, 1706, 1708, 1726, 1730, 1741, 1746, 3033, 3037, 3042, 4561, 4885]@{}
http://www.comp.hkbu.edu.hk/v1/?page=home?=tc?=tc?=tc@[811, 851, 1670, 1688, 1706, 1708, 1726, 1730, 1741, 1746, 2943, 2961, 3029, 3033, 3038, 4557, 4870]@{}
http://www.comp.hkbu.edu.hk/v1/?page=job_vacancies@[359, 399, 1218, 1236, 1254, 1256, 1274, 1278, 1289, 1294, 2571, 2575, 2580]@{}
http://www.comp.hkbu.edu.hk/v1/?page=job_vacancies?=tc?=tc?=tc?=tc?=tc?=tc@[811, 851, 1670, 1688, 1706, 1708, 1726, 1730, 1741, 1746, 3035, 3039, 3044, 4564, 4874]@{}
http://www.comp.hkbu.edu.hk/v1/?page=job_vacancies?=sc?=tc?=tc?=tc?=tc?=tc@[811, 851, 1670, 1688, 1706, 1708, 1726, 1730, 1741, 1746, 3035, 3039, 3044, 4563, 4873]@{}
http://www.comp.hkbu.edu.hk/v1/?page=sitemap?=tc?=tc?=tc?=tc?=tc?=tc@[811, 851, 1670, 1688, 1706, 1708, 1726, 1730, 1741, 1746, 3035, 3039, 3044, 4563, 4877]@{}
http://www.comp.hkbu.edu.hk/v1/?page=sitemap?=sc?=tc?=tc?=tc?=tc?=tc@[811, 851, 1670, 1688, 1706, 1708, 1726, 1730, 1741, 1746, 3035, 3039, 3044, 4564, 4895]@{}
http://www.comp.hkbu.edu.hk/v1/?page=home?=tc?=tc?=tc?=tc@[811, 851, 1670, 1688, 1706, 1708, 1726, 1730, 1741, 1746, 2943, 2962, 3031, 3035, 3040, 4560, 4876]@{}
http://www.comp.hkbu.edu.hk/v1/?page=job_vacancies?=tc?=tc?=tc?=tc?=tc?=tc?=tc@[811, 851, 1670, 1688, 1706, 1708, 1726, 1730, 1741, 1746, 3037, 3041, 3046, 4566, 4878]@{}
http://www.comp.hkbu.edu.hk/v1/?page=job_vacancies?=sc?=tc?=tc?=tc?=tc?=tc?=tc@[811, 851, 1670, 1688, 1706, 1708, 1726, 1730, 1741, 1746, 3037, 3041, 3046, 4566, 4875]@{}
http://www.comp.hkbu.edu.hk/v1/?page=sitemap?=tc?=tc?=tc?=tc?=tc?=tc?=tc@[811, 851, 1670, 1688, 1706, 1708, 1726, 1730, 1741, 1746, 3037, 3041, 3046, 4565, 4877]@{}
http://www.comp.hkbu.edu.hk/v1/?page=sitemap?=sc?=tc?=tc?=tc?=tc?=tc?=tc@[811, 851, 1670, 1688, 1706, 1708, 1726, 1730, 1741, 1746, 3037, 3041, 3046, 4565, 4879]@{}
http://www.comp.hkbu.edu.hk/v1/?page=home?=tc?=tc?=tc?=tc?=tc@[811, 851, 1670, 1688, 1706, 1708, 1726, 1730, 1741, 1746, 2943, 2963, 3033, 3037, 3042, 4562, 4879]@{}
http://www.comp.hkbu.edu.hk/v1/?page=job_vacancies?=tc?=tc?=tc?=tc?=tc?=tc?=tc?=tc@[811, 851, 1670, 1688, 1706, 1708, 1726, 1730, 1741, 1746, 3039, 3043, 3048, 4568, 4894]@{}
http://www.comp.hkbu.edu.hk/v1/?page=job_vacancies?=sc?=tc?=tc?=tc?=tc?=tc?=tc?=tc@[811, 851, 1670, 1688, 1706, 1708, 1726, 1730, 1741, 1746, 3039, 3043, 3048, 4568, 4878]@{}
http://www.comp.hkbu.edu.hk/v1/?page=sitemap?=tc?=tc?=tc?=tc?=tc?=tc?=tc?=tc@[811, 851, 1670, 1688, 1706, 1708, 1726, 1730, 1741, 1746, 3039, 3043, 3048, 4568, 4881]@{}
http://www.comp.hkbu.edu.hk/v1/?page=sitemap?=sc?=tc?=tc?=tc?=tc?=tc?=tc?=tc@[811, 851, 1670, 1688, 1706, 1708, 1726, 1730, 1741, 1746, 3039, 3043, 3048, 4568, 4895]@{}
http://www.comp.hkbu.edu.hk/v1/?page=sitemap@[357, 397, 1216, 1234, 1252, 1254, 1272, 1276, 1287, 1292, 2569, 2573, 2578, 4133, 4134]@{}
http://www.comp.hkbu.edu.hk/v1/?page=home?=tc?=tc?=tc?=tc?=tc?=tc@[811, 851, 1670, 1688, 1706, 1708, 1726, 1730, 1741, 1746, 2943, 2964, 3035, 3039, 3044, 4563, 4880]@{}
http://www.comp.hkbu.edu.hk/v1/?page=job_vacancies?=tc?=tc?=tc?=tc?=tc?=tc?=tc?=tc?=tc@[811, 851, 1670, 1688, 1706, 1708, 1726, 1730, 1741, 1746, 3041, 3045, 3050, 4570, 4894]@{}
http://www.comp.hkbu.edu.hk/v1/?page=job_vacancies?=sc?=tc?=tc?=tc?=tc?=tc?=tc?=tc?=tc@[811, 851, 1670, 1688, 1706, 1708, 1726, 1730, 1741, 1746, 3041, 3045, 3050, 4570, 4893]@{}
http://www.comp.hkbu.edu.hk/v1/?page=sitemap?=tc?=tc?=tc?=tc?=tc?=tc?=tc?=tc?=tc@[811, 851, 1670, 1688, 1706, 1708, 1726, 1730, 1741, 1746, 3041, 3045, 3050, 4569, 4878]@{}
http://www.comp.hkbu.edu.hk/v1/?page=sitemap?=sc?=tc?=tc?=tc?=tc?=tc?=tc?=tc?=tc@[811, 851, 1670, 1688, 1706, 1708, 1726, 1730, 1741, 1746, 3041, 3045, 3050, 4569, 4896]@{}
http://www.comp.hkbu.edu.hk/v1/?lang=tc@[811, 851, 1670, 1688, 1706, 1708, 1726, 1730, 1741, 1746, 3019, 3023, 3028, 4547, 4878]@{}
