http://www.comp.hkbu.edu.hk@[64, 97, 109, 129, 141, 154, 161, 198, 2104, 3795, 3836, 4127, 4567, 5346, 5527, 5536, 6962, 6974, 6984, 7004]@{}
http://www.comp.hkbu.edu.hk/v1/?page=sci@[151, 165, 344, 524, 535, 548, 4235, 4911, 4923, 4942, 4958, 4972, 4984, 8232, 8249, 8276]@{}
http://www.comp.hkbu.edu.hk/v1/?page=job_vacancies?=tc@[64, 97, 109, 129, 141, 154, 161, 198, 2104, 3801, 3842, 4133, 4573, 5342, 5523, 5532, 6938, 6950, 6960, 6980]@{}
http://www.comp.hkbu.edu.hk/v1/?page=job_vacancies?=sc@[64, 97, 109, 129, 141, 154, 161, 198, 2104, 3801, 3842, 4133, 4573, 5342, 5523, 5532, 6947, 6959, 6969, 6989]@{}
http://www.comp.hkbu.edu.hk/v1/?page=sitemap?=tc@[64, 97, 109, 129, 141, 154, 161, 198, 2104, 3801, 3842, 4132, 4572, 5338, 5519, 5528, 6950, 6962, 6972, 6992]@{}
http://www.comp.hkbu.edu.hk/v1/?page=sitemap?=sc@[64, 97, 109, 129, 141, 154, 161, 198, 2104, 3801, 3842, 4132, 4572, 5337, 5518, 5527, 6965, 6977, 6987, 7007]@{}
http://www.comp.hkbu.edu.hk/v1/?lang=sc@[64, 97, 109, 129, 141, 154, 161, 198, 2104, 3795, 3836, 4127, 4567, 5333, 5514, 5523, 6931, 6943, 6953, 6973]@{}
http://www.comp.hkbu.edu.hk/~alumni/news/../news/@[14, 17, 21, 214, 218, 240, 244, 266, 270, 302, 306, 330, 334, 368, 372, 394, 398, 422, 426, 456, 460, 482, 486, 515, 519, 547, 551, 5074, 5098, 5107]@{}
http://www.comp.hkbu.edu.hk/~alumni/news/../scholarship/@[14, 17, 21, 214, 218, 240, 244, 266, 270, 302, 306, 330, 334, 368, 372, 394, 398, 422, 426, 456, 460, 482, 486, 515, 519, 547, 551, 906, 930, 939]@{}
http://www.comp.hkbu.edu.hk/~alumni/news/../donation/@[14, 17, 21, 214, 218, 240, 244, 266, 270, 302, 306, 330, 334, 368, 372, 394, 398, 422, 426, 456, 460, 482, 486, 515, 519, 547, 551, 1396, 1420, 1429]@{}
http://www.comp.hkbu.edu.hk/v1/?page=job_vacancies?=tc?=tc@[64, 97, 109, 129, 141, 154, 161, 198, 2104, 3803, 3844, 4134, 4574, 5339, 5520, 5529, 6952, 6964, 6974, 6994]@{}
http://www.comp.hkbu.edu.hk/v1/?page=job_vacancies?=sc?=tc@[64, 97, 109, 129, 141, 154, 161, 198, 2104, 3803, 3844, 4134, 4574, 5349, 5530, 5539, 6981, 6993, 7003, 7023]@{}
http://www.comp.hkbu.edu.hk/v1/?page=sitemap?=tc?=tc@[64, 97, 109, 129, 141, 154, 161, 198, 2104, 3803, 3844, 4134, 4574, 5339, 5520, 5529, 6943, 6955, 6965, 6985]@{}
http://www.comp.hkbu.edu.hk/v1/?page=sitemap?=sc?=tc@[64, 97, 109, 129, 141, 154, 161, 198, 2104, 3803, 3844, 4134, 4574, 5353, 5534, 5543, 6970, 6982, 6992, 7012]@{}
http://www.comp.hkbu.edu.hk/v1/?page=home@[64, 97, 109, 129, 141, 154, 161, 198, 2104, 3799, 3840, 4130, 4570, 5331, 5512, 5521, 6935, 6947, 6957, 6977]@{}
http://www.comp.hkbu.edu.hk/~alumni/news/../news/../news/@[14, 17, 21, 214, 218, 240, 244, 266, 270, 302, 306, 330, 334, 368, 372, 394, 398, 422, 426, 456, 460, 482, 486, 515, 519, 547, 551, 5074, 5098, 5107]@{}
http://www.comp.hkbu.edu.hk/~alumni/news/../scholarship/../news/@[14, 17, 21, 214, 218, 240, 244, 266, 270, 302, 306, 330, 334, 368, 372, 394, 398, 422, 426, 456, 460, 482, 486, 515, 519, 547, 551, 5074, 5098, 5107]@{}
http://www.comp.hkbu.edu.hk/~alumni/news/../donation/../news/@[14, 17, 21, 214, 218, 240, 244, 266, 270, 302, 306, 330, 334, 368, 372, 394, 398, 422, 426, 456, 460, 482, 486, 515, 519, 547, 551, 5074, 5098, 5107]@{}
http://www.comp.hkbu.edu.hk/v1/?page=job_vacancies?=tc?=tc?=tc@[64, 97, 109, 129, 141, 154, 161, 198, 2104, 3805, 3846, 4137, 4577, 5353, 5534, 5543, 6978, 6990, 7000, 7020]@{}
http://www.comp.hkbu.edu.hk/v1/?page=job_vacancies?=sc?=tc?=tc@[64, 97, 109, 129, 141, 154, 161, 198, 2104, 3805, 3846, 4136, 4576, 5337, 5518, 5527, 6947, 6959, 6969, 6989]@{}
http://www.comp.hkbu.edu.hk/v1/?page=sitemap?=tc?=tc?=tc@[64, 97, 109, 129, 141, 154, 161, 198, 2104, 3805, 3846, 4137, 4577, 5343, 5524, 5533, 6975, 6987, 6997, 7017]@{}
http://www.comp.hkbu.edu.hk/v1/?page=sitemap?=sc?=tc?=tc@[64, 97, 109, 129, 141, 154, 161, 198, 2104, 3805, 3846, 4137, 4577, 5346, 5527, 5536, 6978, 6990, 7000, 7020]@{}
http://www.comp.hkbu.edu.hk/v1/?page=home?=tc@[64, 97, 109, 129, 141, 154, 161, 198, 2104, 3801, 3842, 4132, 4572, 5341, 5522, 5531, 6963, 6975, 6985, 7005]@{}
http://www.comp.hkbu.edu.hk/~alumni/news/../news/../news/../news/@[14, 17, 21, 214, 218, 240, 244, 266, 270, 302, 306, 330, 334, 368, 372, 394, 398, 422, 426, 456, 460, 482, 486, 515, 519, 547, 551, 5074, 5098, 5107]@{}
http://www.comp.hkbu.edu.hk/~alumni/news/../scholarship/../news/../news/@[14, 17, 21, 214, 218, 240, 244, 266, 270, 302, 306, 330, 334, 368, 372, 394, 398, 422, 426, 456, 460, 482, 486, 515, 519, 547, 551, 5074, 5098, 5107]@{}
http://www.comp.hkbu.edu.hk/~alumni/news/../donation/../news/../news/@[14, 17, 21, 214, 218, 240, 244, 266, 270, 302, 306, 330, 334, 368, 372, 394, 398, 422, 426, 456, 460, 482, 486, 515, 519, 547, 551, 5074, 5098, 5107]@{}
http://www.comp.hkbu.edu.hk/v1/?page=job_vacancies?=tc?=tc?=tc?=tc@[64, 97, 109, 129, 141, 154, 161, 198, 2104, 3807, 3848, 4139, 4579, 5354, 5535, 5544, 6958, 6970, 6980, 7000]@{}
http://www.comp.hkbu.edu.hk/v1/?page=job_vacancies?=sc?=tc?=tc?=tc@[64, 97, 109, 129, 141, 154, 161, 198, 2104, 3807, 3848, 4139, 4579, 5355, 5536, 5545, 6946, 6958, 6968, 6988]@{}
http://www.comp.hkbu.edu.hk/v1/?page=sitemap?=tc?=tc?=tc?=tc@[64, 97, 109, 129, 141, 154, 161, 198, 2104, 3807, 3848, 4138, 4578, 5343, 5524, 5533, 6964, 6976, 6986, 7006]@{}
http://www.comp.hkbu.edu.hk/v1/?page=sitemap?=sc?=tc?=tc?=tc@[64, 97, 109, 129, 141, 154, 161, 198, 2104, 3807, 3848, 4138, 4578, 5354, 5535, 5544, 6972, 6984, 6994, 7014]@{}
http://www.comp.hkbu.edu.hk/v1/?page=home?=tc?=tc@[64, 97, 109, 129, 141, 154, 161, 198, 2104, 3803, 3844, 4134, 4574, 5343, 5524, 5533, 6946, 6958, 6968, 6988]@{}
http://www.comp.hkbu.edu.hk/~alumni/news/../news/../news/../news/../news/@[14, 17, 21, 214, 218, 240, 244, 266, 270, 302, 306, 330, 334, 368, 372, 394, 398, 422, 426, 456, 460, 482, 486, 515, 519, 547, 551, 5074, 5098, 5107]@{}
http://www.comp.hkbu.edu.hk/v1/?page=alumni@[24, 138, 145, 171, 195, 204]@{}
http://www.comp.hkbu.edu.hk/~alumni/news/../scholarship/../news/../news/../news/@[14, 17, 21, 214, 218, 240, 244, 266, 270, 302, 306, 330, 334, 368, 372, 394, 398, 422, 426, 456, 460, 482, 486, 515, 519, 547, 551, 5074, 5098, 5107]@{}
http://www.comp.hkbu.edu.hk/~alumni/news/../donation/../news/../news/../news/@[14, 17, 21, 214, 218, 240, 244, 266, 270, 302, 306, 330, 334, 368, 372, 394, 398, 422, 426, 456, 460, 482, 486, 515, 519, 547, 551, 5074, 5098, 5107]@{}
http://www.comp.hkbu.edu.hk/v1/?page=job_vacancies?=tc?=tc?=tc?=tc?=tc@[64, 97, 109, 129, 141, 154, 161, 198, 2104, 3809, 3850, 4141, 4581, 5357, 5538, 5547, 6953, 6965, 6975, 6995]@{}
http://www.comp.hkbu.edu.hk/v1/?page=job_vacancies?=sc?=tc?=tc?=tc?=tc@[64, 97, 109, 129, 141, 154, 161, 198, 2104, 3809, 3850, 4140, 4580, 5342, 5523, 5532, 6955, 6967, 6977, 6997]@{}
http://www.comp.hkbu.edu.hk/v1/?page=sitemap?=tc?=tc?=tc?=tc?=tc@[64, 97, 109, 129, 141, 154, 161, 198, 2104, 3809, 3850, 4141, 4581, 5350, 5531, 5540, 6975, 6987, 6997, 7017]@{}
http://www.comp.hkbu.edu.hk/v1/?page=sitemap?=sc?=tc?=tc?=tc?=tc@[64, 97, 109, 129, 141, 154, 161, 198, 2104, 3809, 3850, 4140, 4580, 5356, 5537, 5546, 6960, 6972, 6982, 7002]@{}
http://www.comp.hkbu.edu.hk/v1/?page=home?=tc?=tc?=tc@[64, 97, 109, 129, 141, 154, 161, 198, 2104, 3805, 3846, 4136, 4576, 5341, 5522, 5531, 6960, 6972, 6982, 7002]@{}
http://www.comp.hkbu.edu.hk/~alumni/news/../news/../news/../news/../news/../news/@[14, 17, 21, 214, 218, 240, 244, 266, 270, 302, 306, 330, 334, 368, 372, 394, 398, 422, 426, 456, 460, 482, 486, 515, 519, 547, 551, 5074, 5098, 5107]@{}
http://www.comp.hkbu.edu.hk/~alumni/news/../scholarship/../news/../news/../news/../news/@[14, 17, 21, 214, 218, 240, 244, 266, 270, 302, 306, 330, 334, 368, 372, 394, 398, 422, 426, 456, 460, 482, 486, 515, 519, 547, 551, 5074, 5098, 5107]@{}
http://www.comp.hkbu.edu.hk/~alumni/news/../donation/../news/../news/../news/../news/@[14, 17, 21, 214, 218, 240, 244, 266, 270, 302, 306, 330, 334, 368, 372, 394, 398, 422, 426, 456, 460, 482, 486, 515, 519, 547, 551, 5074, 5098, 5107]@{}
http://www.comp.hkbu.edu.hk/v1/?page=job_vacancies@[64, 97, 109, 1652, 3347, 3388, 3679, 4475, 4485, 4505]@{}
http://www.comp.hkbu.edu.hk/v1/?page=job_vacancies?=tc?=tc?=tc?=tc?=tc?=tc@[64, 97, 109, 129, 141, 154, 161, 198, 2104, 3811, 3852, 4143, 4583, 5345, 5526, 5535, 6950, 6962, 6972, 6992]@{}
http://www.comp.hkbu.edu.hk/v1/?page=job_vacancies?=sc?=tc?=tc?=tc?=tc?=tc@[64, 97, 109, 129, 141, 154, 161, 198, 2104, 3811, 3852, 4142, 4582, 5344, 5525, 5534, 6977, 6989, 6999, 7019]@{}
http://www.comp.hkbu.edu.hk/v1/?page=sitemap?=tc?=tc?=tc?=tc?=tc?=tc@[64, 97, 109, 129, 141, 154, 161, 198, 2104, 3811, 3852, 4142, 4582, 5348, 5529, 5538, 6967, 6979, 6989, 7009]@{}
http://www.comp.hkbu.edu.hk/v1/?page=sitemap?=sc?=tc?=tc?=tc?=tc?=tc@[64, 97, 109, 129, 141, 154, 161, 198, 2104, 3811, 3852, 4143, 4583, 5366, 5547, 5556, 6977, 6989, 6999, 7019]@{}
http://www.comp.hkbu.edu.hk/v1/?page=home?=tc?=tc?=tc?=tc@[64, 97, 109, 129, 141, 154, 161, 198, 2104, 3807, 3848, 4139, 4579, 5347, 5528, 5537, 6961, 6973, 6983, 7003]@{}
http://www.comp.hkbu.edu.hk/~alumni/news/../news/../news/../news/../news/../news/../news/@[14, 17, 21, 214, 218, 240, 244, 266, 270, 302, 306, 330, 334, 368, 372, 394, 398, 422, 426, 456, 460, 482, 486, 515, 519, 547, 551, 5074, 5098, 5107]@{}
http://www.comp.hkbu.edu.hk/~alumni/news/../scholarship/../news/../news/../news/../news/../news/@[14, 17, 21, 214, 218, 240, 244, 266, 270, 302, 306, 330, 334, 368, 372, 394, 398, 422, 426, 456, 460, 482, 486, 515, 519, 547, 551, 5074, 5098, 5107]@{}
http://www.comp.hkbu.edu.hk/~alumni/news/../donation/../news/../news/../news/../news/../news/@[14, 17, 21, 214, 218, 240, 244, 266, 270, 302, 306, 330, 334, 368, 372, 394, 398, 422, 426, 456, 460, 482, 486, 515, 519, 547, 551, 5074, 5098, 5107]@{}
http://www.comp.hkbu.edu.hk/v1/?page=job_vacancies?=tc?=tc?=tc?=tc?=tc?=tc?=tc@[64, 97, 109, 129, 141, 154, 161, 198, 2104, 3813, 3854, 4145, 4585, 5349, 5530, 5539, 6949, 6961, 6971, 6991]@{}
http://www.comp.hkbu.edu.hk/v1/?page=job_vacancies?=sc?=tc?=tc?=tc?=tc?=tc?=tc@[64, 97, 109, 129, 141, 154, 161, 198, 2104, 3813, 3854, 4145, 4585, 5346, 5527, 5536, 6969, 6981, 6991, 7011]@{}
http://www.comp.hkbu.edu.hk/v1/?page=sitemap?=tc?=tc?=tc?=tc?=tc?=tc?=tc@[64, 97, 109, 129, 141, 154, 161, 198, 2104, 3813, 3854, 4144, 4584, 5348, 5529, 5538, 6949, 6961, 6971, 6991]@{}
http://www.comp.hkbu.edu.hk/v1/?page=sitemap?=sc?=tc?=tc?=tc?=tc?=tc?=tc@[64, 97, 109, 129, 141, 154, 161, 198, 2104, 3813, 3854, 4144, 4584, 5350, 5531, 5540, 6970, 6982, 6992, 7012]@{}
http://www.comp.hkbu.edu.hk/v1/?page=home?=tc?=tc?=tc?=tc?=tc@[64, 97, 109, 129, 141, 154, 161, 198, 2104, 3809, 3850, 4141, 4581, 5350, 5531, 5540, 6974, 6986, 6996, 7016]@{}
http://www.comp.hkbu.edu.hk/~alumni/news/../news/../news/../news/../news/../news/../news/../news/@[14, 17, 21, 214, 218, 240, 244, 266, 270, 302, 306, 330, 334, 368, 372, 394, 398, 422, 426, 456, 460, 482, 486, 515, 519, 547, 551, 5074, 5098, 5107]@{}
http://www.comp.hkbu.edu.hk/~alumni/news/../scholarship/../news/../news/../news/../news/../news/../news/@[14, 17, 21, 214, 218, 240, 244, 266, 270, 302, 306, 330, 334, 368, 372, 394, 398, 422, 426, 456, 460, 482, 486, 515, 519, 547, 551, 5074, 5098, 5107]@{}
http://www.comp.hkbu.edu.hk/~alumni/news/../donation/../news/../news/../news/../news/../news/../news/@[14, 17, 21, 214, 218, 240, 244, 266, 270, 302, 306, 330, 334, 368, 372, 394, 398, 422, 426, 456, 460, 482, 486, 515, 519, 547, 551, 5074, 5098, 5107]@{}
http://www.comp.hkbu.edu.hk/v1/?page=job_vacancies?=tc?=tc?=tc?=tc?=tc?=tc?=tc?=tc@[64, 97, 109, 129, 141, 154, 161, 198, 2104, 3815, 3856, 4147, 4587, 5365, 5546, 5555, 6992, 7004, 7014, 7034]@{}
http://www.comp.hkbu.edu.hk/v1/?page=job_vacancies?=sc?=tc?=tc?=tc?=tc?=tc?=tc?=tc@[64, 97, 109, 129, 141, 154, 161, 198, 2104, 3815, 3856, 4147, 4587, 5349, 5530, 5539, 6971, 6983, 6993, 7013]@{}
http://www.comp.hkbu.edu.hk/v1/?page=sitemap?=tc?=tc?=tc?=tc?=tc?=tc?=tc?=tc@[64, 97, 109, 129, 141, 154, 161, 198, 2104, 3815, 3856, 4147, 4587, 5352, 5533, 5542, 6962, 6974, 6984, 7004]@{}
http://www.comp.hkbu.edu.hk/v1/?page=sitemap?=sc?=tc?=tc?=tc?=tc?=tc?=tc?=tc@[64, 97, 109, 129, 141, 154, 161, 198, 2104, 3815, 3856, 4147, 4587, 5366, 5547, 5556, 6970, 6982, 6992, 7012]@{}
http://www.comp.hkbu.edu.hk/v1/?page=sitemap@[64, 97, 109, 1650, 3345, 3386, 3676, 5835, 5845, 5865]@{}
http://www.comp.hkbu.edu.hk/v1/?page=home?=tc?=tc?=tc?=tc?=tc?=tc@[64, 97, 109, 129, 141, 154, 161, 198, 2104, 3811, 3852, 4142, 4582, 5351, 5532, 5541, 6970, 6982, 6992, 7012]@{}
http://www.comp.hkbu.edu.hk/~alumni/news/../news/../news/../news/../news/../news/../news/../news/../news/@[14, 17, 21, 214, 218, 240, 244, 266, 270, 302, 306, 330, 334, 368, 372, 394, 398, 422, 426, 456, 460, 482, 486, 515, 519, 547, 551, 5074, 5098, 5107]@{}
http://www.comp.hkbu.edu.hk/~alumni/news/../scholarship/../news/../news/../news/../news/../news/../news/../news/@[14, 17, 21, 214, 218, 240, 244, 266, 270, 302, 306, 330, 334, 368, 372, 394, 398, 422, 426, 456, 460, 482, 486, 515, 519, 547, 551, 5074, 5098, 5107]@{}
http://www.comp.hkbu.edu.hk/~alumni/news/../donation/../news/../news/../news/../news/../news/../news/../news/@[14, 17, 21, 214, 218, 240, 244, 266, 270, 302, 306, 330, 334, 368, 372, 394, 398, 422, 426, 456, 460, 482, 486, 515, 519, 547, 551, 5074, 5098, 5107]@{}
http://www.comp.hkbu.edu.hk/v1/?page=job_vacancies?=tc?=tc?=tc?=tc?=tc?=tc?=tc?=tc?=tc@[64, 97, 109, 129, 141, 154, 161, 198, 2104, 3817, 3858, 4149, 4589, 5365, 5546, 5555, 6966, 6978, 6988, 7008]@{}
http://www.comp.hkbu.edu.hk/v1/?page=job_vacancies?=sc?=tc?=tc?=tc?=tc?=tc?=tc?=tc?=tc@[64, 97, 109, 129, 141, 154, 161, 198, 2104, 3817, 3858, 4149, 4589, 5364, 5545, 5554, 6978, 6990, 7000, 7020]@{}
http://www.comp.hkbu.edu.hk/v1/?page=sitemap?=tc?=tc?=tc?=tc?=tc?=tc?=tc?=tc?=tc@[64, 97, 109, 129, 141, 154, 161, 198, 2104, 3817, 3858, 4148, 4588, 5349, 5530, 5539, 6946, 6958, 6968, 6988]@{}
http://www.comp.hkbu.edu.hk/v1/?page=sitemap?=sc?=tc?=tc?=tc?=tc?=tc?=tc?=tc?=tc@[64, 97, 109, 129, 141, 154, 161, 198, 2104, 3817, 3858, 4148, 4588, 5367, 5548, 5557, 6972, 6984, 6994, 7014]@{}
http://www.comp.hkbu.edu.hk/v1/?lang=tc@[64, 97, 109, 129, 141, 154, 161, 198, 2104, 3795, 3836, 4126, 4566, 5349, 5530, 5539, 6974, 6986, 6996, 7016]@{}
http://www.comp.hkbu.edu.hk/~alumni/news/@[14, 17, 21, 214, 218, 240, 244, 266, 270, 302, 306, 330, 334, 368, 372, 394, 398, 422, 426, 456, 460, 482, 486, 515, 519, 547, 551, 5074, 5098, 5107]@{}
http://www.sci.hkbu.edu.hk/eng/page/?page=prospective-students@[151, 165, 344, 524, 535, 548, 3777, 3794, 3821]@{}
http://www.sci.hkbu.edu.hk/eng/page/?page=current-students@[151, 165, 344, 524, 535, 548, 2936, 2954, 3433, 3450, 3477]@{}
http://www.sci.hkbu.edu.hk/eng/page/@[151, 165, 344, 524, 535, 548, 3536, 3553, 3580]@{}
http://www.sci.hkbu.edu.hk/eng/about-us/honorary-doctorate@[151, 165, 344, 524, 535, 548, 4067, 4084, 4111]@{}
http://www.sci.hkbu.edu.hk/eng/about-us/distinguished-professorship/eng/page/?page=prospective-students@[151, 165, 344, 524, 535, 548, 4235, 4911, 4923, 4942, 4958, 4972, 4984, 8232, 8249, 8276]@{}
http://www.sci.hkbu.edu.hk/eng/about-us/honorary-doctorate/eng/page/?page=prospective-students@[151, 165, 344, 524, 535, 548, 4235, 4911, 4923, 4942, 4958, 4972, 4984, 8232, 8249, 8276]@{}
http://www.sci.hkbu.edu.hk/eng/about-us/distinguished-professor-of-science@[151, 165, 344, 524, 535, 548, 3883, 3900, 3927]@{}
http://www.sci.hkbu.edu.hk/eng/about-us/dr-kennedy-wong-distinguished-visiting-professorship-scheme@[151, 165, 344, 524, 535, 548, 3552, 3569, 3596]@{}
http://www.sci.hkbu.edu.hk/eng/about-us/distinguished-professor-of-science/eng/page/?page=prospective-students@[151, 165, 344, 524, 535, 548, 4235, 4911, 4923, 4942, 4958, 4972, 4984, 8232, 8249, 8276]@{}
http://www.sci.hkbu.edu.hk/eng/about-us/dr-kennedy-wong-distinguished-visiting-professorship-scheme/eng/page/?page=prospective-students@[151, 165, 344, 524, 535, 548, 4235, 4911, 4923, 4942, 4958, 4972, 4984, 8232, 8249, 8276]@{}
http://www.sci.hkbu.edu.hk/eng/page/eng/about-us/vision-mission@[151, 165, 344, 524, 535, 548, 4235, 4911, 4923, 4942, 4958, 4972, 4984, 8232, 8249, 8276]@{}
http://www.sci.hkbu.edu.hk/eng/page/eng/about-us/faculty-advisory-committee@[151, 165, 344, 524, 535, 548, 4235, 4911, 4923, 4942, 4958, 4972, 4984, 8232, 8249, 8276]@{}
http://www.sci.hkbu.edu.hk/eng@[151, 165, 344, 524, 535, 548, 4235, 4911, 4923, 4942, 4958, 4972, 4984, 8232, 8249, 8276]@{}
http://www.sci.hkbu.edu.hk/eng/about-us/vision-mission@[151, 165, 344, 524, 535, 548, 3456, 3473, 3500]@{}
http://www.sci.hkbu.edu.hk/eng/about-us/faculty-advisory-committee@[151, 165, 344, 524, 535, 548, 4210, 4227, 4254]@{}
http://www.sci.hkbu.edu.hk/eng/about-us/vision-mission/eng/page/?page=prospective-students@[151, 165, 344, 524, 535, 548, 4235, 4911, 4923, 4942, 4958, 4972, 4984, 8232, 8249, 8276]@{}
http://www.sci.hkbu.edu.hk/eng/about-us/faculty-advisory-committee/eng/page/?page=prospective-students@[151, 165, 344, 524, 535, 548, 4235, 4911, 4923, 4942, 4958, 4972, 4984, 8232, 8249, 8276]@{}
http://www.sci.hkbu.edu.hk/eng/about-us/distinguished-professorship@[151, 165, 344, 524, 535, 548, 3101, 3118, 3145]@{}
