http://www.comp.hkbu.edu.hk/v1/?page=sci@[1436, 4848, 4867, 6199, 6259, 6264, 6269, 6317, 6323, 6326, 6338, 6341, 6347, 6350, 6356, 6389, 6400, 6410, 6450, 6452, 6457, 6459, 6471, 6494, 6500, 6508, 6519, 6521, 6528, 6530, 6544, 6672, 6674, 6677, 6679, 6682, 6684, 6687, 6689, 6692, 6694, 6719, 6725, 6752, 6834, 6837, 6842, 6931, 6934, 7024, 7027, 7120, 7123, 7218, 7246, 7342, 7349, 7366, 7376, 7380, 7416, 7422, 7454, 7459, 7464, 7478, 7507, 7523, 7551, 7573, 7637, 7643, 7696, 7703, 7711]@{}
http://www.sci.hkbu.edu.hk/eng/page/?page=prospective-students@[1436, 2927, 2995]@{}
http://www.sci.hkbu.edu.hk/eng/page/?page=current-students@[1436]@{}
http://www.sci.hkbu.edu.hk/eng/page/@[1436]@{}
http://www.sci.hkbu.edu.hk/eng/about-us/honorary-doctorate@[1436]@{}
http://www.sci.hkbu.edu.hk/eng/about-us/distinguished-professorship/eng/page/?page=prospective-students@[1436, 4848, 4867, 6199, 6259, 6264, 6269, 6317, 6323, 6326, 6338, 6341, 6347, 6350, 6356, 6389, 6400, 6410, 6450, 6452, 6457, 6459, 6471, 6494, 6500, 6508, 6519, 6521, 6528, 6530, 6544, 6672, 6674, 6677, 6679, 6682, 6684, 6687, 6689, 6692, 6694, 6719, 6725, 6752, 6834, 6837, 6842, 6931, 6934, 7024, 7027, 7120, 7123, 7218, 7246, 7342, 7349, 7366, 7376, 7380, 7416, 7422, 7454, 7459, 7464, 7478, 7507, 7523, 7551, 7573, 7637, 7643, 7696, 7703, 7711]@{}
http://www.sci.hkbu.edu.hk/eng/about-us/honorary-doctorate/eng/page/?page=prospective-students@[1436, 4848, 4867, 6199, 6259, 6264, 6269, 6317, 6323, 6326, 6338, 6341, 6347, 6350, 6356, 6389, 6400, 6410, 6450, 6452, 6457, 6459, 6471, 6494, 6500, 6508, 6519, 6521, 6528, 6530, 6544, 6672, 6674, 6677, 6679, 6682, 6684, 6687, 6689, 6692, 6694, 6719, 6725, 6752, 6834, 6837, 6842, 6931, 6934, 7024, 7027, 7120, 7123, 7218, 7246, 7342, 7349, 7366, 7376, 7380, 7416, 7422, 7454, 7459, 7464, 7478, 7507, 7523, 7551, 7573, 7637, 7643, 7696, 7703, 7711]@{}
http://www.sci.hkbu.edu.hk/eng/about-us/distinguished-professor-of-science@[1436]@{}
http://www.sci.hkbu.edu.hk/eng/about-us/dr-kennedy-wong-distinguished-visiting-professorship-scheme@[1436]@{}
http://www.sci.hkbu.edu.hk/eng/about-us/distinguished-professor-of-science/eng/page/?page=prospective-students@[1436, 4848, 4867, 6199, 6259, 6264, 6269, 6317, 6323, 6326, 6338, 6341, 6347, 6350, 6356, 6389, 6400, 6410, 6450, 6452, 6457, 6459, 6471, 6494, 6500, 6508, 6519, 6521, 6528, 6530, 6544, 6672, 6674, 6677, 6679, 6682, 6684, 6687, 6689, 6692, 6694, 6719, 6725, 6752, 6834, 6837, 6842, 6931, 6934, 7024, 7027, 7120, 7123, 7218, 7246, 7342, 7349, 7366, 7376, 7380, 7416, 7422, 7454, 7459, 7464, 7478, 7507, 7523, 7551, 7573, 7637, 7643, 7696, 7703, 7711]@{}
http://www.sci.hkbu.edu.hk/eng/about-us/dr-kennedy-wong-distinguished-visiting-professorship-scheme/eng/page/?page=prospective-students@[1436, 4848, 4867, 6199, 6259, 6264, 6269, 6317, 6323, 6326, 6338, 6341, 6347, 6350, 6356, 6389, 6400, 6410, 6450, 6452, 6457, 6459, 6471, 6494, 6500, 6508, 6519, 6521, 6528, 6530, 6544, 6672, 6674, 6677, 6679, 6682, 6684, 6687, 6689, 6692, 6694, 6719, 6725, 6752, 6834, 6837, 6842, 6931, 6934, 7024, 7027, 7120, 7123, 7218, 7246, 7342, 7349, 7366, 7376, 7380, 7416, 7422, 7454, 7459, 7464, 7478, 7507, 7523, 7551, 7573, 7637, 7643, 7696, 7703, 7711]@{}
http://www.sci.hkbu.edu.hk/eng/page/eng/about-us/vision-mission@[1436, 4848, 4867, 6199, 6259, 6264, 6269, 6317, 6323, 6326, 6338, 6341, 6347, 6350, 6356, 6389, 6400, 6410, 6450, 6452, 6457, 6459, 6471, 6494, 6500, 6508, 6519, 6521, 6528, 6530, 6544, 6672, 6674, 6677, 6679, 6682, 6684, 6687, 6689, 6692, 6694, 6719, 6725, 6752, 6834, 6837, 6842, 6931, 6934, 7024, 7027, 7120, 7123, 7218, 7246, 7342, 7349, 7366, 7376, 7380, 7416, 7422, 7454, 7459, 7464, 7478, 7507, 7523, 7551, 7573, 7637, 7643, 7696, 7703, 7711]@{}
http://www.sci.hkbu.edu.hk/eng/page/eng/about-us/faculty-advisory-committee@[1436, 4848, 4867, 6199, 6259, 6264, 6269, 6317, 6323, 6326, 6338, 6341, 6347, 6350, 6356, 6389, 6400, 6410, 6450, 6452, 6457, 6459, 6471, 6494, 6500, 6508, 6519, 6521, 6528, 6530, 6544, 6672, 6674, 6677, 6679, 6682, 6684, 6687, 6689, 6692, 6694, 6719, 6725, 6752, 6834, 6837, 6842, 6931, 6934, 7024, 7027, 7120, 7123, 7218, 7246, 7342, 7349, 7366, 7376, 7380, 7416, 7422, 7454, 7459, 7464, 7478, 7507, 7523, 7551, 7573, 7637, 7643, 7696, 7703, 7711]@{}
http://www.sci.hkbu.edu.hk/eng@[1436, 4848, 4867, 6199, 6259, 6264, 6269, 6317, 6323, 6326, 6338, 6341, 6347, 6350, 6356, 6389, 6400, 6410, 6450, 6452, 6457, 6459, 6471, 6494, 6500, 6508, 6519, 6521, 6528, 6530, 6544, 6672, 6674, 6677, 6679, 6682, 6684, 6687, 6689, 6692, 6694, 6719, 6725, 6752, 6834, 6837, 6842, 6931, 6934, 7024, 7027, 7120, 7123, 7218, 7246, 7342, 7349, 7366, 7376, 7380, 7416, 7422, 7454, 7459, 7464, 7478, 7507, 7523, 7551, 7573, 7637, 7643, 7696, 7703, 7711]@{}
http://www.sci.hkbu.edu.hk/eng/about-us/vision-mission@[1436]@{}
http://www.sci.hkbu.edu.hk/eng/about-us/faculty-advisory-committee@[1436]@{}
http://www.sci.hkbu.edu.hk/eng/about-us/vision-mission/eng/page/?page=prospective-students@[1436, 4848, 4867, 6199, 6259, 6264, 6269, 6317, 6323, 6326, 6338, 6341, 6347, 6350, 6356, 6389, 6400, 6410, 6450, 6452, 6457, 6459, 6471, 6494, 6500, 6508, 6519, 6521, 6528, 6530, 6544, 6672, 6674, 6677, 6679, 6682, 6684, 6687, 6689, 6692, 6694, 6719, 6725, 6752, 6834, 6837, 6842, 6931, 6934, 7024, 7027, 7120, 7123, 7218, 7246, 7342, 7349, 7366, 7376, 7380, 7416, 7422, 7454, 7459, 7464, 7478, 7507, 7523, 7551, 7573, 7637, 7643, 7696, 7703, 7711]@{}
http://www.sci.hkbu.edu.hk/eng/about-us/faculty-advisory-committee/eng/page/?page=prospective-students@[1436, 4848, 4867, 6199, 6259, 6264, 6269, 6317, 6323, 6326, 6338, 6341, 6347, 6350, 6356, 6389, 6400, 6410, 6450, 6452, 6457, 6459, 6471, 6494, 6500, 6508, 6519, 6521, 6528, 6530, 6544, 6672, 6674, 6677, 6679, 6682, 6684, 6687, 6689, 6692, 6694, 6719, 6725, 6752, 6834, 6837, 6842, 6931, 6934, 7024, 7027, 7120, 7123, 7218, 7246, 7342, 7349, 7366, 7376, 7380, 7416, 7422, 7454, 7459, 7464, 7478, 7507, 7523, 7551, 7573, 7637, 7643, 7696, 7703, 7711]@{}
http://www.sci.hkbu.edu.hk/eng/about-us/distinguished-professorship@[1436]@{}
