http://www.comp.hkbu.edu.hk/~alumni/news/../news/@[779, 850, 927, 1074, 1124, 1212, 1294, 1369, 1420, 1498, 1549, 1630, 1687, 1766, 1819, 1874, 1932, 1989, 2063, 2148, 2205, 2284, 2333, 2423, 2478, 2552, 2610, 2664, 2752, 2832, 2917, 3016, 3141, 3216, 3307, 3396, 3498, 3588, 3672, 3764, 3864, 3971, 4083, 4193, 4322, 4414, 4504, 4566, 4632, 4696, 4773, 4858, 4940]@{}
http://www.comp.hkbu.edu.hk/~alumni/news/../news/../news/@[779, 850, 927, 1074, 1124, 1212, 1294, 1369, 1420, 1498, 1549, 1630, 1687, 1766, 1819, 1874, 1932, 1989, 2063, 2148, 2205, 2284, 2333, 2423, 2478, 2552, 2610, 2664, 2752, 2832, 2917, 3016, 3141, 3216, 3307, 3396, 3498, 3588, 3672, 3764, 3864, 3971, 4083, 4193, 4322, 4414, 4504, 4566, 4632, 4696, 4773, 4858, 4940]@{}
http://www.comp.hkbu.edu.hk/~alumni/news/../scholarship/../news/@[779, 850, 927, 1074, 1124, 1212, 1294, 1369, 1420, 1498, 1549, 1630, 1687, 1766, 1819, 1874, 1932, 1989, 2063, 2148, 2205, 2284, 2333, 2423, 2478, 2552, 2610, 2664, 2752, 2832, 2917, 3016, 3141, 3216, 3307, 3396, 3498, 3588, 3672, 3764, 3864, 3971, 4083, 4193, 4322, 4414, 4504, 4566, 4632, 4696, 4773, 4858, 4940]@{}
http://www.comp.hkbu.edu.hk/~alumni/news/../donation/../news/@[779, 850, 927, 1074, 1124, 1212, 1294, 1369, 1420, 1498, 1549, 1630, 1687, 1766, 1819, 1874, 1932, 1989, 2063, 2148, 2205, 2284, 2333, 2423, 2478, 2552, 2610, 2664, 2752, 2832, 2917, 3016, 3141, 3216, 3307, 3396, 3498, 3588, 3672, 3764, 3864, 3971, 4083, 4193, 4322, 4414, 4504, 4566, 4632, 4696, 4773, 4858, 4940]@{}
http://www.comp.hkbu.edu.hk/~alumni/news/../news/../news/../news/@[779, 850, 927, 1074, 1124, 1212, 1294, 1369, 1420, 1498, 1549, 1630, 1687, 1766, 1819, 1874, 1932, 1989, 2063, 2148, 2205, 2284, 2333, 2423, 2478, 2552, 2610, 2664, 2752, 2832, 2917, 3016, 3141, 3216, 3307, 3396, 3498, 3588, 3672, 3764, 3864, 3971, 4083, 4193, 4322, 4414, 4504, 4566, 4632, 4696, 4773, 4858, 4940]@{}
http://www.comp.hkbu.edu.hk/~alumni/news/../scholarship/../news/../news/@[779, 850, 927, 1074, 1124, 1212, 1294, 1369, 1420, 1498, 1549, 1630, 1687, 1766, 1819, 1874, 1932, 1989, 2063, 2148, 2205, 2284, 2333, 2423, 2478, 2552, 2610, 2664, 2752, 2832, 2917, 3016, 3141, 3216, 3307, 3396, 3498, 3588, 3672, 3764, 3864, 3971, 4083, 4193, 4322, 4414, 4504, 4566, 4632, 4696, 4773, 4858, 4940]@{}
http://www.comp.hkbu.edu.hk/~alumni/news/../donation/../news/../news/@[779, 850, 927, 1074, 1124, 1212, 1294, 1369, 1420, 1498, 1549, 1630, 1687, 1766, 1819, 1874, 1932, 1989, 2063, 2148, 2205, 2284, 2333, 2423, 2478, 2552, 2610, 2664, 2752, 2832, 2917, 3016, 3141, 3216, 3307, 3396, 3498, 3588, 3672, 3764, 3864, 3971, 4083, 4193, 4322, 4414, 4504, 4566, 4632, 4696, 4773, 4858, 4940]@{}
http://www.comp.hkbu.edu.hk/~alumni/news/../news/../news/../news/../news/@[779, 850, 927, 1074, 1124, 1212, 1294, 1369, 1420, 1498, 1549, 1630, 1687, 1766, 1819, 1874, 1932, 1989, 2063, 2148, 2205, 2284, 2333, 2423, 2478, 2552, 2610, 2664, 2752, 2832, 2917, 3016, 3141, 3216, 3307, 3396, 3498, 3588, 3672, 3764, 3864, 3971, 4083, 4193, 4322, 4414, 4504, 4566, 4632, 4696, 4773, 4858, 4940]@{}
http://www.comp.hkbu.edu.hk/~alumni/news/../scholarship/../news/../news/../news/@[779, 850, 927, 1074, 1124, 1212, 1294, 1369, 1420, 1498, 1549, 1630, 1687, 1766, 1819, 1874, 1932, 1989, 2063, 2148, 2205, 2284, 2333, 2423, 2478, 2552, 2610, 2664, 2752, 2832, 2917, 3016, 3141, 3216, 3307, 3396, 3498, 3588, 3672, 3764, 3864, 3971, 4083, 4193, 4322, 4414, 4504, 4566, 4632, 4696, 4773, 4858, 4940]@{}
http://www.comp.hkbu.edu.hk/~alumni/news/../donation/../news/../news/../news/@[779, 850, 927, 1074, 1124, 1212, 1294, 1369, 1420, 1498, 1549, 1630, 1687, 1766, 1819, 1874, 1932, 1989, 2063, 2148, 2205, 2284, 2333, 2423, 2478, 2552, 2610, 2664, 2752, 2832, 2917, 3016, 3141, 3216, 3307, 3396, 3498, 3588, 3672, 3764, 3864, 3971, 4083, 4193, 4322, 4414, 4504, 4566, 4632, 4696, 4773, 4858, 4940]@{}
http://www.comp.hkbu.edu.hk/~alumni/news/../news/../news/../news/../news/../news/@[779, 850, 927, 1074, 1124, 1212, 1294, 1369, 1420, 1498, 1549, 1630, 1687, 1766, 1819, 1874, 1932, 1989, 2063, 2148, 2205, 2284, 2333, 2423, 2478, 2552, 2610, 2664, 2752, 2832, 2917, 3016, 3141, 3216, 3307, 3396, 3498, 3588, 3672, 3764, 3864, 3971, 4083, 4193, 4322, 4414, 4504, 4566, 4632, 4696, 4773, 4858, 4940]@{}
http://www.comp.hkbu.edu.hk/~alumni/news/../scholarship/../news/../news/../news/../news/@[779, 850, 927, 1074, 1124, 1212, 1294, 1369, 1420, 1498, 1549, 1630, 1687, 1766, 1819, 1874, 1932, 1989, 2063, 2148, 2205, 2284, 2333, 2423, 2478, 2552, 2610, 2664, 2752, 2832, 2917, 3016, 3141, 3216, 3307, 3396, 3498, 3588, 3672, 3764, 3864, 3971, 4083, 4193, 4322, 4414, 4504, 4566, 4632, 4696, 4773, 4858, 4940]@{}
http://www.comp.hkbu.edu.hk/~alumni/news/../donation/../news/../news/../news/../news/@[779, 850, 927, 1074, 1124, 1212, 1294, 1369, 1420, 1498, 1549, 1630, 1687, 1766, 1819, 1874, 1932, 1989, 2063, 2148, 2205, 2284, 2333, 2423, 2478, 2552, 2610, 2664, 2752, 2832, 2917, 3016, 3141, 3216, 3307, 3396, 3498, 3588, 3672, 3764, 3864, 3971, 4083, 4193, 4322, 4414, 4504, 4566, 4632, 4696, 4773, 4858, 4940]@{}
http://www.comp.hkbu.edu.hk/~alumni/news/../news/../news/../news/../news/../news/../news/@[779, 850, 927, 1074, 1124, 1212, 1294, 1369, 1420, 1498, 1549, 1630, 1687, 1766, 1819, 1874, 1932, 1989, 2063, 2148, 2205, 2284, 2333, 2423, 2478, 2552, 2610, 2664, 2752, 2832, 2917, 3016, 3141, 3216, 3307, 3396, 3498, 3588, 3672, 3764, 3864, 3971, 4083, 4193, 4322, 4414, 4504, 4566, 4632, 4696, 4773, 4858, 4940]@{}
http://www.comp.hkbu.edu.hk/~alumni/news/../scholarship/../news/../news/../news/../news/../news/@[779, 850, 927, 1074, 1124, 1212, 1294, 1369, 1420, 1498, 1549, 1630, 1687, 1766, 1819, 1874, 1932, 1989, 2063, 2148, 2205, 2284, 2333, 2423, 2478, 2552, 2610, 2664, 2752, 2832, 2917, 3016, 3141, 3216, 3307, 3396, 3498, 3588, 3672, 3764, 3864, 3971, 4083, 4193, 4322, 4414, 4504, 4566, 4632, 4696, 4773, 4858, 4940]@{}
http://www.comp.hkbu.edu.hk/~alumni/news/../donation/../news/../news/../news/../news/../news/@[779, 850, 927, 1074, 1124, 1212, 1294, 1369, 1420, 1498, 1549, 1630, 1687, 1766, 1819, 1874, 1932, 1989, 2063, 2148, 2205, 2284, 2333, 2423, 2478, 2552, 2610, 2664, 2752, 2832, 2917, 3016, 3141, 3216, 3307, 3396, 3498, 3588, 3672, 3764, 3864, 3971, 4083, 4193, 4322, 4414, 4504, 4566, 4632, 4696, 4773, 4858, 4940]@{}
http://www.comp.hkbu.edu.hk/~alumni/news/../news/../news/../news/../news/../news/../news/../news/@[779, 850, 927, 1074, 1124, 1212, 1294, 1369, 1420, 1498, 1549, 1630, 1687, 1766, 1819, 1874, 1932, 1989, 2063, 2148, 2205, 2284, 2333, 2423, 2478, 2552, 2610, 2664, 2752, 2832, 2917, 3016, 3141, 3216, 3307, 3396, 3498, 3588, 3672, 3764, 3864, 3971, 4083, 4193, 4322, 4414, 4504, 4566, 4632, 4696, 4773, 4858, 4940]@{}
http://www.comp.hkbu.edu.hk/~alumni/news/../scholarship/../news/../news/../news/../news/../news/../news/@[779, 850, 927, 1074, 1124, 1212, 1294, 1369, 1420, 1498, 1549, 1630, 1687, 1766, 1819, 1874, 1932, 1989, 2063, 2148, 2205, 2284, 2333, 2423, 2478, 2552, 2610, 2664, 2752, 2832, 2917, 3016, 3141, 3216, 3307, 3396, 3498, 3588, 3672, 3764, 3864, 3971, 4083, 4193, 4322, 4414, 4504, 4566, 4632, 4696, 4773, 4858, 4940]@{}
http://www.comp.hkbu.edu.hk/~alumni/news/../donation/../news/../news/../news/../news/../news/../news/@[779, 850, 927, 1074, 1124, 1212, 1294, 1369, 1420, 1498, 1549, 1630, 1687, 1766, 1819, 1874, 1932, 1989, 2063, 2148, 2205, 2284, 2333, 2423, 2478, 2552, 2610, 2664, 2752, 2832, 2917, 3016, 3141, 3216, 3307, 3396, 3498, 3588, 3672, 3764, 3864, 3971, 4083, 4193, 4322, 4414, 4504, 4566, 4632, 4696, 4773, 4858, 4940]@{}
http://www.comp.hkbu.edu.hk/~alumni/news/../news/../news/../news/../news/../news/../news/../news/../news/@[779, 850, 927, 1074, 1124, 1212, 1294, 1369, 1420, 1498, 1549, 1630, 1687, 1766, 1819, 1874, 1932, 1989, 2063, 2148, 2205, 2284, 2333, 2423, 2478, 2552, 2610, 2664, 2752, 2832, 2917, 3016, 3141, 3216, 3307, 3396, 3498, 3588, 3672, 3764, 3864, 3971, 4083, 4193, 4322, 4414, 4504, 4566, 4632, 4696, 4773, 4858, 4940]@{}
http://www.comp.hkbu.edu.hk/~alumni/news/../scholarship/../news/../news/../news/../news/../news/../news/../news/@[779, 850, 927, 1074, 1124, 1212, 1294, 1369, 1420, 1498, 1549, 1630, 1687, 1766, 1819, 1874, 1932, 1989, 2063, 2148, 2205, 2284, 2333, 2423, 2478, 2552, 2610, 2664, 2752, 2832, 2917, 3016, 3141, 3216, 3307, 3396, 3498, 3588, 3672, 3764, 3864, 3971, 4083, 4193, 4322, 4414, 4504, 4566, 4632, 4696, 4773, 4858, 4940]@{}
http://www.comp.hkbu.edu.hk/~alumni/news/../donation/../news/../news/../news/../news/../news/../news/../news/@[779, 850, 927, 1074, 1124, 1212, 1294, 1369, 1420, 1498, 1549, 1630, 1687, 1766, 1819, 1874, 1932, 1989, 2063, 2148, 2205, 2284, 2333, 2423, 2478, 2552, 2610, 2664, 2752, 2832, 2917, 3016, 3141, 3216, 3307, 3396, 3498, 3588, 3672, 3764, 3864, 3971, 4083, 4193, 4322, 4414, 4504, 4566, 4632, 4696, 4773, 4858, 4940]@{}
http://www.comp.hkbu.edu.hk/~alumni/news/@[779, 850, 927, 1074, 1124, 1212, 1294, 1369, 1420, 1498, 1549, 1630, 1687, 1766, 1819, 1874, 1932, 1989, 2063, 2148, 2205, 2284, 2333, 2423, 2478, 2552, 2610, 2664, 2752, 2832, 2917, 3016, 3141, 3216, 3307, 3396, 3498, 3588, 3672, 3764, 3864, 3971, 4083, 4193, 4322, 4414, 4504, 4566, 4632, 4696, 4773, 4858, 4940]@{}
