http://www.comp.hkbu.edu.hk@[198]@[198]
https://www.comp.hkbu.edu.hk/v1/?page=job_vacancies@[138]@[138]
https://www.comp.hkbu.edu.hk/v1/?page=home@[204]@[204]
https://www.comp.hkbu.edu.hk/v1/?page=whats_new@[403, 893, 899, 907, 913]@[403, 893, 899, 907, 913]
https://www.comp.hkbu.edu.hk@[188]@[188]
https://www.comp.hkbu.edu.hk/v1/?page=news@[403, 893, 899, 907, 913]@[403, 893, 899, 907, 913]
https://www.comp.hkbu.edu.hk/v1/?page=events@[150, 442, 449, 460, 473, 1131, 1138, 1150, 1804, 2377, 2383, 2394, 2407, 2979, 2995, 3009, 3615, 4267, 4282, 4299, 4304, 4874, 4889, 4898, 4907, 4917, 4924, 4936, 5390, 5399, 5880, 5892, 6320, 6329, 6336, 6358, 6897, 6910, 6919, 7432, 7439, 7447, 7860, 7882, 7905, 8028, 8221]@[150, 442, 449, 460, 473, 1131, 1138, 1150, 1804, 2377, 2383, 2394, 2407, 2979, 2995, 3009, 3615, 4267, 4282, 4299, 4304, 4874, 4889, 4898, 4907, 4917, 4924, 4936, 5390, 5399, 5880, 5892, 6320, 6329, 6336, 6358, 6897, 6910, 6919, 7432, 7439, 7447, 7860, 7882, 7905, 8028, 8221]
https://www.comp.hkbu.edu.hk/outreach@[37, 130, 151]@[37, 130, 151]
https://www.hkstp.org/en@[468, 482, 496, 540, 579]@[468, 482, 496, 540, 579]
https://www.hkstp.org@[468, 482, 496, 540, 579]@[468, 482, 496, 540, 579]
https://itunes.apple.com/app/google-search/id284815942?mt=8@[379]@[379]
