https://www.comp.hkbu.edu.hk/v1/?page=head@[129, 174, 277, 380, 438, 443, 471, 486]@[129, 174, 277, 380, 438, 443, 471, 486]
https://aao.hkbu.edu.hk/en/contact/index.php@[13, 50, 55, 73, 100]@[13, 50, 55, 73, 100]
https://www.comp.hkbu.edu.hk/v1/?page=mscais@[242]@[242]
https://www.comp.hkbu.edu.hk/v1/?page=mscitm@[216]@[216]
https://www.comp.hkbu.edu.hk/v1/?pid=273@[242]@[242]
https://www.comp.hkbu.edu.hk/v1/?pid=95@[216]@[216]
https://www.comp.hkbu.edu.hk/v1/?pid=128@[126, 137, 163]@[126, 137, 163]
https://www.comp.hkbu.edu.hk/v1/?page=facilities_research@[203, 209]@[203, 209]
https://www.comp.hkbu.edu.hk/msc/itm/en@[216]@[216]
https://www.comp.hkbu.edu.hk/v1/?page=events@[4604]@[4604]
https://www.comp.hkbu.edu.hk/v1/?page=highlights@[494, 1418]@[494, 1418]
https://www.comp.hkbu.edu.hk/outreach@[49, 56]@[49, 56]
https://www.comp.hkbu.edu.hk/v1/?page=dlecture@[1528, 1991]@[1528, 1991]
https://www.comp.hkbu.edu.hk/v1/?pid=77@[106, 193]@[106, 193]
https://www.hkstp.org/en/about-us/event-and-activities/hong-kong-science-park-career-expo-2020-18-april-2020@[2, 11, 26, 28, 30, 32, 34, 39, 49, 78, 88, 102, 126, 215, 228, 261, 275, 283, 291, 313, 323, 357, 399]@[2, 11, 26, 28, 30, 32, 34, 39, 49, 78, 88, 102, 126, 215, 228, 261, 275, 283, 291, 313, 323, 357, 399]
https://policies.google.com/terms@[172, 202, 226, 239, 257, 299, 528, 557, 618, 668, 717, 740, 809, 859, 864, 877, 887, 904, 991, 1023, 1062, 1087, 1195, 1300, 1369, 1435, 1530, 1643, 1654, 1867, 1871, 1927, 1964, 1984, 2042, 2062, 2104, 2112, 2160, 2170, 2181, 2197, 2274, 2358, 2412, 2428, 2434, 2542, 2585, 2597, 2638, 2674, 2733, 2961, 3011, 3043, 3210, 3233, 3250, 3453, 3561, 4058]@[172, 202, 226, 239, 257, 299, 528, 557, 618, 668, 717, 740, 809, 859, 864, 877, 887, 904, 991, 1023, 1062, 1087, 1195, 1300, 1369, 1435, 1530, 1643, 1654, 1867, 1871, 1927, 1964, 1984, 2042, 2062, 2104, 2112, 2160, 2170, 2181, 2197, 2274, 2358, 2412, 2428, 2434, 2542, 2585, 2597, 2638, 2674, 2733, 2961, 3011, 3043, 3210, 3233, 3250, 3453, 3561, 4058]
https://policies.google.com/privacy@[98, 236, 278, 360, 429, 440, 494, 635, 651, 685, 768, 799, 845, 874, 939, 954, 1034, 1216, 1293, 1300, 1308, 1335, 1344, 1371, 1391, 1448, 1650, 1663, 1735, 1794, 1822, 1838, 1858, 1901, 1958, 1993, 2116, 2148, 2155, 2725, 2775, 3065, 3080, 3086, 3167, 3201, 3222, 3245, 3321, 3347, 3444, 3460, 3710, 3762, 3775, 3802, 4036, 4065, 4216, 4259, 4289, 4328, 4584, 4624, 4925, 4936, 5362, 5373, 5511, 5886, 5897, 6055, 6060, 6145, 6148, 6159, 6315, 6323, 6357, 6373, 6446, 6549, 6849, 7021, 7082, 7253, 7369, 7525, 7579, 7601]@[98, 236, 278, 360, 429, 440, 494, 635, 651, 685, 768, 799, 845, 874, 939, 954, 1034, 1216, 1293, 1300, 1308, 1335, 1344, 1371, 1391, 1448, 1650, 1663, 1735, 1794, 1822, 1838, 1858, 1901, 1958, 1993, 2116, 2148, 2155, 2725, 2775, 3065, 3080, 3086, 3167, 3201, 3222, 3245, 3321, 3347, 3444, 3460, 3710, 3762, 3775, 3802, 4036, 4065, 4216, 4259, 4289, 4328, 4584, 4624, 4925, 4936, 5362, 5373, 5511, 5886, 5897, 6055, 6060, 6145, 6148, 6159, 6315, 6323, 6357, 6373, 6446, 6549, 6849, 7021, 7082, 7253, 7369, 7525, 7579, 7601]
https://www.hkstp.org/en@[2, 11, 22, 24, 26, 28, 30, 35, 45, 74, 84, 98, 122, 211, 224, 257, 271, 279, 287, 309, 319, 353, 395, 603, 608, 612, 632, 643, 714, 724, 738, 757, 846]@[2, 11, 22, 24, 26, 28, 30, 35, 45, 74, 84, 98, 122, 211, 224, 257, 271, 279, 287, 309, 319, 353, 395, 603, 608, 612, 632, 643, 714, 724, 738, 757, 846]
https://www.hkstp.org@[2, 11, 22, 24, 26, 28, 30, 35, 45, 74, 84, 98, 122, 211, 224, 257, 271, 279, 287, 309, 319, 353, 395, 603, 608, 612, 632, 643, 714, 724, 738, 757, 846]@[2, 11, 22, 24, 26, 28, 30, 35, 45, 74, 84, 98, 122, 211, 224, 257, 271, 279, 287, 309, 319, 353, 395, 603, 608, 612, 632, 643, 714, 724, 738, 757, 846]
https://www.hkstp.org/en/about-us/who-we-are@[2, 11, 28, 30, 32, 34, 36, 41, 51, 80, 90, 104, 128, 217, 230, 263, 277, 285, 293, 315, 325, 359, 401, 513, 561, 596, 613, 668, 681, 688, 750, 766, 773, 801, 916, 970, 1003, 1124, 1140, 1199, 1202, 1207, 1223, 1228]@[2, 11, 28, 30, 32, 34, 36, 41, 51, 80, 90, 104, 128, 217, 230, 263, 277, 285, 293, 315, 325, 359, 401, 513, 561, 596, 613, 668, 681, 688, 750, 766, 773, 801, 916, 970, 1003, 1124, 1140, 1199, 1202, 1207, 1223, 1228]
https://www.hkstp.org/about-us/who-we-are@[2, 11, 28, 30, 32, 34, 36, 41, 51, 80, 90, 104, 128, 217, 230, 263, 277, 285, 293, 315, 325, 359, 401, 513, 561, 596, 613, 668, 681, 688, 750, 766, 773, 801, 916, 970, 1003, 1124, 1140, 1199, 1202, 1207, 1223, 1228]@[2, 11, 28, 30, 32, 34, 36, 41, 51, 80, 90, 104, 128, 217, 230, 263, 277, 285, 293, 315, 325, 359, 401, 513, 561, 596, 613, 668, 681, 688, 750, 766, 773, 801, 916, 970, 1003, 1124, 1140, 1199, 1202, 1207, 1223, 1228]
https://news.google.com/?tab=wn@[457, 638]@[457, 638]
https://www.hkstp.org/en/about-us/our-milestones@[2, 11, 20, 27, 29, 31, 33, 35, 40, 50, 79, 89, 103, 127, 216, 229, 262, 276, 284, 292, 314, 324, 358, 400, 449, 454, 559, 570]@[2, 11, 20, 27, 29, 31, 33, 35, 40, 50, 79, 89, 103, 127, 216, 229, 262, 276, 284, 292, 314, 324, 358, 400, 449, 454, 559, 570]
https://www.hkstp.org/en/about-us/our-footprint@[2, 11, 20, 27, 29, 31, 33, 35, 40, 50, 79, 89, 103, 127, 216, 229, 262, 276, 284, 292, 314, 324, 358, 400, 449, 455, 508, 554, 604, 629, 642, 666, 713]@[2, 11, 20, 27, 29, 31, 33, 35, 40, 50, 79, 89, 103, 127, 216, 229, 262, 276, 284, 292, 314, 324, 358, 400, 449, 455, 508, 554, 604, 629, 642, 666, 713]
https://www.hkstp.org/about-us/our-milestones@[2, 11, 20, 27, 29, 31, 33, 35, 40, 50, 79, 89, 103, 127, 216, 229, 262, 276, 284, 292, 314, 324, 358, 400, 449, 454, 559, 570]@[2, 11, 20, 27, 29, 31, 33, 35, 40, 50, 79, 89, 103, 127, 216, 229, 262, 276, 284, 292, 314, 324, 358, 400, 449, 454, 559, 570]
https://itunes.apple.com/app/google-search/id284815942?mt=8@[334]@[334]
https://play.google.com/store/apps/details?id=com.google.android.googlequicksearchbox@[664]@[664]
