https://www.comp.hkbu.edu.hk/v1/?page=whats_new@[4013]@[4013]
https://www.comp.hkbu.edu.hk/v1/?page=news@[4013]@[4013]
https://www.comp.hkbu.edu.hk/v1/?page=events@[343, 927, 1684, 2233, 2739, 3430, 4113, 4182, 4678, 4711, 4723, 5184, 5669, 6838, 7351]@[343, 927, 1684, 2233, 2739, 3430, 4113, 4182, 4678, 4711, 4723, 5184, 5669, 6838, 7351]
https://www.comp.hkbu.edu.hk/v1/?page=career_wt@[169]@[169]
https://www.hkstp.org/en/about-us/event-and-activities/hong-kong-science-park-career-expo-2020-18-april-2020@[401, 405, 527, 550, 562, 573, 579]@[401, 405, 527, 550, 562, 573, 579]
https://www.hkstp.org/en@[397, 401, 890, 913, 925, 936, 942]@[397, 401, 890, 913, 925, 936, 942]
https://www.hkstp.org@[397, 401, 890, 913, 925, 936, 942]@[397, 401, 890, 913, 925, 936, 942]
https://www.hkstp.org/en/about-us/who-we-are@[403, 407, 508, 778, 935, 1276, 1299, 1311, 1322, 1328]@[403, 407, 508, 778, 935, 1276, 1299, 1311, 1322, 1328]
https://www.hkstp.org/about-us/who-we-are@[403, 407, 508, 778, 935, 1276, 1299, 1311, 1322, 1328]@[403, 407, 508, 778, 935, 1276, 1299, 1311, 1322, 1328]
https://www.hkstp.org/en/about-us/our-milestones@[402, 406, 645, 666, 683, 699, 706, 723, 781, 790, 805, 833, 878, 901, 913, 924, 930]@[402, 406, 645, 666, 683, 699, 706, 723, 781, 790, 805, 833, 878, 901, 913, 924, 930]
https://www.hkstp.org/en/about-us/our-footprint@[402, 406, 481, 496, 790, 844]@[402, 406, 481, 496, 790, 844]
https://www.hkstp.org/about-us/our-milestones@[402, 406, 645, 666, 683, 699, 706, 723, 781, 790, 805, 833, 878, 901, 913, 924, 930]@[402, 406, 645, 666, 683, 699, 706, 723, 781, 790, 805, 833, 878, 901, 913, 924, 930]
