https://www.hkbu.edu.hk/eng/about/privacy.jsp@[878]@[878]
https://www.comp.hkbu.edu.hk/v1/?page=events@[5071]@[5071]
https://foundation.hkbu.edu.hk/en/ways-to-give@[71, 87, 106, 174, 189, 204, 221, 236, 264, 279, 296, 315, 333, 352, 369, 385, 402, 418, 434, 449, 465]@[]
https://foundation.hkbu.edu.hk/en@[61, 88, 104, 123, 191, 206, 221, 238, 253, 281, 296, 313, 332, 350, 369, 386, 402, 419, 435, 451, 466, 482]@[]
https://foundation.hkbu.edu.hk/en/contact-us@[71, 87, 106, 174, 189, 204, 221, 236, 264, 279, 296, 315, 333, 352, 369, 385, 402, 418, 434, 449, 465]@[]
https://foundation.hkbu.edu.hk/en/user/login@[71, 87, 106, 174, 189, 204, 221, 236, 264, 279, 296, 315, 333, 352, 369, 385, 402, 418, 434, 449, 465]@[]
https://foundation.hkbu.edu.hk/zh@[59, 86, 102, 121, 189, 204, 219, 236, 251, 279, 294, 311, 330, 348, 367, 384, 400, 417, 433, 449, 464, 480]@[]
https://policies.google.com/terms@[594, 613, 3978, 3997]@[594, 613, 3978, 3997]
https://policies.google.com/privacy@[241, 268, 934, 1664, 1708, 1732, 2005, 2294, 2530, 3994, 4048, 4323, 4587, 4937, 5239, 7198, 7389, 7475, 7499, 7603]@[241, 268, 934, 1664, 1708, 1732, 2005, 2294, 2530, 3994, 4048, 4323, 4587, 4937, 5239, 7198, 7389, 7475, 7499, 7603]
https://foundation.hkbu.edu.hk/zh/contact-us@[71, 87, 106, 174, 189, 204, 221, 236, 264, 279, 296, 315, 333, 352, 369, 385, 402, 418, 434, 449, 465]@[]
https://foundation.hkbu.edu.hk/zh/user/login@[71, 87, 106, 174, 189, 204, 221, 236, 264, 279, 296, 315, 333, 352, 369, 385, 402, 418, 434, 449, 465]@[]
