http://www.comp.hkbu.edu.hk@[15, 57, 62, 95, 107, 127, 139, 159, 172, 196, 467, 624, 2102, 2671, 2678, 2685, 2697, 2709, 3793, 3834, 3840, 3847, 4125, 4965, 5027, 5344, 5525, 5534, 5585, 6960, 6982, 7002]@{}
http://www.comp.hkbu.edu.hk/v1/?page=sci@[42, 81, 149, 163, 187, 195, 208, 342, 522, 533, 546, 969, 1163, 1892, 2345, 2358, 4233, 4909, 4921, 4940, 4956, 4970, 4982, 7810, 8247, 8274]@{}
http://www.comp.hkbu.edu.hk/v1/?page=job_vacancies?=tc@[15, 57, 62, 95, 107, 127, 139, 159, 172, 196, 467, 624, 2102, 2671, 2678, 2685, 2697, 2709, 3799, 3840, 3846, 3853, 4131, 4961, 5023, 5340, 5521, 5530, 5581, 6936, 6958, 6978]@{}
http://www.comp.hkbu.edu.hk/v1/?page=job_vacancies?=sc@[15, 57, 62, 95, 107, 127, 139, 159, 172, 196, 467, 624, 2102, 2671, 2678, 2685, 2697, 2709, 3799, 3840, 3846, 3853, 4131, 4961, 5023, 5340, 5521, 5530, 5581, 6945, 6967, 6987]@{}
http://www.comp.hkbu.edu.hk/v1/?page=sitemap?=tc@[15, 57, 62, 95, 107, 127, 139, 159, 172, 196, 467, 624, 2102, 2671, 2678, 2685, 2697, 2709, 3799, 3840, 3846, 3853, 4130, 4957, 5019, 5336, 5517, 5526, 5577, 6948, 6970, 6990]@{}
http://www.comp.hkbu.edu.hk/v1/?page=sitemap?=sc@[15, 57, 62, 95, 107, 127, 139, 159, 172, 196, 467, 624, 2102, 2671, 2678, 2685, 2697, 2709, 3799, 3840, 3846, 3853, 4130, 4956, 5018, 5335, 5516, 5525, 5576, 6963, 6985, 7005]@{}
http://www.comp.hkbu.edu.hk/v1/?lang=sc@[15, 57, 62, 95, 107, 127, 139, 159, 172, 196, 467, 624, 2102, 2671, 2678, 2685, 2697, 2709, 3793, 3834, 3840, 3847, 4125, 4952, 5014, 5331, 5512, 5521, 5572, 6929, 6951, 6971]@{}
http://www.comp.hkbu.edu.hk/~alumni/news/../news/@[19, 30, 37, 5072, 5096, 5105]@{}
http://www.comp.hkbu.edu.hk/~alumni/news/../scholarship/@[19, 30, 37, 904, 928, 937]@{}
http://www.comp.hkbu.edu.hk/~alumni/news/../donation/@[19, 30, 37, 1394, 1418, 1427]@{}
http://www.comp.hkbu.edu.hk/v1/?page=job_vacancies?=tc?=tc@[15, 57, 62, 95, 107, 127, 139, 159, 172, 196, 467, 624, 2102, 2671, 2678, 2685, 2697, 2709, 3801, 3842, 3848, 3855, 4132, 4958, 5020, 5337, 5518, 5527, 5578, 6950, 6972, 6992]@{}
http://www.comp.hkbu.edu.hk/v1/?page=job_vacancies?=sc?=tc@[15, 57, 62, 95, 107, 127, 139, 159, 172, 196, 467, 624, 2102, 2671, 2678, 2685, 2697, 2709, 3801, 3842, 3848, 3855, 4132, 4968, 5030, 5347, 5528, 5537, 5588, 6979, 7001, 7021]@{}
http://www.comp.hkbu.edu.hk/v1/?page=sitemap?=tc?=tc@[15, 57, 62, 95, 107, 127, 139, 159, 172, 196, 467, 624, 2102, 2671, 2678, 2685, 2697, 2709, 3801, 3842, 3848, 3855, 4132, 4958, 5020, 5337, 5518, 5527, 5578, 6941, 6963, 6983]@{}
http://www.comp.hkbu.edu.hk/v1/?page=sitemap?=sc?=tc@[15, 57, 62, 95, 107, 127, 139, 159, 172, 196, 467, 624, 2102, 2671, 2678, 2685, 2697, 2709, 3801, 3842, 3848, 3855, 4132, 4972, 5034, 5351, 5532, 5541, 5592, 6968, 6990, 7010]@{}
http://www.comp.hkbu.edu.hk/v1/?page=home@[15, 57, 62, 95, 107, 127, 139, 159, 172, 196, 467, 624, 2102, 2671, 2678, 2685, 2697, 2709, 3797, 3838, 3844, 3851, 4128, 4950, 5012, 5329, 5510, 5519, 5570, 6933, 6955, 6975]@{}
http://www.comp.hkbu.edu.hk/~alumni/news/../news/../news/@[19, 30, 37, 5072, 5096, 5105]@{}
http://www.comp.hkbu.edu.hk/~alumni/news/../scholarship/../news/@[19, 30, 37, 5072, 5096, 5105]@{}
http://www.comp.hkbu.edu.hk/~alumni/news/../donation/../news/@[19, 30, 37, 5072, 5096, 5105]@{}
http://www.comp.hkbu.edu.hk/v1/?page=job_vacancies?=tc?=tc?=tc@[15, 57, 62, 95, 107, 127, 139, 159, 172, 196, 467, 624, 2102, 2671, 2678, 2685, 2697, 2709, 3803, 3844, 3850, 3857, 4135, 4972, 5034, 5351, 5532, 5541, 5592, 6976, 6998, 7018]@{}
http://www.comp.hkbu.edu.hk/v1/?page=job_vacancies?=sc?=tc?=tc@[15, 57, 62, 95, 107, 127, 139, 159, 172, 196, 467, 624, 2102, 2671, 2678, 2685, 2697, 2709, 3803, 3844, 3850, 3857, 4134, 4956, 5018, 5335, 5516, 5525, 5576, 6945, 6967, 6987]@{}
http://www.comp.hkbu.edu.hk/v1/?page=sitemap?=tc?=tc?=tc@[15, 57, 62, 95, 107, 127, 139, 159, 172, 196, 467, 624, 2102, 2671, 2678, 2685, 2697, 2709, 3803, 3844, 3850, 3857, 4135, 4962, 5024, 5341, 5522, 5531, 5582, 6973, 6995, 7015]@{}
http://www.comp.hkbu.edu.hk/v1/?page=sitemap?=sc?=tc?=tc@[15, 57, 62, 95, 107, 127, 139, 159, 172, 196, 467, 624, 2102, 2671, 2678, 2685, 2697, 2709, 3803, 3844, 3850, 3857, 4135, 4965, 5027, 5344, 5525, 5534, 5585, 6976, 6998, 7018]@{}
http://www.comp.hkbu.edu.hk/v1/?page=home?=tc@[15, 57, 62, 95, 107, 127, 139, 159, 172, 196, 467, 624, 2102, 2671, 2678, 2685, 2697, 2709, 3799, 3840, 3846, 3853, 4130, 4960, 5022, 5339, 5520, 5529, 5580, 6961, 6983, 7003]@{}
http://www.comp.hkbu.edu.hk/~alumni/news/../news/../news/../news/@[19, 30, 37, 5072, 5096, 5105]@{}
http://www.comp.hkbu.edu.hk/~alumni/news/../scholarship/../news/../news/@[19, 30, 37, 5072, 5096, 5105]@{}
http://www.comp.hkbu.edu.hk/~alumni/news/../donation/../news/../news/@[19, 30, 37, 5072, 5096, 5105]@{}
http://www.comp.hkbu.edu.hk/v1/?page=job_vacancies?=tc?=tc?=tc?=tc@[15, 57, 62, 95, 107, 127, 139, 159, 172, 196, 467, 624, 2102, 2671, 2678, 2685, 2697, 2709, 3805, 3846, 3852, 3859, 4137, 4973, 5035, 5352, 5533, 5542, 5593, 6956, 6978, 6998]@{}
http://www.comp.hkbu.edu.hk/v1/?page=job_vacancies?=sc?=tc?=tc?=tc@[15, 57, 62, 95, 107, 127, 139, 159, 172, 196, 467, 624, 2102, 2671, 2678, 2685, 2697, 2709, 3805, 3846, 3852, 3859, 4137, 4974, 5036, 5353, 5534, 5543, 5594, 6944, 6966, 6986]@{}
http://www.comp.hkbu.edu.hk/v1/?page=sitemap?=tc?=tc?=tc?=tc@[15, 57, 62, 95, 107, 127, 139, 159, 172, 196, 467, 624, 2102, 2671, 2678, 2685, 2697, 2709, 3805, 3846, 3852, 3859, 4136, 4962, 5024, 5341, 5522, 5531, 5582, 6962, 6984, 7004]@{}
http://www.comp.hkbu.edu.hk/v1/?page=sitemap?=sc?=tc?=tc?=tc@[15, 57, 62, 95, 107, 127, 139, 159, 172, 196, 467, 624, 2102, 2671, 2678, 2685, 2697, 2709, 3805, 3846, 3852, 3859, 4136, 4973, 5035, 5352, 5533, 5542, 5593, 6970, 6992, 7012]@{}
http://www.comp.hkbu.edu.hk/v1/?page=home?=tc?=tc@[15, 57, 62, 95, 107, 127, 139, 159, 172, 196, 467, 624, 2102, 2671, 2678, 2685, 2697, 2709, 3801, 3842, 3848, 3855, 4132, 4962, 5024, 5341, 5522, 5531, 5582, 6944, 6966, 6986]@{}
http://www.comp.hkbu.edu.hk/~alumni/news/../news/../news/../news/../news/@[19, 30, 37, 5072, 5096, 5105]@{}
http://www.comp.hkbu.edu.hk/v1/?page=alumni@[16, 169, 193, 202]@{}
http://www.comp.hkbu.edu.hk/~alumni/news/../scholarship/../news/../news/../news/@[19, 30, 37, 5072, 5096, 5105]@{}
http://www.comp.hkbu.edu.hk/~alumni/news/../donation/../news/../news/../news/@[19, 30, 37, 5072, 5096, 5105]@{}
http://www.comp.hkbu.edu.hk/v1/?page=job_vacancies?=tc?=tc?=tc?=tc?=tc@[15, 57, 62, 95, 107, 127, 139, 159, 172, 196, 467, 624, 2102, 2671, 2678, 2685, 2697, 2709, 3807, 3848, 3854, 3861, 4139, 4976, 5038, 5355, 5536, 5545, 5596, 6951, 6973, 6993]@{}
http://www.comp.hkbu.edu.hk/v1/?page=job_vacancies?=sc?=tc?=tc?=tc?=tc@[15, 57, 62, 95, 107, 127, 139, 159, 172, 196, 467, 624, 2102, 2671, 2678, 2685, 2697, 2709, 3807, 3848, 3854, 3861, 4138, 4961, 5023, 5340, 5521, 5530, 5581, 6953, 6975, 6995]@{}
http://www.comp.hkbu.edu.hk/v1/?page=sitemap?=tc?=tc?=tc?=tc?=tc@[15, 57, 62, 95, 107, 127, 139, 159, 172, 196, 467, 624, 2102, 2671, 2678, 2685, 2697, 2709, 3807, 3848, 3854, 3861, 4139, 4969, 5031, 5348, 5529, 5538, 5589, 6973, 6995, 7015]@{}
http://www.comp.hkbu.edu.hk/v1/?page=sitemap?=sc?=tc?=tc?=tc?=tc@[15, 57, 62, 95, 107, 127, 139, 159, 172, 196, 467, 624, 2102, 2671, 2678, 2685, 2697, 2709, 3807, 3848, 3854, 3861, 4138, 4975, 5037, 5354, 5535, 5544, 5595, 6958, 6980, 7000]@{}
http://www.comp.hkbu.edu.hk/v1/?page=home?=tc?=tc?=tc@[15, 57, 62, 95, 107, 127, 139, 159, 172, 196, 467, 624, 2102, 2671, 2678, 2685, 2697, 2709, 3803, 3844, 3850, 3857, 4134, 4960, 5022, 5339, 5520, 5529, 5580, 6958, 6980, 7000]@{}
http://www.comp.hkbu.edu.hk/~alumni/news/../news/../news/../news/../news/../news/@[19, 30, 37, 5072, 5096, 5105]@{}
http://www.comp.hkbu.edu.hk/~alumni/news/../scholarship/../news/../news/../news/../news/@[19, 30, 37, 5072, 5096, 5105]@{}
http://www.comp.hkbu.edu.hk/~alumni/news/../donation/../news/../news/../news/../news/@[19, 30, 37, 5072, 5096, 5105]@{}
http://www.comp.hkbu.edu.hk/v1/?page=job_vacancies@[15, 57, 62, 95, 107, 172, 1650, 2219, 2226, 2233, 2245, 2257, 3345, 3386, 3392, 3399, 3677, 4483, 4503]@{}
http://www.comp.hkbu.edu.hk/v1/?page=job_vacancies?=tc?=tc?=tc?=tc?=tc?=tc@[15, 57, 62, 95, 107, 127, 139, 159, 172, 196, 467, 624, 2102, 2671, 2678, 2685, 2697, 2709, 3809, 3850, 3856, 3863, 4141, 4964, 5026, 5343, 5524, 5533, 5584, 6948, 6970, 6990]@{}
http://www.comp.hkbu.edu.hk/v1/?page=job_vacancies?=sc?=tc?=tc?=tc?=tc?=tc@[15, 57, 62, 95, 107, 127, 139, 159, 172, 196, 467, 624, 2102, 2671, 2678, 2685, 2697, 2709, 3809, 3850, 3856, 3863, 4140, 4963, 5025, 5342, 5523, 5532, 5583, 6975, 6997, 7017]@{}
http://www.comp.hkbu.edu.hk/v1/?page=sitemap?=tc?=tc?=tc?=tc?=tc?=tc@[15, 57, 62, 95, 107, 127, 139, 159, 172, 196, 467, 624, 2102, 2671, 2678, 2685, 2697, 2709, 3809, 3850, 3856, 3863, 4140, 4967, 5029, 5346, 5527, 5536, 5587, 6965, 6987, 7007]@{}
http://www.comp.hkbu.edu.hk/v1/?page=sitemap?=sc?=tc?=tc?=tc?=tc?=tc@[15, 57, 62, 95, 107, 127, 139, 159, 172, 196, 467, 624, 2102, 2671, 2678, 2685, 2697, 2709, 3809, 3850, 3856, 3863, 4141, 4985, 5047, 5364, 5545, 5554, 5605, 6975, 6997, 7017]@{}
http://www.comp.hkbu.edu.hk/v1/?page=home?=tc?=tc?=tc?=tc@[15, 57, 62, 95, 107, 127, 139, 159, 172, 196, 467, 624, 2102, 2671, 2678, 2685, 2697, 2709, 3805, 3846, 3852, 3859, 4137, 4966, 5028, 5345, 5526, 5535, 5586, 6959, 6981, 7001]@{}
http://www.comp.hkbu.edu.hk/~alumni/news/../news/../news/../news/../news/../news/../news/@[19, 30, 37, 5072, 5096, 5105]@{}
http://www.comp.hkbu.edu.hk/~alumni/news/../scholarship/../news/../news/../news/../news/../news/@[19, 30, 37, 5072, 5096, 5105]@{}
http://www.comp.hkbu.edu.hk/~alumni/news/../donation/../news/../news/../news/../news/../news/@[19, 30, 37, 5072, 5096, 5105]@{}
http://www.comp.hkbu.edu.hk/v1/?page=job_vacancies?=tc?=tc?=tc?=tc?=tc?=tc?=tc@[15, 57, 62, 95, 107, 127, 139, 159, 172, 196, 467, 624, 2102, 2671, 2678, 2685, 2697, 2709, 3811, 3852, 3858, 3865, 4143, 4968, 5030, 5347, 5528, 5537, 5588, 6947, 6969, 6989]@{}
http://www.comp.hkbu.edu.hk/v1/?page=job_vacancies?=sc?=tc?=tc?=tc?=tc?=tc?=tc@[15, 57, 62, 95, 107, 127, 139, 159, 172, 196, 467, 624, 2102, 2671, 2678, 2685, 2697, 2709, 3811, 3852, 3858, 3865, 4143, 4965, 5027, 5344, 5525, 5534, 5585, 6967, 6989, 7009]@{}
http://www.comp.hkbu.edu.hk/v1/?page=sitemap?=tc?=tc?=tc?=tc?=tc?=tc?=tc@[15, 57, 62, 95, 107, 127, 139, 159, 172, 196, 467, 624, 2102, 2671, 2678, 2685, 2697, 2709, 3811, 3852, 3858, 3865, 4142, 4967, 5029, 5346, 5527, 5536, 5587, 6947, 6969, 6989]@{}
http://www.comp.hkbu.edu.hk/v1/?page=sitemap?=sc?=tc?=tc?=tc?=tc?=tc?=tc@[15, 57, 62, 95, 107, 127, 139, 159, 172, 196, 467, 624, 2102, 2671, 2678, 2685, 2697, 2709, 3811, 3852, 3858, 3865, 4142, 4969, 5031, 5348, 5529, 5538, 5589, 6968, 6990, 7010]@{}
http://www.comp.hkbu.edu.hk/v1/?page=home?=tc?=tc?=tc?=tc?=tc@[15, 57, 62, 95, 107, 127, 139, 159, 172, 196, 467, 624, 2102, 2671, 2678, 2685, 2697, 2709, 3807, 3848, 3854, 3861, 4139, 4969, 5031, 5348, 5529, 5538, 5589, 6972, 6994, 7014]@{}
http://www.comp.hkbu.edu.hk/~alumni/news/../news/../news/../news/../news/../news/../news/../news/@[19, 30, 37, 5072, 5096, 5105]@{}
http://www.comp.hkbu.edu.hk/~alumni/news/../scholarship/../news/../news/../news/../news/../news/../news/@[19, 30, 37, 5072, 5096, 5105]@{}
http://www.comp.hkbu.edu.hk/~alumni/news/../donation/../news/../news/../news/../news/../news/../news/@[19, 30, 37, 5072, 5096, 5105]@{}
http://www.comp.hkbu.edu.hk/v1/?page=job_vacancies?=tc?=tc?=tc?=tc?=tc?=tc?=tc?=tc@[15, 57, 62, 95, 107, 127, 139, 159, 172, 196, 467, 624, 2102, 2671, 2678, 2685, 2697, 2709, 3813, 3854, 3860, 3867, 4145, 4984, 5046, 5363, 5544, 5553, 5604, 6990, 7012, 7032]@{}
http://www.comp.hkbu.edu.hk/v1/?page=job_vacancies?=sc?=tc?=tc?=tc?=tc?=tc?=tc?=tc@[15, 57, 62, 95, 107, 127, 139, 159, 172, 196, 467, 624, 2102, 2671, 2678, 2685, 2697, 2709, 3813, 3854, 3860, 3867, 4145, 4968, 5030, 5347, 5528, 5537, 5588, 6969, 6991, 7011]@{}
http://www.comp.hkbu.edu.hk/v1/?page=sitemap?=tc?=tc?=tc?=tc?=tc?=tc?=tc?=tc@[15, 57, 62, 95, 107, 127, 139, 159, 172, 196, 467, 624, 2102, 2671, 2678, 2685, 2697, 2709, 3813, 3854, 3860, 3867, 4145, 4971, 5033, 5350, 5531, 5540, 5591, 6960, 6982, 7002]@{}
http://www.comp.hkbu.edu.hk/v1/?page=sitemap?=sc?=tc?=tc?=tc?=tc?=tc?=tc?=tc@[15, 57, 62, 95, 107, 127, 139, 159, 172, 196, 467, 624, 2102, 2671, 2678, 2685, 2697, 2709, 3813, 3854, 3860, 3867, 4145, 4985, 5047, 5364, 5545, 5554, 5605, 6968, 6990, 7010]@{}
http://www.comp.hkbu.edu.hk/v1/?page=sitemap@[15, 57, 62, 95, 107, 170, 1648, 2217, 2224, 2231, 2243, 2255, 3343, 3384, 3390, 3397, 3674, 5843, 5863]@{}
http://www.comp.hkbu.edu.hk/v1/?page=home?=tc?=tc?=tc?=tc?=tc?=tc@[15, 57, 62, 95, 107, 127, 139, 159, 172, 196, 467, 624, 2102, 2671, 2678, 2685, 2697, 2709, 3809, 3850, 3856, 3863, 4140, 4970, 5032, 5349, 5530, 5539, 5590, 6968, 6990, 7010]@{}
http://www.comp.hkbu.edu.hk/~alumni/news/../news/../news/../news/../news/../news/../news/../news/../news/@[19, 30, 37, 5072, 5096, 5105]@{}
http://www.comp.hkbu.edu.hk/~alumni/news/../scholarship/../news/../news/../news/../news/../news/../news/../news/@[19, 30, 37, 5072, 5096, 5105]@{}
http://www.comp.hkbu.edu.hk/~alumni/news/../donation/../news/../news/../news/../news/../news/../news/../news/@[19, 30, 37, 5072, 5096, 5105]@{}
http://www.comp.hkbu.edu.hk/v1/?page=job_vacancies?=tc?=tc?=tc?=tc?=tc?=tc?=tc?=tc?=tc@[15, 57, 62, 95, 107, 127, 139, 159, 172, 196, 467, 624, 2102, 2671, 2678, 2685, 2697, 2709, 3815, 3856, 3862, 3869, 4147, 4984, 5046, 5363, 5544, 5553, 5604, 6964, 6986, 7006]@{}
http://www.comp.hkbu.edu.hk/v1/?page=job_vacancies?=sc?=tc?=tc?=tc?=tc?=tc?=tc?=tc?=tc@[15, 57, 62, 95, 107, 127, 139, 159, 172, 196, 467, 624, 2102, 2671, 2678, 2685, 2697, 2709, 3815, 3856, 3862, 3869, 4147, 4983, 5045, 5362, 5543, 5552, 5603, 6976, 6998, 7018]@{}
http://www.comp.hkbu.edu.hk/v1/?page=sitemap?=tc?=tc?=tc?=tc?=tc?=tc?=tc?=tc?=tc@[15, 57, 62, 95, 107, 127, 139, 159, 172, 196, 467, 624, 2102, 2671, 2678, 2685, 2697, 2709, 3815, 3856, 3862, 3869, 4146, 4968, 5030, 5347, 5528, 5537, 5588, 6944, 6966, 6986]@{}
http://www.comp.hkbu.edu.hk/v1/?page=sitemap?=sc?=tc?=tc?=tc?=tc?=tc?=tc?=tc?=tc@[15, 57, 62, 95, 107, 127, 139, 159, 172, 196, 467, 624, 2102, 2671, 2678, 2685, 2697, 2709, 3815, 3856, 3862, 3869, 4146, 4986, 5048, 5365, 5546, 5555, 5606, 6970, 6992, 7012]@{}
http://www.comp.hkbu.edu.hk/v1/?lang=tc@[15, 57, 62, 95, 107, 127, 139, 159, 172, 196, 467, 624, 2102, 2671, 2678, 2685, 2697, 2709, 3793, 3834, 3840, 3847, 4124, 4968, 5030, 5347, 5528, 5537, 5588, 6972, 6994, 7014]@{}
http://www.comp.hkbu.edu.hk/~alumni/news/@[19, 30, 37, 5072, 5096, 5105]@{}
http://www.sci.hkbu.edu.hk/eng/page/?page=prospective-students@[42, 81, 149, 163, 187, 195, 208, 342, 522, 533, 546, 969, 1163, 1892, 2449, 2498, 2543, 2583, 2640, 2682, 2723, 2761, 2813, 2864, 2918, 2986, 3113, 3355, 3792, 3819]@{}
http://www.sci.hkbu.edu.hk/eng/page/?page=current-students@[42, 81, 149, 163, 187, 195, 208, 342, 522, 533, 546, 969, 1163, 1892, 2933, 3011, 3448, 3475]@{}
http://www.sci.hkbu.edu.hk/eng/page/@[42, 81, 149, 163, 187, 195, 208, 342, 522, 533, 546, 969, 1163, 1892, 3114, 3551, 3578]@{}
http://www.sci.hkbu.edu.hk/eng/about-us/honorary-doctorate@[42, 81, 149, 163, 187, 195, 208, 342, 522, 533, 546, 969, 1163, 1892, 3645, 4082, 4109]@{}
http://www.sci.hkbu.edu.hk/eng/about-us/distinguished-professorship/eng/page/?page=prospective-students@[42, 81, 149, 163, 187, 195, 208, 342, 522, 533, 546, 969, 1163, 1892, 2345, 2358, 4233, 4909, 4921, 4940, 4956, 4970, 4982, 7810, 8247, 8274]@{}
http://www.sci.hkbu.edu.hk/eng/about-us/honorary-doctorate/eng/page/?page=prospective-students@[42, 81, 149, 163, 187, 195, 208, 342, 522, 533, 546, 969, 1163, 1892, 2345, 2358, 4233, 4909, 4921, 4940, 4956, 4970, 4982, 7810, 8247, 8274]@{}
http://www.sci.hkbu.edu.hk/eng/about-us/distinguished-professor-of-science@[42, 81, 149, 163, 187, 195, 208, 342, 522, 533, 546, 969, 1163, 1892, 3461, 3898, 3925]@{}
http://www.sci.hkbu.edu.hk/eng/about-us/dr-kennedy-wong-distinguished-visiting-professorship-scheme@[42, 81, 149, 163, 187, 195, 208, 342, 522, 533, 546, 969, 1163, 1892, 3130, 3567, 3594]@{}
http://www.sci.hkbu.edu.hk/eng/about-us/distinguished-professor-of-science/eng/page/?page=prospective-students@[42, 81, 149, 163, 187, 195, 208, 342, 522, 533, 546, 969, 1163, 1892, 2345, 2358, 4233, 4909, 4921, 4940, 4956, 4970, 4982, 7810, 8247, 8274]@{}
http://www.sci.hkbu.edu.hk/eng/about-us/dr-kennedy-wong-distinguished-visiting-professorship-scheme/eng/page/?page=prospective-students@[42, 81, 149, 163, 187, 195, 208, 342, 522, 533, 546, 969, 1163, 1892, 2345, 2358, 4233, 4909, 4921, 4940, 4956, 4970, 4982, 7810, 8247, 8274]@{}
http://www.sci.hkbu.edu.hk/eng/page/eng/about-us/vision-mission@[42, 81, 149, 163, 187, 195, 208, 342, 522, 533, 546, 969, 1163, 1892, 2345, 2358, 4233, 4909, 4921, 4940, 4956, 4970, 4982, 7810, 8247, 8274]@{}
http://www.sci.hkbu.edu.hk/eng/page/eng/about-us/faculty-advisory-committee@[42, 81, 149, 163, 187, 195, 208, 342, 522, 533, 546, 969, 1163, 1892, 2345, 2358, 4233, 4909, 4921, 4940, 4956, 4970, 4982, 7810, 8247, 8274]@{}
http://www.sci.hkbu.edu.hk/eng@[42, 81, 149, 163, 187, 195, 208, 342, 522, 533, 546, 969, 1163, 1892, 2345, 2358, 4233, 4909, 4921, 4940, 4956, 4970, 4982, 7810, 8247, 8274]@{}
http://www.sci.hkbu.edu.hk/eng/about-us/vision-mission@[42, 81, 149, 163, 187, 195, 208, 342, 522, 533, 546, 969, 1163, 1892, 3034, 3471, 3498]@{}
http://www.sci.hkbu.edu.hk/eng/about-us/faculty-advisory-committee@[42, 81, 149, 163, 187, 195, 208, 342, 522, 533, 546, 969, 1163, 1892, 3788, 4225, 4252]@{}
http://www.sci.hkbu.edu.hk/eng/about-us/vision-mission/eng/page/?page=prospective-students@[42, 81, 149, 163, 187, 195, 208, 342, 522, 533, 546, 969, 1163, 1892, 2345, 2358, 4233, 4909, 4921, 4940, 4956, 4970, 4982, 7810, 8247, 8274]@{}
http://www.sci.hkbu.edu.hk/eng/about-us/faculty-advisory-committee/eng/page/?page=prospective-students@[42, 81, 149, 163, 187, 195, 208, 342, 522, 533, 546, 969, 1163, 1892, 2345, 2358, 4233, 4909, 4921, 4940, 4956, 4970, 4982, 7810, 8247, 8274]@{}
http://www.sci.hkbu.edu.hk/eng/about-us/distinguished-professorship@[42, 81, 149, 163, 187, 195, 208, 342, 522, 533, 546, 969, 1163, 1892, 2679, 3116, 3143]@{}
