https://www.comp.hkbu.edu.hk/v1/?page=home@[166]@[166]
https://iss.hkbu.edu.hk/buam/buam2/change_pwd/index.seam@[38, 106]@[38, 106]
https://www.comp.hkbu.edu.hk/v1/?page=head@[147, 212, 233, 387, 415]@[147, 212, 233, 387, 415]
https://www.comp.hkbu.edu.hk/v1/?page=whats_new@[241, 941, 1547, 2259, 2857, 4063]@[241, 941, 1547, 2259, 2857, 4063]
https://aao.hkbu.edu.hk/en/contact/index.php@[32, 113, 135, 143, 250]@[32, 113, 135, 143, 250]
https://www.comp.hkbu.edu.hk/v1/?page=centres@[131, 292]@[131, 292]
https://www.comp.hkbu.edu.hk/v1/?page=funded_projects@[639, 847, 1351, 1523, 1959, 2133, 2255, 2490, 2889, 2925, 3121, 3273, 3734, 3825]@[639, 847, 1351, 1523, 1959, 2133, 2255, 2490, 2889, 2925, 3121, 3273, 3734, 3825]
https://www.hkbu.edu.hk@[26]@[]
https://www.hkbu.edu.hk/eng/about/privacy.jsp@[26]@[]
https://www.comp.hkbu.edu.hk/v1/?pid=174@[127]@[127]
https://www.comp.hkbu.edu.hk/v1/?pid=175@[133]@[133]
https://www.comp.hkbu.edu.hk/v1/?page=facilities_teaching@[146, 280]@[146, 280]
https://www.comp.hkbu.edu.hk/v1/?page=facilities_research@[111, 175, 264]@[111, 175, 264]
https://www.comp.hkbu.edu.hk/v1/?page=news@[241, 941, 1547, 2259, 2857, 4063]@[241, 941, 1547, 2259, 2857, 4063]
https://www.comp.hkbu.edu.hk/v1/?page=events@[229, 253, 314, 601, 682, 987, 1018, 1098, 1282, 1332, 1568, 1964, 2210, 2484, 3065, 3481, 3621, 3913, 4054, 4191, 4341, 4752, 4785, 4803, 5581, 5832, 6179, 6229, 7000, 7295, 7583, 7778]@[229, 253, 314, 601, 682, 987, 1018, 1098, 1282, 1332, 1568, 1964, 2210, 2484, 3065, 3481, 3621, 3913, 4054, 4191, 4341, 4752, 4785, 4803, 5581, 5832, 6179, 6229, 7000, 7295, 7583, 7778]
https://www.comp.hkbu.edu.hk/v1/?page=highlights@[155, 299, 467, 500, 512, 551, 602, 1130, 1160, 1189, 1340, 1608, 1800, 1854, 1960, 1973]@[155, 299, 467, 500, 512, 551, 602, 1130, 1160, 1189, 1340, 1608, 1800, 1854, 1960, 1973]
https://www.comp.hkbu.edu.hk/v1/?page=seminars@[329, 394]@[329, 394]
https://www.comp.hkbu.edu.hk/v1/?page=dlecture@[108, 156, 200, 365, 410, 434, 672, 1073, 1120, 1249, 1408, 1530, 1927, 1979, 2048, 2536, 3175, 3280, 3306, 3358, 3377, 3435, 3683, 3759, 4222, 4593, 4692, 4740, 4784]@[108, 156, 200, 365, 410, 434, 672, 1073, 1120, 1249, 1408, 1530, 1927, 1979, 2048, 2536, 3175, 3280, 3306, 3358, 3377, 3435, 3683, 3759, 4222, 4593, 4692, 4740, 4784]
https://www.comp.hkbu.edu.hk/v1/?pid=77@[920]@[920]
https://forms.gle/DjStXN8kEpUVwTW38@[65]@[]
https://www.hkstp.org/en/about-us/event-and-activities/hong-kong-science-park-career-expo-2020-18-april-2020@[6, 52, 77, 87, 101, 112, 396]@[6, 52, 77, 87, 101, 112, 396]
https://www.comp.hkbu.edu.hk/v1/?file=1431@[6457, 6840]@[]
https://www.comp.hkbu.edu.hk/v1/?pid=124@[209, 265, 330, 353]@[209, 265, 330, 353]
https://policies.google.com/terms@[63, 196, 201, 357, 426, 484, 508, 692, 753, 910, 932, 986, 1203, 1431, 1441, 1446, 1620, 1679, 1691, 1823, 1926, 1945, 2570, 2951, 3065, 3142, 3470, 3613, 3674, 4055, 4094, 4103]@[63, 196, 201, 357, 426, 484, 508, 692, 753, 910, 932, 986, 1203, 1431, 1441, 1446, 1620, 1679, 1691, 1823, 1926, 1945, 2570, 2951, 3065, 3142, 3470, 3613, 3674, 4055, 4094, 4103]
https://policies.google.com/privacy@[77, 104, 206, 230, 519, 557, 583, 625, 767, 827, 907, 923, 947, 1060, 1146, 1210, 1225, 1587, 1630, 1682, 1728, 1739, 1752, 1885, 2011, 2206, 2299, 2441, 2476, 2535, 2566, 2624, 2781, 2834, 2886, 2899, 2942, 2958, 3085, 3106, 3221, 3332, 3484, 3550, 3593, 3829, 3849, 3881, 3907, 3935, 3959, 4174, 4636, 4797, 4848, 5495, 5500, 5593, 5634, 5680, 6033, 6138, 6171, 6312, 6319, 6372, 6502, 6516, 6713, 7229, 7281, 7301, 7399, 7412, 7463, 7493, 7504, 7511, 7555, 7578, 7587]@[77, 104, 206, 230, 519, 557, 583, 625, 767, 827, 907, 923, 947, 1060, 1146, 1210, 1225, 1587, 1630, 1682, 1728, 1739, 1752, 1885, 2011, 2206, 2299, 2441, 2476, 2535, 2566, 2624, 2781, 2834, 2886, 2899, 2942, 2958, 3085, 3106, 3221, 3332, 3484, 3550, 3593, 3829, 3849, 3881, 3907, 3935, 3959, 4174, 4636, 4797, 4848, 5495, 5500, 5593, 5634, 5680, 6033, 6138, 6171, 6312, 6319, 6372, 6502, 6516, 6713, 7229, 7281, 7301, 7399, 7412, 7463, 7493, 7504, 7511, 7555, 7578, 7587]
https://www.hkstp.org/en@[6, 48, 73, 83, 97, 108, 392, 673, 713, 723, 737, 748]@[6, 48, 73, 83, 97, 108, 392, 673, 713, 723, 737, 748]
https://www.hkstp.org@[6, 48, 73, 83, 97, 108, 392, 673, 713, 723, 737, 748]@[6, 48, 73, 83, 97, 108, 392, 673, 713, 723, 737, 748]
https://www.hkstp.org/en/about-us/who-we-are@[6, 54, 79, 89, 103, 114, 398, 589, 635, 662, 794, 1160, 1212]@[6, 54, 79, 89, 103, 114, 398, 589, 635, 662, 794, 1160, 1212]
https://www.hkstp.org/about-us/who-we-are@[6, 54, 79, 89, 103, 114, 398, 589, 635, 662, 794, 1160, 1212]@[6, 54, 79, 89, 103, 114, 398, 589, 635, 662, 794, 1160, 1212]
https://news.google.com/?tab=wn@[565, 1554, 1581, 1928, 1939]@[565, 1554, 1581, 1928, 1939]
https://www.google.com.hk/intl/zh-TW/about/products?tab=wh@[349]@[349]
https://www.hkstp.org/en/about-us/our-milestones@[6, 53, 78, 88, 102, 113, 397]@[6, 53, 78, 88, 102, 113, 397]
https://www.hkstp.org/en/about-us/our-footprint@[6, 53, 78, 88, 102, 113, 397, 525, 899, 969, 1005]@[6, 53, 78, 88, 102, 113, 397, 525, 899, 969, 1005]
https://www.hkstp.org/about-us/our-milestones@[6, 53, 78, 88, 102, 113, 397]@[6, 53, 78, 88, 102, 113, 397]
https://news.google.com/?tab=nn@[362, 999, 2064, 2075]@[362, 999, 2064, 2075]
https://itunes.apple.com/app/google-search/id284815942?mt=8@[94, 156, 205, 250, 333, 447, 542, 803, 930, 1018]@[94, 156, 205, 250, 333, 447, 542, 803, 930, 1018]
https://play.google.com/store/apps/details?id=com.google.android.googlequicksearchbox@[221, 283, 343, 447, 489, 499, 504, 559, 691]@[221, 283, 343, 447, 489, 499, 504, 559, 691]
