https://www.comp.hkbu.edu.hk/v1/?page=whats_new@[404, 707, 736, 748, 858, 1190, 3189, 3328, 3464]@[404, 707, 736, 748, 858, 1190, 3189, 3328, 3464]
https://www.hkbu.edu.hk/eng/about/privacy.jsp@[1221]@[1221]
https://www.comp.hkbu.edu.hk/v1/?page=funded_projects@[2405, 2419, 2438, 2462, 2477, 2494, 2508, 2526, 2550, 2577, 2603, 2618, 2631, 2647, 2666, 2682, 2699, 2718, 2732, 2748]@[2405, 2419, 2438, 2462, 2477, 2494, 2508, 2526, 2550, 2577, 2603, 2618, 2631, 2647, 2666, 2682, 2699, 2718, 2732, 2748]
https://www.comp.hkbu.edu.hk/v1/?pid=32@[212]@[212]
https://aao.hkbu.edu.hk/en/home/index.php@[166]@[166]
https://www.comp.hkbu.edu.hk/v1/?page=facilities_research@[153, 159]@[153, 159]
https://www.comp.hkbu.edu.hk/v1/?page=news@[404, 707, 736, 748, 858, 1190, 3189, 3328, 3464]@[404, 707, 736, 748, 858, 1190, 3189, 3328, 3464]
https://www.comp.hkbu.edu.hk/v1/?page=events@[433, 450, 864, 913, 991, 1882, 2017, 2707, 3252, 3447, 3833, 3856, 4574, 4794, 4843, 4925, 4976, 5611, 6032, 6200, 6385, 6600, 6774, 6920, 7146, 7213, 7219, 7491, 7756, 7834, 8001]@[433, 450, 864, 913, 991, 1882, 2017, 2707, 3252, 3447, 3833, 3856, 4574, 4794, 4843, 4925, 4976, 5611, 6032, 6200, 6385, 6600, 6774, 6920, 7146, 7213, 7219, 7491, 7756, 7834, 8001]
https://pers.hkbu.edu.hk/job@[52, 140, 174, 210, 274]@[52, 140, 174, 210, 274]
https://www.comp.hkbu.edu.hk/v1/?page=career_wt@[160, 228]@[160, 228]
https://www.hkorc.org/?page_id=127@[17]@[17]
https://policies.google.com/terms@[2890]@[2890]
https://www.hkorc.org/?page_id=127?=TW@[17]@[17]
