https://www.comp.hkbu.edu.hk/v1/?page=job_vacancies@[119, 134]@[119, 134]
https://www.comp.hkbu.edu.hk/v1/?page=whats_new@[188, 249, 268, 294, 466, 510, 596, 753, 979, 1044, 1066, 1181, 1276, 1348, 2119]@[188, 249, 268, 294, 466, 510, 596, 753, 979, 1044, 1066, 1181, 1276, 1348, 2119]
https://www.comp.hkbu.edu.hk/v1/?page=funded_projects@[3877, 3937]@[3877, 3937]
https://www.comp.hkbu.edu.hk/v1/?pid=32@[197, 324, 343, 361, 384]@[197, 324, 343, 361, 384]
https://www.comp.hkbu.edu.hk/v1/?page=news@[188, 249, 268, 294, 466, 510, 596, 753, 979, 1044, 1066, 1181, 1276, 1348, 2119]@[188, 249, 268, 294, 466, 510, 596, 753, 979, 1044, 1066, 1181, 1276, 1348, 2119]
https://www.comp.hkbu.edu.hk/v1/?page=events@[260, 265, 287, 303, 979, 1985, 2452, 2803, 2916, 2996, 3072, 3705, 4022, 4347, 4567, 4619, 4627, 5315, 6082, 6590, 7328, 7680, 7986, 8038, 8056, 8076]@[260, 265, 287, 303, 979, 1985, 2452, 2803, 2916, 2996, 3072, 3705, 4022, 4347, 4567, 4619, 4627, 5315, 6082, 6590, 7328, 7680, 7986, 8038, 8056, 8076]
https://www.comp.hkbu.edu.hk/v1/?page=conferences@[197, 324, 343, 361, 384]@[197, 324, 343, 361, 384]
https://www.comp.hkbu.edu.hk/v1/?file=355@[447, 563, 1449, 6238]@[]
https://www.comp.hkbu.edu.hk/v1/?file=1431@[10060]@[]
https://news.google.com/?tab=wn@[57, 115, 125, 575, 715, 993]@[115, 125, 575, 715, 993]
https://news.google.com/?tab=nn@[57, 115, 125, 475, 662, 922, 960, 981, 1075]@[115, 125, 475, 662, 922, 960, 981, 1075]
https://support.google.com/accounts/answer/23852?hl=zh-HK@[23]@[23]
