http://www.comp.hkbu.edu.hk@[523, 896, 1080, 1124, 1174, 1219, 1263, 1355, 1443, 1547, 1587, 1733, 1738, 1788, 1908, 1996, 2038, 2232, 2283, 2288, 2291, 2297, 2305, 2313, 2321, 2331, 5839, 5845, 5869]@{}
http://www.comp.hkbu.edu.hk/v1/?page=job_vacancies?=tc@[523, 896, 1080, 1124, 1174, 1219, 1263, 1355, 1443, 1547, 1587, 1733, 1738, 1788, 1908, 1996, 2038, 2232, 2283, 2288, 2291, 2297, 2305, 2313, 2321, 2331, 5835, 5841, 5865]@{}
http://www.comp.hkbu.edu.hk/v1/?page=job_vacancies?=sc@[523, 896, 1080, 1124, 1174, 1219, 1263, 1355, 1443, 1547, 1587, 1733, 1738, 1788, 1908, 1996, 2038, 2232, 2283, 2288, 2291, 2297, 2305, 2313, 2321, 2331, 5835, 5841, 5865]@{}
http://www.comp.hkbu.edu.hk/v1/?page=sitemap?=tc@[523, 896, 1080, 1124, 1174, 1219, 1263, 1355, 1443, 1547, 1587, 1733, 1738, 1788, 1908, 1996, 2038, 2232, 2283, 2288, 2291, 2297, 2305, 2313, 2321, 2331, 5831, 5837, 5861]@{}
http://www.comp.hkbu.edu.hk/v1/?page=sitemap?=sc@[523, 896, 1080, 1124, 1174, 1219, 1263, 1355, 1443, 1547, 1587, 1733, 1738, 1788, 1908, 1996, 2038, 2232, 2283, 2288, 2291, 2297, 2305, 2313, 2321, 2331, 5830, 5836, 5860]@{}
http://www.comp.hkbu.edu.hk/v1/?lang=sc@[523, 896, 1080, 1124, 1174, 1219, 1263, 1355, 1443, 1547, 1587, 1733, 1738, 1788, 1908, 1996, 2038, 2232, 2283, 2288, 2291, 2297, 2305, 2313, 2321, 2331, 5826, 5832, 5856]@{}
http://www.comp.hkbu.edu.hk/v1/?page=job_vacancies?=tc?=tc@[523, 896, 1080, 1124, 1174, 1219, 1263, 1355, 1443, 1547, 1587, 1733, 1738, 1788, 1908, 1996, 2038, 2232, 2283, 2288, 2291, 2297, 2305, 2313, 2321, 2331, 5832, 5838, 5862]@{}
http://www.comp.hkbu.edu.hk/v1/?page=job_vacancies?=sc?=tc@[523, 896, 1080, 1124, 1174, 1219, 1263, 1355, 1443, 1547, 1587, 1733, 1738, 1788, 1908, 1996, 2038, 2232, 2283, 2288, 2291, 2297, 2305, 2313, 2321, 2331, 5842, 5848, 5872]@{}
http://www.comp.hkbu.edu.hk/v1/?page=sitemap?=tc?=tc@[523, 896, 1080, 1124, 1174, 1219, 1263, 1355, 1443, 1547, 1587, 1733, 1738, 1788, 1908, 1996, 2038, 2232, 2283, 2288, 2291, 2297, 2305, 2313, 2321, 2331, 5832, 5838, 5862]@{}
http://www.comp.hkbu.edu.hk/v1/?page=sitemap?=sc?=tc@[523, 896, 1080, 1124, 1174, 1219, 1263, 1355, 1443, 1547, 1587, 1733, 1738, 1788, 1908, 1996, 2038, 2232, 2283, 2288, 2291, 2297, 2305, 2313, 2321, 2331, 5846, 5852, 5876]@{}
http://www.comp.hkbu.edu.hk/v1/?page=home@[523, 896, 1080, 1124, 1174, 1219, 1263, 1355, 1443, 1547, 1587, 1733, 1738, 1788, 1908, 1996, 2038, 2232, 2283, 2288, 2291, 2297, 2305, 2313, 2321, 2331, 5824, 5830, 5854]@{}
http://www.comp.hkbu.edu.hk/v1/?page=job_vacancies?=tc?=tc?=tc@[523, 896, 1080, 1124, 1174, 1219, 1263, 1355, 1443, 1547, 1587, 1733, 1738, 1788, 1908, 1996, 2038, 2232, 2283, 2288, 2291, 2297, 2305, 2313, 2321, 2331, 5846, 5852, 5876]@{}
http://www.comp.hkbu.edu.hk/v1/?page=job_vacancies?=sc?=tc?=tc@[523, 896, 1080, 1124, 1174, 1219, 1263, 1355, 1443, 1547, 1587, 1733, 1738, 1788, 1908, 1996, 2038, 2232, 2283, 2288, 2291, 2297, 2305, 2313, 2321, 2331, 5830, 5836, 5860]@{}
http://www.comp.hkbu.edu.hk/v1/?page=sitemap?=tc?=tc?=tc@[523, 896, 1080, 1124, 1174, 1219, 1263, 1355, 1443, 1547, 1587, 1733, 1738, 1788, 1908, 1996, 2038, 2232, 2283, 2288, 2291, 2297, 2305, 2313, 2321, 2331, 5836, 5842, 5866]@{}
http://www.comp.hkbu.edu.hk/v1/?page=sitemap?=sc?=tc?=tc@[523, 896, 1080, 1124, 1174, 1219, 1263, 1355, 1443, 1547, 1587, 1733, 1738, 1788, 1908, 1996, 2038, 2232, 2283, 2288, 2291, 2297, 2305, 2313, 2321, 2331, 5839, 5845, 5869]@{}
http://www.comp.hkbu.edu.hk/v1/?page=home?=tc@[523, 896, 1080, 1124, 1174, 1219, 1263, 1355, 1443, 1547, 1587, 1733, 1738, 1788, 1908, 1996, 2038, 2232, 2283, 2288, 2291, 2297, 2305, 2313, 2321, 2331, 5834, 5840, 5864]@{}
http://www.comp.hkbu.edu.hk/v1/?page=job_vacancies?=tc?=tc?=tc?=tc@[523, 896, 1080, 1124, 1174, 1219, 1263, 1355, 1443, 1547, 1587, 1733, 1738, 1788, 1908, 1996, 2038, 2232, 2283, 2288, 2291, 2297, 2305, 2313, 2321, 2331, 5847, 5853, 5877]@{}
http://www.comp.hkbu.edu.hk/v1/?page=job_vacancies?=sc?=tc?=tc?=tc@[523, 896, 1080, 1124, 1174, 1219, 1263, 1355, 1443, 1547, 1587, 1733, 1738, 1788, 1908, 1996, 2038, 2232, 2283, 2288, 2291, 2297, 2305, 2313, 2321, 2331, 5848, 5854, 5878]@{}
http://www.comp.hkbu.edu.hk/v1/?page=sitemap?=tc?=tc?=tc?=tc@[523, 896, 1080, 1124, 1174, 1219, 1263, 1355, 1443, 1547, 1587, 1733, 1738, 1788, 1908, 1996, 2038, 2232, 2283, 2288, 2291, 2297, 2305, 2313, 2321, 2331, 5836, 5842, 5866]@{}
http://www.comp.hkbu.edu.hk/v1/?page=sitemap?=sc?=tc?=tc?=tc@[523, 896, 1080, 1124, 1174, 1219, 1263, 1355, 1443, 1547, 1587, 1733, 1738, 1788, 1908, 1996, 2038, 2232, 2283, 2288, 2291, 2297, 2305, 2313, 2321, 2331, 5847, 5853, 5877]@{}
http://www.comp.hkbu.edu.hk/v1/?page=home?=tc?=tc@[523, 896, 1080, 1124, 1174, 1219, 1263, 1355, 1443, 1547, 1587, 1733, 1738, 1788, 1908, 1996, 2038, 2232, 2283, 2288, 2291, 2297, 2305, 2313, 2321, 2331, 5836, 5842, 5866]@{}
http://www.comp.hkbu.edu.hk/v1/?page=job_vacancies?=tc?=tc?=tc?=tc?=tc@[523, 896, 1080, 1124, 1174, 1219, 1263, 1355, 1443, 1547, 1587, 1733, 1738, 1788, 1908, 1996, 2038, 2232, 2283, 2288, 2291, 2297, 2305, 2313, 2321, 2331, 5850, 5856, 5880]@{}
http://www.comp.hkbu.edu.hk/v1/?page=job_vacancies?=sc?=tc?=tc?=tc?=tc@[523, 896, 1080, 1124, 1174, 1219, 1263, 1355, 1443, 1547, 1587, 1733, 1738, 1788, 1908, 1996, 2038, 2232, 2283, 2288, 2291, 2297, 2305, 2313, 2321, 2331, 5835, 5841, 5865]@{}
http://www.comp.hkbu.edu.hk/v1/?page=sitemap?=tc?=tc?=tc?=tc?=tc@[523, 896, 1080, 1124, 1174, 1219, 1263, 1355, 1443, 1547, 1587, 1733, 1738, 1788, 1908, 1996, 2038, 2232, 2283, 2288, 2291, 2297, 2305, 2313, 2321, 2331, 5843, 5849, 5873]@{}
http://www.comp.hkbu.edu.hk/v1/?page=sitemap?=sc?=tc?=tc?=tc?=tc@[523, 896, 1080, 1124, 1174, 1219, 1263, 1355, 1443, 1547, 1587, 1733, 1738, 1788, 1908, 1996, 2038, 2232, 2283, 2288, 2291, 2297, 2305, 2313, 2321, 2331, 5849, 5855, 5879]@{}
http://www.comp.hkbu.edu.hk/v1/?page=home?=tc?=tc?=tc@[523, 896, 1080, 1124, 1174, 1219, 1263, 1355, 1443, 1547, 1587, 1733, 1738, 1788, 1908, 1996, 2038, 2232, 2283, 2288, 2291, 2297, 2305, 2313, 2321, 2331, 5834, 5840, 5864]@{}
http://www.comp.hkbu.edu.hk/v1/?page=job_vacancies@[444, 628, 672, 722, 767, 811, 903, 991, 1095, 1135, 1281, 1286, 1336, 1456, 1544, 1586, 1780, 1831, 1836, 1839, 1845, 1853, 1861, 1869, 1879]@{}
http://www.comp.hkbu.edu.hk/v1/?page=job_vacancies?=tc?=tc?=tc?=tc?=tc?=tc@[523, 896, 1080, 1124, 1174, 1219, 1263, 1355, 1443, 1547, 1587, 1733, 1738, 1788, 1908, 1996, 2038, 2232, 2283, 2288, 2291, 2297, 2305, 2313, 2321, 2331, 5838, 5844, 5868]@{}
http://www.comp.hkbu.edu.hk/v1/?page=job_vacancies?=sc?=tc?=tc?=tc?=tc?=tc@[523, 896, 1080, 1124, 1174, 1219, 1263, 1355, 1443, 1547, 1587, 1733, 1738, 1788, 1908, 1996, 2038, 2232, 2283, 2288, 2291, 2297, 2305, 2313, 2321, 2331, 5837, 5843, 5867]@{}
http://www.comp.hkbu.edu.hk/v1/?page=sitemap?=tc?=tc?=tc?=tc?=tc?=tc@[523, 896, 1080, 1124, 1174, 1219, 1263, 1355, 1443, 1547, 1587, 1733, 1738, 1788, 1908, 1996, 2038, 2232, 2283, 2288, 2291, 2297, 2305, 2313, 2321, 2331, 5841, 5847, 5871]@{}
http://www.comp.hkbu.edu.hk/v1/?page=sitemap?=sc?=tc?=tc?=tc?=tc?=tc@[523, 896, 1080, 1124, 1174, 1219, 1263, 1355, 1443, 1547, 1587, 1733, 1738, 1788, 1908, 1996, 2038, 2232, 2283, 2288, 2291, 2297, 2305, 2313, 2321, 2331, 5859, 5865, 5889]@{}
http://www.comp.hkbu.edu.hk/v1/?page=home?=tc?=tc?=tc?=tc@[523, 896, 1080, 1124, 1174, 1219, 1263, 1355, 1443, 1547, 1587, 1733, 1738, 1788, 1908, 1996, 2038, 2232, 2283, 2288, 2291, 2297, 2305, 2313, 2321, 2331, 5840, 5846, 5870]@{}
http://www.comp.hkbu.edu.hk/v1/?page=job_vacancies?=tc?=tc?=tc?=tc?=tc?=tc?=tc@[523, 896, 1080, 1124, 1174, 1219, 1263, 1355, 1443, 1547, 1587, 1733, 1738, 1788, 1908, 1996, 2038, 2232, 2283, 2288, 2291, 2297, 2305, 2313, 2321, 2331, 5842, 5848, 5872]@{}
http://www.comp.hkbu.edu.hk/v1/?page=job_vacancies?=sc?=tc?=tc?=tc?=tc?=tc?=tc@[523, 896, 1080, 1124, 1174, 1219, 1263, 1355, 1443, 1547, 1587, 1733, 1738, 1788, 1908, 1996, 2038, 2232, 2283, 2288, 2291, 2297, 2305, 2313, 2321, 2331, 5839, 5845, 5869]@{}
http://www.comp.hkbu.edu.hk/v1/?page=sitemap?=tc?=tc?=tc?=tc?=tc?=tc?=tc@[523, 896, 1080, 1124, 1174, 1219, 1263, 1355, 1443, 1547, 1587, 1733, 1738, 1788, 1908, 1996, 2038, 2232, 2283, 2288, 2291, 2297, 2305, 2313, 2321, 2331, 5841, 5847, 5871]@{}
http://www.comp.hkbu.edu.hk/v1/?page=sitemap?=sc?=tc?=tc?=tc?=tc?=tc?=tc@[523, 896, 1080, 1124, 1174, 1219, 1263, 1355, 1443, 1547, 1587, 1733, 1738, 1788, 1908, 1996, 2038, 2232, 2283, 2288, 2291, 2297, 2305, 2313, 2321, 2331, 5843, 5849, 5873]@{}
http://www.comp.hkbu.edu.hk/v1/?page=home?=tc?=tc?=tc?=tc?=tc@[523, 896, 1080, 1124, 1174, 1219, 1263, 1355, 1443, 1547, 1587, 1733, 1738, 1788, 1908, 1996, 2038, 2232, 2283, 2288, 2291, 2297, 2305, 2313, 2321, 2331, 5843, 5849, 5873]@{}
http://www.comp.hkbu.edu.hk/v1/?page=job_vacancies?=tc?=tc?=tc?=tc?=tc?=tc?=tc?=tc@[523, 896, 1080, 1124, 1174, 1219, 1263, 1355, 1443, 1547, 1587, 1733, 1738, 1788, 1908, 1996, 2038, 2232, 2283, 2288, 2291, 2297, 2305, 2313, 2321, 2331, 5858, 5864, 5888]@{}
http://www.comp.hkbu.edu.hk/v1/?page=job_vacancies?=sc?=tc?=tc?=tc?=tc?=tc?=tc?=tc@[523, 896, 1080, 1124, 1174, 1219, 1263, 1355, 1443, 1547, 1587, 1733, 1738, 1788, 1908, 1996, 2038, 2232, 2283, 2288, 2291, 2297, 2305, 2313, 2321, 2331, 5842, 5848, 5872]@{}
http://www.comp.hkbu.edu.hk/v1/?page=sitemap?=tc?=tc?=tc?=tc?=tc?=tc?=tc?=tc@[523, 896, 1080, 1124, 1174, 1219, 1263, 1355, 1443, 1547, 1587, 1733, 1738, 1788, 1908, 1996, 2038, 2232, 2283, 2288, 2291, 2297, 2305, 2313, 2321, 2331, 5845, 5851, 5875]@{}
http://www.comp.hkbu.edu.hk/v1/?page=sitemap?=sc?=tc?=tc?=tc?=tc?=tc?=tc?=tc@[523, 896, 1080, 1124, 1174, 1219, 1263, 1355, 1443, 1547, 1587, 1733, 1738, 1788, 1908, 1996, 2038, 2232, 2283, 2288, 2291, 2297, 2305, 2313, 2321, 2331, 5859, 5865, 5889]@{}
http://www.comp.hkbu.edu.hk/v1/?page=sitemap@[442, 626, 670, 720, 765, 809, 901, 989, 1093, 1133, 1279, 1284, 1334, 1454, 1542, 1584, 1778, 1829, 1834, 1837, 1843, 1851, 1859, 1867, 1877]@{}
http://www.comp.hkbu.edu.hk/v1/?page=home?=tc?=tc?=tc?=tc?=tc?=tc@[523, 896, 1080, 1124, 1174, 1219, 1263, 1355, 1443, 1547, 1587, 1733, 1738, 1788, 1908, 1996, 2038, 2232, 2283, 2288, 2291, 2297, 2305, 2313, 2321, 2331, 5844, 5850, 5874]@{}
http://www.comp.hkbu.edu.hk/v1/?page=job_vacancies?=tc?=tc?=tc?=tc?=tc?=tc?=tc?=tc?=tc@[523, 896, 1080, 1124, 1174, 1219, 1263, 1355, 1443, 1547, 1587, 1733, 1738, 1788, 1908, 1996, 2038, 2232, 2283, 2288, 2291, 2297, 2305, 2313, 2321, 2331, 5858, 5864, 5888]@{}
http://www.comp.hkbu.edu.hk/v1/?page=job_vacancies?=sc?=tc?=tc?=tc?=tc?=tc?=tc?=tc?=tc@[523, 896, 1080, 1124, 1174, 1219, 1263, 1355, 1443, 1547, 1587, 1733, 1738, 1788, 1908, 1996, 2038, 2232, 2283, 2288, 2291, 2297, 2305, 2313, 2321, 2331, 5857, 5863, 5887]@{}
http://www.comp.hkbu.edu.hk/v1/?page=sitemap?=tc?=tc?=tc?=tc?=tc?=tc?=tc?=tc?=tc@[523, 896, 1080, 1124, 1174, 1219, 1263, 1355, 1443, 1547, 1587, 1733, 1738, 1788, 1908, 1996, 2038, 2232, 2283, 2288, 2291, 2297, 2305, 2313, 2321, 2331, 5842, 5848, 5872]@{}
http://www.comp.hkbu.edu.hk/v1/?page=sitemap?=sc?=tc?=tc?=tc?=tc?=tc?=tc?=tc?=tc@[523, 896, 1080, 1124, 1174, 1219, 1263, 1355, 1443, 1547, 1587, 1733, 1738, 1788, 1908, 1996, 2038, 2232, 2283, 2288, 2291, 2297, 2305, 2313, 2321, 2331, 5860, 5866, 5890]@{}
http://www.comp.hkbu.edu.hk/v1/?lang=tc@[523, 896, 1080, 1124, 1174, 1219, 1263, 1355, 1443, 1547, 1587, 1733, 1738, 1788, 1908, 1996, 2038, 2232, 2283, 2288, 2291, 2297, 2305, 2313, 2321, 2331, 5842, 5848, 5872]@{}
http://www.sci.hkbu.edu.hk/eng/page/@[2374]@{}
http://www.sci.hkbu.edu.hk/eng/about-us/honorary-doctorate@[2614]@{}
http://www.sci.hkbu.edu.hk/eng/about-us/distinguished-professor-of-science@[2616]@{}
http://www.sci.hkbu.edu.hk/eng/about-us/dr-kennedy-wong-distinguished-visiting-professorship-scheme@[2619]@{}
http://www.sci.hkbu.edu.hk/eng/about-us/vision-mission@[2599, 2608]@{}
http://www.sci.hkbu.edu.hk/eng/about-us/faculty-advisory-committee@[2599, 2608]@{}
http://www.sci.hkbu.edu.hk/eng/about-us/distinguished-professorship@[2598, 2607]@{}
