http://www.comp.hkbu.edu.hk/v1/?page=sci@[4936, 5432, 5435, 5462, 5465, 5492, 5495, 5522, 5525, 5552, 5555, 5761, 5764, 5767, 5770, 5773, 5781, 5784, 5787, 5790, 5793, 5814, 5817, 5887, 5909, 5930, 5952, 5978, 6211, 6226, 6229, 6599, 6604, 6610, 6660, 6669, 6770, 6793, 6870, 6922, 6964, 7018, 7057, 7088, 7114, 7168, 7173]@{}
http://www.sci.hkbu.edu.hk/eng/about-us/distinguished-professorship/eng/page/?page=prospective-students@[4936, 5432, 5435, 5462, 5465, 5492, 5495, 5522, 5525, 5552, 5555, 5761, 5764, 5767, 5770, 5773, 5781, 5784, 5787, 5790, 5793, 5814, 5817, 5887, 5909, 5930, 5952, 5978, 6211, 6226, 6229, 6599, 6604, 6610, 6660, 6669, 6770, 6793, 6870, 6922, 6964, 7018, 7057, 7088, 7114, 7168, 7173]@{}
http://www.sci.hkbu.edu.hk/eng/about-us/honorary-doctorate/eng/page/?page=prospective-students@[4936, 5432, 5435, 5462, 5465, 5492, 5495, 5522, 5525, 5552, 5555, 5761, 5764, 5767, 5770, 5773, 5781, 5784, 5787, 5790, 5793, 5814, 5817, 5887, 5909, 5930, 5952, 5978, 6211, 6226, 6229, 6599, 6604, 6610, 6660, 6669, 6770, 6793, 6870, 6922, 6964, 7018, 7057, 7088, 7114, 7168, 7173]@{}
http://www.sci.hkbu.edu.hk/eng/about-us/distinguished-professor-of-science/eng/page/?page=prospective-students@[4936, 5432, 5435, 5462, 5465, 5492, 5495, 5522, 5525, 5552, 5555, 5761, 5764, 5767, 5770, 5773, 5781, 5784, 5787, 5790, 5793, 5814, 5817, 5887, 5909, 5930, 5952, 5978, 6211, 6226, 6229, 6599, 6604, 6610, 6660, 6669, 6770, 6793, 6870, 6922, 6964, 7018, 7057, 7088, 7114, 7168, 7173]@{}
http://www.sci.hkbu.edu.hk/eng/about-us/dr-kennedy-wong-distinguished-visiting-professorship-scheme/eng/page/?page=prospective-students@[4936, 5432, 5435, 5462, 5465, 5492, 5495, 5522, 5525, 5552, 5555, 5761, 5764, 5767, 5770, 5773, 5781, 5784, 5787, 5790, 5793, 5814, 5817, 5887, 5909, 5930, 5952, 5978, 6211, 6226, 6229, 6599, 6604, 6610, 6660, 6669, 6770, 6793, 6870, 6922, 6964, 7018, 7057, 7088, 7114, 7168, 7173]@{}
http://www.sci.hkbu.edu.hk/eng/page/eng/about-us/vision-mission@[4936, 5432, 5435, 5462, 5465, 5492, 5495, 5522, 5525, 5552, 5555, 5761, 5764, 5767, 5770, 5773, 5781, 5784, 5787, 5790, 5793, 5814, 5817, 5887, 5909, 5930, 5952, 5978, 6211, 6226, 6229, 6599, 6604, 6610, 6660, 6669, 6770, 6793, 6870, 6922, 6964, 7018, 7057, 7088, 7114, 7168, 7173]@{}
http://www.sci.hkbu.edu.hk/eng/page/eng/about-us/faculty-advisory-committee@[4936, 5432, 5435, 5462, 5465, 5492, 5495, 5522, 5525, 5552, 5555, 5761, 5764, 5767, 5770, 5773, 5781, 5784, 5787, 5790, 5793, 5814, 5817, 5887, 5909, 5930, 5952, 5978, 6211, 6226, 6229, 6599, 6604, 6610, 6660, 6669, 6770, 6793, 6870, 6922, 6964, 7018, 7057, 7088, 7114, 7168, 7173]@{}
http://www.sci.hkbu.edu.hk/eng@[4936, 5432, 5435, 5462, 5465, 5492, 5495, 5522, 5525, 5552, 5555, 5761, 5764, 5767, 5770, 5773, 5781, 5784, 5787, 5790, 5793, 5814, 5817, 5887, 5909, 5930, 5952, 5978, 6211, 6226, 6229, 6599, 6604, 6610, 6660, 6669, 6770, 6793, 6870, 6922, 6964, 7018, 7057, 7088, 7114, 7168, 7173]@{}
http://www.sci.hkbu.edu.hk/eng/about-us/vision-mission/eng/page/?page=prospective-students@[4936, 5432, 5435, 5462, 5465, 5492, 5495, 5522, 5525, 5552, 5555, 5761, 5764, 5767, 5770, 5773, 5781, 5784, 5787, 5790, 5793, 5814, 5817, 5887, 5909, 5930, 5952, 5978, 6211, 6226, 6229, 6599, 6604, 6610, 6660, 6669, 6770, 6793, 6870, 6922, 6964, 7018, 7057, 7088, 7114, 7168, 7173]@{}
http://www.sci.hkbu.edu.hk/eng/about-us/faculty-advisory-committee/eng/page/?page=prospective-students@[4936, 5432, 5435, 5462, 5465, 5492, 5495, 5522, 5525, 5552, 5555, 5761, 5764, 5767, 5770, 5773, 5781, 5784, 5787, 5790, 5793, 5814, 5817, 5887, 5909, 5930, 5952, 5978, 6211, 6226, 6229, 6599, 6604, 6610, 6660, 6669, 6770, 6793, 6870, 6922, 6964, 7018, 7057, 7088, 7114, 7168, 7173]@{}
