http://www.comp.hkbu.edu.hk@[712, 714, 720, 1269, 1274, 1295, 1300, 1325, 1329, 1363, 1383, 1389, 1419, 1451, 1471, 1503, 1513, 1532, 1572, 1612, 1625, 1635, 1642, 1648, 1748, 1754, 1870, 1882, 1891, 1900, 1911, 1920, 1929, 2016, 2451, 2664, 2769, 2775, 2977, 3364, 3450, 3513, 3588, 3670, 3736, 3826, 4879, 5822, 5829, 5846, 5854, 6075, 6830]@{}
http://www.comp.hkbu.edu.hk/v1/?page=sci@[905, 925, 2734, 2928, 3996, 4098, 4128, 4158, 4189, 6239, 6242, 6650]@{}
http://www.comp.hkbu.edu.hk/v1/?page=job_vacancies?=tc@[712, 714, 720, 1269, 1274, 1295, 1300, 1325, 1329, 1363, 1383, 1389, 1419, 1451, 1471, 1503, 1513, 1532, 1572, 1612, 1625, 1635, 1642, 1648, 1748, 1754, 1870, 1882, 1891, 1900, 1911, 1920, 1929, 2016, 2451, 2664, 2769, 2775, 2983, 3370, 3456, 3519, 3594, 3676, 3742, 3832, 4875, 5818, 5825, 5842, 5850, 6071, 6806]@{}
http://www.comp.hkbu.edu.hk/v1/?page=job_vacancies?=sc@[712, 714, 720, 1269, 1274, 1295, 1300, 1325, 1329, 1363, 1383, 1389, 1419, 1451, 1471, 1503, 1513, 1532, 1572, 1612, 1625, 1635, 1642, 1648, 1748, 1754, 1870, 1882, 1891, 1900, 1911, 1920, 1929, 2016, 2451, 2664, 2769, 2775, 2983, 3370, 3456, 3519, 3594, 3676, 3742, 3832, 4875, 5818, 5825, 5842, 5850, 6071, 6815]@{}
http://www.comp.hkbu.edu.hk/v1/?page=sitemap?=tc@[712, 714, 720, 1269, 1274, 1295, 1300, 1325, 1329, 1363, 1383, 1389, 1419, 1451, 1471, 1503, 1513, 1532, 1572, 1612, 1625, 1635, 1642, 1648, 1748, 1754, 1870, 1882, 1891, 1900, 1911, 1920, 1929, 2016, 2451, 2664, 2769, 2775, 2983, 3370, 3456, 3519, 3594, 3676, 3742, 3832, 4871, 5814, 5821, 5838, 5846, 6067, 6818]@{}
http://www.comp.hkbu.edu.hk/v1/?page=sitemap?=sc@[712, 714, 720, 1269, 1274, 1295, 1300, 1325, 1329, 1363, 1383, 1389, 1419, 1451, 1471, 1503, 1513, 1532, 1572, 1612, 1625, 1635, 1642, 1648, 1748, 1754, 1870, 1882, 1891, 1900, 1911, 1920, 1929, 2016, 2451, 2664, 2769, 2775, 2983, 3370, 3456, 3519, 3594, 3676, 3742, 3832, 4870, 5813, 5820, 5837, 5845, 6066, 6833]@{}
http://www.comp.hkbu.edu.hk/v1/?lang=sc@[712, 714, 720, 1269, 1274, 1295, 1300, 1325, 1329, 1363, 1383, 1389, 1419, 1451, 1471, 1503, 1513, 1532, 1572, 1612, 1625, 1635, 1642, 1648, 1748, 1754, 1870, 1882, 1891, 1900, 1911, 1920, 1929, 2016, 2451, 2664, 2769, 2775, 2977, 3364, 3450, 3513, 3588, 3670, 3736, 3826, 4866, 5809, 5816, 5833, 5841, 6062, 6799]@{}
http://www.comp.hkbu.edu.hk/~alumni/news/../news/@[59, 65, 83, 89, 149, 156, 173, 180]@{}
http://www.comp.hkbu.edu.hk/~alumni/news/../scholarship/@[59, 65, 83, 89, 149, 156, 173, 180, 651]@{}
http://www.comp.hkbu.edu.hk/~alumni/news/../donation/@[59, 65, 83, 89, 149, 156, 173, 180]@{}
http://www.comp.hkbu.edu.hk/v1/?page=job_vacancies?=tc?=tc@[712, 714, 720, 1269, 1274, 1295, 1300, 1325, 1329, 1363, 1383, 1389, 1419, 1451, 1471, 1503, 1513, 1532, 1572, 1612, 1625, 1635, 1642, 1648, 1748, 1754, 1870, 1882, 1891, 1900, 1911, 1920, 1929, 2016, 2451, 2664, 2769, 2775, 2985, 3372, 3458, 3521, 3596, 3678, 3744, 3834, 4872, 5815, 5822, 5839, 5847, 6068, 6820]@{}
http://www.comp.hkbu.edu.hk/v1/?page=job_vacancies?=sc?=tc@[712, 714, 720, 1269, 1274, 1295, 1300, 1325, 1329, 1363, 1383, 1389, 1419, 1451, 1471, 1503, 1513, 1532, 1572, 1612, 1625, 1635, 1642, 1648, 1748, 1754, 1870, 1882, 1891, 1900, 1911, 1920, 1929, 2016, 2451, 2664, 2769, 2775, 2985, 3372, 3458, 3521, 3596, 3678, 3744, 3834, 4882, 5825, 5832, 5849, 5857, 6078, 6849]@{}
http://www.comp.hkbu.edu.hk/v1/?page=sitemap?=tc?=tc@[712, 714, 720, 1269, 1274, 1295, 1300, 1325, 1329, 1363, 1383, 1389, 1419, 1451, 1471, 1503, 1513, 1532, 1572, 1612, 1625, 1635, 1642, 1648, 1748, 1754, 1870, 1882, 1891, 1900, 1911, 1920, 1929, 2016, 2451, 2664, 2769, 2775, 2985, 3372, 3458, 3521, 3596, 3678, 3744, 3834, 4872, 5815, 5822, 5839, 5847, 6068, 6811]@{}
http://www.comp.hkbu.edu.hk/v1/?page=sitemap?=sc?=tc@[712, 714, 720, 1269, 1274, 1295, 1300, 1325, 1329, 1363, 1383, 1389, 1419, 1451, 1471, 1503, 1513, 1532, 1572, 1612, 1625, 1635, 1642, 1648, 1748, 1754, 1870, 1882, 1891, 1900, 1911, 1920, 1929, 2016, 2451, 2664, 2769, 2775, 2985, 3372, 3458, 3521, 3596, 3678, 3744, 3834, 4886, 5829, 5836, 5853, 5861, 6082, 6838]@{}
http://www.comp.hkbu.edu.hk/v1/?page=home@[712, 714, 720, 1269, 1274, 1295, 1300, 1325, 1329, 1363, 1383, 1389, 1419, 1451, 1471, 1503, 1513, 1532, 1572, 1612, 1625, 1635, 1642, 1648, 1748, 1754, 1870, 1882, 1891, 1900, 1911, 1920, 1929, 2016, 2451, 2664, 2769, 2775, 2981, 3368, 3454, 3517, 3592, 3674, 3740, 3830, 4864, 5807, 5814, 5831, 5839, 6060, 6803]@{}
http://www.comp.hkbu.edu.hk/~alumni/news/../news/../news/@[59, 65, 83, 89, 149, 156, 173, 180]@{}
http://www.comp.hkbu.edu.hk/~alumni/news/../scholarship/../news/@[59, 65, 83, 89, 149, 156, 173, 180]@{}
http://www.comp.hkbu.edu.hk/~alumni/news/../donation/../news/@[59, 65, 83, 89, 149, 156, 173, 180]@{}
http://www.comp.hkbu.edu.hk/v1/?page=job_vacancies?=tc?=tc?=tc@[712, 714, 720, 1269, 1274, 1295, 1300, 1325, 1329, 1363, 1383, 1389, 1419, 1451, 1471, 1503, 1513, 1532, 1572, 1612, 1625, 1635, 1642, 1648, 1748, 1754, 1870, 1882, 1891, 1900, 1911, 1920, 1929, 2016, 2451, 2664, 2769, 2775, 2987, 3374, 3460, 3523, 3598, 3680, 3746, 3836, 4886, 5829, 5836, 5853, 5861, 6082, 6846]@{}
http://www.comp.hkbu.edu.hk/v1/?page=job_vacancies?=sc?=tc?=tc@[712, 714, 720, 1269, 1274, 1295, 1300, 1325, 1329, 1363, 1383, 1389, 1419, 1451, 1471, 1503, 1513, 1532, 1572, 1612, 1625, 1635, 1642, 1648, 1748, 1754, 1870, 1882, 1891, 1900, 1911, 1920, 1929, 2016, 2451, 2664, 2769, 2775, 2987, 3374, 3460, 3523, 3598, 3680, 3746, 3836, 4870, 5813, 5820, 5837, 5845, 6066, 6815]@{}
http://www.comp.hkbu.edu.hk/v1/?page=sitemap?=tc?=tc?=tc@[712, 714, 720, 1269, 1274, 1295, 1300, 1325, 1329, 1363, 1383, 1389, 1419, 1451, 1471, 1503, 1513, 1532, 1572, 1612, 1625, 1635, 1642, 1648, 1748, 1754, 1870, 1882, 1891, 1900, 1911, 1920, 1929, 2016, 2451, 2664, 2769, 2775, 2987, 3374, 3460, 3523, 3598, 3680, 3746, 3836, 4876, 5819, 5826, 5843, 5851, 6072, 6843]@{}
http://www.comp.hkbu.edu.hk/v1/?page=sitemap?=sc?=tc?=tc@[712, 714, 720, 1269, 1274, 1295, 1300, 1325, 1329, 1363, 1383, 1389, 1419, 1451, 1471, 1503, 1513, 1532, 1572, 1612, 1625, 1635, 1642, 1648, 1748, 1754, 1870, 1882, 1891, 1900, 1911, 1920, 1929, 2016, 2451, 2664, 2769, 2775, 2987, 3374, 3460, 3523, 3598, 3680, 3746, 3836, 4879, 5822, 5829, 5846, 5854, 6075, 6846]@{}
http://www.comp.hkbu.edu.hk/v1/?page=home?=tc@[712, 714, 720, 1269, 1274, 1295, 1300, 1325, 1329, 1363, 1383, 1389, 1419, 1451, 1471, 1503, 1513, 1532, 1572, 1612, 1625, 1635, 1642, 1648, 1748, 1754, 1870, 1882, 1891, 1900, 1911, 1920, 1929, 2016, 2451, 2664, 2769, 2775, 2983, 3370, 3456, 3519, 3594, 3676, 3742, 3832, 4874, 5817, 5824, 5841, 5849, 6070, 6831]@{}
http://www.comp.hkbu.edu.hk/~alumni/news/../news/../news/../news/@[59, 65, 83, 89, 149, 156, 173, 180]@{}
http://www.comp.hkbu.edu.hk/~alumni/news/../scholarship/../news/../news/@[59, 65, 83, 89, 149, 156, 173, 180]@{}
http://www.comp.hkbu.edu.hk/~alumni/news/../donation/../news/../news/@[59, 65, 83, 89, 149, 156, 173, 180]@{}
http://www.comp.hkbu.edu.hk/v1/?page=job_vacancies?=tc?=tc?=tc?=tc@[712, 714, 720, 1269, 1274, 1295, 1300, 1325, 1329, 1363, 1383, 1389, 1419, 1451, 1471, 1503, 1513, 1532, 1572, 1612, 1625, 1635, 1642, 1648, 1748, 1754, 1870, 1882, 1891, 1900, 1911, 1920, 1929, 2016, 2451, 2664, 2769, 2775, 2989, 3376, 3462, 3525, 3600, 3682, 3748, 3838, 4887, 5830, 5837, 5854, 5862, 6083, 6826]@{}
http://www.comp.hkbu.edu.hk/v1/?page=job_vacancies?=sc?=tc?=tc?=tc@[712, 714, 720, 1269, 1274, 1295, 1300, 1325, 1329, 1363, 1383, 1389, 1419, 1451, 1471, 1503, 1513, 1532, 1572, 1612, 1625, 1635, 1642, 1648, 1748, 1754, 1870, 1882, 1891, 1900, 1911, 1920, 1929, 2016, 2451, 2664, 2769, 2775, 2989, 3376, 3462, 3525, 3600, 3682, 3748, 3838, 4888, 5831, 5838, 5855, 5863, 6084, 6814]@{}
http://www.comp.hkbu.edu.hk/v1/?page=sitemap?=tc?=tc?=tc?=tc@[712, 714, 720, 1269, 1274, 1295, 1300, 1325, 1329, 1363, 1383, 1389, 1419, 1451, 1471, 1503, 1513, 1532, 1572, 1612, 1625, 1635, 1642, 1648, 1748, 1754, 1870, 1882, 1891, 1900, 1911, 1920, 1929, 2016, 2451, 2664, 2769, 2775, 2989, 3376, 3462, 3525, 3600, 3682, 3748, 3838, 4876, 5819, 5826, 5843, 5851, 6072, 6832]@{}
http://www.comp.hkbu.edu.hk/v1/?page=sitemap?=sc?=tc?=tc?=tc@[712, 714, 720, 1269, 1274, 1295, 1300, 1325, 1329, 1363, 1383, 1389, 1419, 1451, 1471, 1503, 1513, 1532, 1572, 1612, 1625, 1635, 1642, 1648, 1748, 1754, 1870, 1882, 1891, 1900, 1911, 1920, 1929, 2016, 2451, 2664, 2769, 2775, 2989, 3376, 3462, 3525, 3600, 3682, 3748, 3838, 4887, 5830, 5837, 5854, 5862, 6083, 6840]@{}
http://www.comp.hkbu.edu.hk/v1/?page=home?=tc?=tc@[712, 714, 720, 1269, 1274, 1295, 1300, 1325, 1329, 1363, 1383, 1389, 1419, 1451, 1471, 1503, 1513, 1532, 1572, 1612, 1625, 1635, 1642, 1648, 1748, 1754, 1870, 1882, 1891, 1900, 1911, 1920, 1929, 2016, 2451, 2664, 2769, 2775, 2985, 3372, 3458, 3521, 3596, 3678, 3744, 3834, 4876, 5819, 5826, 5843, 5851, 6072, 6814]@{}
http://www.comp.hkbu.edu.hk/~alumni/news/../news/../news/../news/../news/@[59, 65, 83, 89, 149, 156, 173, 180]@{}
http://www.comp.hkbu.edu.hk/~alumni/news/../scholarship/../news/../news/../news/@[59, 65, 83, 89, 149, 156, 173, 180]@{}
http://www.comp.hkbu.edu.hk/~alumni/news/../donation/../news/../news/../news/@[59, 65, 83, 89, 149, 156, 173, 180]@{}
http://www.comp.hkbu.edu.hk/v1/?page=job_vacancies?=tc?=tc?=tc?=tc?=tc@[712, 714, 720, 1269, 1274, 1295, 1300, 1325, 1329, 1363, 1383, 1389, 1419, 1451, 1471, 1503, 1513, 1532, 1572, 1612, 1625, 1635, 1642, 1648, 1748, 1754, 1870, 1882, 1891, 1900, 1911, 1920, 1929, 2016, 2451, 2664, 2769, 2775, 2991, 3378, 3464, 3527, 3602, 3684, 3750, 3840, 4890, 5833, 5840, 5857, 5865, 6086, 6821]@{}
http://www.comp.hkbu.edu.hk/v1/?page=job_vacancies?=sc?=tc?=tc?=tc?=tc@[712, 714, 720, 1269, 1274, 1295, 1300, 1325, 1329, 1363, 1383, 1389, 1419, 1451, 1471, 1503, 1513, 1532, 1572, 1612, 1625, 1635, 1642, 1648, 1748, 1754, 1870, 1882, 1891, 1900, 1911, 1920, 1929, 2016, 2451, 2664, 2769, 2775, 2991, 3378, 3464, 3527, 3602, 3684, 3750, 3840, 4875, 5818, 5825, 5842, 5850, 6071, 6823]@{}
http://www.comp.hkbu.edu.hk/v1/?page=sitemap?=tc?=tc?=tc?=tc?=tc@[712, 714, 720, 1269, 1274, 1295, 1300, 1325, 1329, 1363, 1383, 1389, 1419, 1451, 1471, 1503, 1513, 1532, 1572, 1612, 1625, 1635, 1642, 1648, 1748, 1754, 1870, 1882, 1891, 1900, 1911, 1920, 1929, 2016, 2451, 2664, 2769, 2775, 2991, 3378, 3464, 3527, 3602, 3684, 3750, 3840, 4883, 5826, 5833, 5850, 5858, 6079, 6843]@{}
http://www.comp.hkbu.edu.hk/v1/?page=sitemap?=sc?=tc?=tc?=tc?=tc@[712, 714, 720, 1269, 1274, 1295, 1300, 1325, 1329, 1363, 1383, 1389, 1419, 1451, 1471, 1503, 1513, 1532, 1572, 1612, 1625, 1635, 1642, 1648, 1748, 1754, 1870, 1882, 1891, 1900, 1911, 1920, 1929, 2016, 2451, 2664, 2769, 2775, 2991, 3378, 3464, 3527, 3602, 3684, 3750, 3840, 4889, 5832, 5839, 5856, 5864, 6085, 6828]@{}
http://www.comp.hkbu.edu.hk/v1/?page=home?=tc?=tc?=tc@[712, 714, 720, 1269, 1274, 1295, 1300, 1325, 1329, 1363, 1383, 1389, 1419, 1451, 1471, 1503, 1513, 1532, 1572, 1612, 1625, 1635, 1642, 1648, 1748, 1754, 1870, 1882, 1891, 1900, 1911, 1920, 1929, 2016, 2451, 2664, 2769, 2775, 2987, 3374, 3460, 3523, 3598, 3680, 3746, 3836, 4874, 5817, 5824, 5841, 5849, 6070, 6828]@{}
http://www.comp.hkbu.edu.hk/~alumni/news/../news/../news/../news/../news/../news/@[59, 65, 83, 89, 149, 156, 173, 180]@{}
http://www.comp.hkbu.edu.hk/~alumni/news/../scholarship/../news/../news/../news/../news/@[59, 65, 83, 89, 149, 156, 173, 180]@{}
http://www.comp.hkbu.edu.hk/~alumni/news/../donation/../news/../news/../news/../news/@[59, 65, 83, 89, 149, 156, 173, 180]@{}
http://www.comp.hkbu.edu.hk/v1/?page=job_vacancies@[260, 262, 268, 817, 822, 843, 848, 873, 877, 911, 931, 937, 967, 999, 1019, 1051, 1061, 1080, 1120, 1160, 1173, 1183, 1190, 1196, 1296, 1302, 1418, 1430, 1439, 1448, 1459, 1468, 1477, 1564, 1999, 2212, 2317, 2323, 2529, 2916, 3002, 3065, 3140, 3222, 3288, 3378, 4107, 4114, 4341]@{}
http://www.comp.hkbu.edu.hk/v1/?page=job_vacancies?=tc?=tc?=tc?=tc?=tc?=tc@[712, 714, 720, 1269, 1274, 1295, 1300, 1325, 1329, 1363, 1383, 1389, 1419, 1451, 1471, 1503, 1513, 1532, 1572, 1612, 1625, 1635, 1642, 1648, 1748, 1754, 1870, 1882, 1891, 1900, 1911, 1920, 1929, 2016, 2451, 2664, 2769, 2775, 2993, 3380, 3466, 3529, 3604, 3686, 3752, 3842, 4878, 5821, 5828, 5845, 5853, 6074, 6818]@{}
http://www.comp.hkbu.edu.hk/v1/?page=job_vacancies?=sc?=tc?=tc?=tc?=tc?=tc@[712, 714, 720, 1269, 1274, 1295, 1300, 1325, 1329, 1363, 1383, 1389, 1419, 1451, 1471, 1503, 1513, 1532, 1572, 1612, 1625, 1635, 1642, 1648, 1748, 1754, 1870, 1882, 1891, 1900, 1911, 1920, 1929, 2016, 2451, 2664, 2769, 2775, 2993, 3380, 3466, 3529, 3604, 3686, 3752, 3842, 4877, 5820, 5827, 5844, 5852, 6073, 6845]@{}
http://www.comp.hkbu.edu.hk/v1/?page=sitemap?=tc?=tc?=tc?=tc?=tc?=tc@[712, 714, 720, 1269, 1274, 1295, 1300, 1325, 1329, 1363, 1383, 1389, 1419, 1451, 1471, 1503, 1513, 1532, 1572, 1612, 1625, 1635, 1642, 1648, 1748, 1754, 1870, 1882, 1891, 1900, 1911, 1920, 1929, 2016, 2451, 2664, 2769, 2775, 2993, 3380, 3466, 3529, 3604, 3686, 3752, 3842, 4881, 5824, 5831, 5848, 5856, 6077, 6835]@{}
http://www.comp.hkbu.edu.hk/v1/?page=sitemap?=sc?=tc?=tc?=tc?=tc?=tc@[712, 714, 720, 1269, 1274, 1295, 1300, 1325, 1329, 1363, 1383, 1389, 1419, 1451, 1471, 1503, 1513, 1532, 1572, 1612, 1625, 1635, 1642, 1648, 1748, 1754, 1870, 1882, 1891, 1900, 1911, 1920, 1929, 2016, 2451, 2664, 2769, 2775, 2993, 3380, 3466, 3529, 3604, 3686, 3752, 3842, 4899, 5842, 5849, 5866, 5874, 6095, 6845]@{}
http://www.comp.hkbu.edu.hk/v1/?page=home?=tc?=tc?=tc?=tc@[712, 714, 720, 1269, 1274, 1295, 1300, 1325, 1329, 1363, 1383, 1389, 1419, 1451, 1471, 1503, 1513, 1532, 1572, 1612, 1625, 1635, 1642, 1648, 1748, 1754, 1870, 1882, 1891, 1900, 1911, 1920, 1929, 2016, 2451, 2664, 2769, 2775, 2989, 3376, 3462, 3525, 3600, 3682, 3748, 3838, 4880, 5823, 5830, 5847, 5855, 6076, 6829]@{}
http://www.comp.hkbu.edu.hk/~alumni/news/../news/../news/../news/../news/../news/../news/@[59, 65, 83, 89, 149, 156, 173, 180]@{}
http://www.comp.hkbu.edu.hk/~alumni/news/../scholarship/../news/../news/../news/../news/../news/@[59, 65, 83, 89, 149, 156, 173, 180]@{}
http://www.comp.hkbu.edu.hk/~alumni/news/../donation/../news/../news/../news/../news/../news/@[59, 65, 83, 89, 149, 156, 173, 180]@{}
http://www.comp.hkbu.edu.hk/v1/?page=job_vacancies?=tc?=tc?=tc?=tc?=tc?=tc?=tc@[712, 714, 720, 1269, 1274, 1295, 1300, 1325, 1329, 1363, 1383, 1389, 1419, 1451, 1471, 1503, 1513, 1532, 1572, 1612, 1625, 1635, 1642, 1648, 1748, 1754, 1870, 1882, 1891, 1900, 1911, 1920, 1929, 2016, 2451, 2664, 2769, 2775, 2995, 3382, 3468, 3531, 3606, 3688, 3754, 3844, 4882, 5825, 5832, 5849, 5857, 6078, 6817]@{}
http://www.comp.hkbu.edu.hk/v1/?page=job_vacancies?=sc?=tc?=tc?=tc?=tc?=tc?=tc@[712, 714, 720, 1269, 1274, 1295, 1300, 1325, 1329, 1363, 1383, 1389, 1419, 1451, 1471, 1503, 1513, 1532, 1572, 1612, 1625, 1635, 1642, 1648, 1748, 1754, 1870, 1882, 1891, 1900, 1911, 1920, 1929, 2016, 2451, 2664, 2769, 2775, 2995, 3382, 3468, 3531, 3606, 3688, 3754, 3844, 4879, 5822, 5829, 5846, 5854, 6075, 6837]@{}
http://www.comp.hkbu.edu.hk/v1/?page=sitemap?=tc?=tc?=tc?=tc?=tc?=tc?=tc@[712, 714, 720, 1269, 1274, 1295, 1300, 1325, 1329, 1363, 1383, 1389, 1419, 1451, 1471, 1503, 1513, 1532, 1572, 1612, 1625, 1635, 1642, 1648, 1748, 1754, 1870, 1882, 1891, 1900, 1911, 1920, 1929, 2016, 2451, 2664, 2769, 2775, 2995, 3382, 3468, 3531, 3606, 3688, 3754, 3844, 4881, 5824, 5831, 5848, 5856, 6077, 6817]@{}
http://www.comp.hkbu.edu.hk/v1/?page=sitemap?=sc?=tc?=tc?=tc?=tc?=tc?=tc@[712, 714, 720, 1269, 1274, 1295, 1300, 1325, 1329, 1363, 1383, 1389, 1419, 1451, 1471, 1503, 1513, 1532, 1572, 1612, 1625, 1635, 1642, 1648, 1748, 1754, 1870, 1882, 1891, 1900, 1911, 1920, 1929, 2016, 2451, 2664, 2769, 2775, 2995, 3382, 3468, 3531, 3606, 3688, 3754, 3844, 4883, 5826, 5833, 5850, 5858, 6079, 6838]@{}
http://www.comp.hkbu.edu.hk/v1/?page=home?=tc?=tc?=tc?=tc?=tc@[712, 714, 720, 1269, 1274, 1295, 1300, 1325, 1329, 1363, 1383, 1389, 1419, 1451, 1471, 1503, 1513, 1532, 1572, 1612, 1625, 1635, 1642, 1648, 1748, 1754, 1870, 1882, 1891, 1900, 1911, 1920, 1929, 2016, 2451, 2664, 2769, 2775, 2991, 3378, 3464, 3527, 3602, 3684, 3750, 3840, 4883, 5826, 5833, 5850, 5858, 6079, 6842]@{}
http://www.comp.hkbu.edu.hk/~alumni/news/../news/../news/../news/../news/../news/../news/../news/@[59, 65, 83, 89, 149, 156, 173, 180]@{}
http://www.comp.hkbu.edu.hk/~alumni/news/../scholarship/../news/../news/../news/../news/../news/../news/@[59, 65, 83, 89, 149, 156, 173, 180]@{}
http://www.comp.hkbu.edu.hk/~alumni/news/../donation/../news/../news/../news/../news/../news/../news/@[59, 65, 83, 89, 149, 156, 173, 180]@{}
http://www.comp.hkbu.edu.hk/v1/?page=job_vacancies?=tc?=tc?=tc?=tc?=tc?=tc?=tc?=tc@[712, 714, 720, 1269, 1274, 1295, 1300, 1325, 1329, 1363, 1383, 1389, 1419, 1451, 1471, 1503, 1513, 1532, 1572, 1612, 1625, 1635, 1642, 1648, 1748, 1754, 1870, 1882, 1891, 1900, 1911, 1920, 1929, 2016, 2451, 2664, 2769, 2775, 2997, 3384, 3470, 3533, 3608, 3690, 3756, 3846, 4898, 5841, 5848, 5865, 5873, 6094, 6860]@{}
http://www.comp.hkbu.edu.hk/v1/?page=job_vacancies?=sc?=tc?=tc?=tc?=tc?=tc?=tc?=tc@[712, 714, 720, 1269, 1274, 1295, 1300, 1325, 1329, 1363, 1383, 1389, 1419, 1451, 1471, 1503, 1513, 1532, 1572, 1612, 1625, 1635, 1642, 1648, 1748, 1754, 1870, 1882, 1891, 1900, 1911, 1920, 1929, 2016, 2451, 2664, 2769, 2775, 2997, 3384, 3470, 3533, 3608, 3690, 3756, 3846, 4882, 5825, 5832, 5849, 5857, 6078, 6839]@{}
http://www.comp.hkbu.edu.hk/v1/?page=sitemap?=tc?=tc?=tc?=tc?=tc?=tc?=tc?=tc@[712, 714, 720, 1269, 1274, 1295, 1300, 1325, 1329, 1363, 1383, 1389, 1419, 1451, 1471, 1503, 1513, 1532, 1572, 1612, 1625, 1635, 1642, 1648, 1748, 1754, 1870, 1882, 1891, 1900, 1911, 1920, 1929, 2016, 2451, 2664, 2769, 2775, 2997, 3384, 3470, 3533, 3608, 3690, 3756, 3846, 4885, 5828, 5835, 5852, 5860, 6081, 6830]@{}
http://www.comp.hkbu.edu.hk/v1/?page=sitemap?=sc?=tc?=tc?=tc?=tc?=tc?=tc?=tc@[712, 714, 720, 1269, 1274, 1295, 1300, 1325, 1329, 1363, 1383, 1389, 1419, 1451, 1471, 1503, 1513, 1532, 1572, 1612, 1625, 1635, 1642, 1648, 1748, 1754, 1870, 1882, 1891, 1900, 1911, 1920, 1929, 2016, 2451, 2664, 2769, 2775, 2997, 3384, 3470, 3533, 3608, 3690, 3756, 3846, 4899, 5842, 5849, 5866, 5874, 6095, 6838]@{}
http://www.comp.hkbu.edu.hk/v1/?page=sitemap@[258, 260, 266, 815, 820, 841, 846, 871, 875, 909, 929, 935, 965, 997, 1017, 1049, 1059, 1078, 1118, 1158, 1171, 1181, 1188, 1194, 1294, 1300, 1416, 1428, 1437, 1446, 1457, 1466, 1475, 1562, 1997, 2210, 2315, 2321, 2527, 2914, 3000, 3063, 3138, 3220, 3286, 3376, 4104, 4111, 5701]@{}
http://www.comp.hkbu.edu.hk/v1/?page=home?=tc?=tc?=tc?=tc?=tc?=tc@[712, 714, 720, 1269, 1274, 1295, 1300, 1325, 1329, 1363, 1383, 1389, 1419, 1451, 1471, 1503, 1513, 1532, 1572, 1612, 1625, 1635, 1642, 1648, 1748, 1754, 1870, 1882, 1891, 1900, 1911, 1920, 1929, 2016, 2451, 2664, 2769, 2775, 2993, 3380, 3466, 3529, 3604, 3686, 3752, 3842, 4884, 5827, 5834, 5851, 5859, 6080, 6838]@{}
http://www.comp.hkbu.edu.hk/~alumni/news/../news/../news/../news/../news/../news/../news/../news/../news/@[59, 65, 83, 89, 149, 156, 173, 180]@{}
http://www.comp.hkbu.edu.hk/~alumni/news/../scholarship/../news/../news/../news/../news/../news/../news/../news/@[59, 65, 83, 89, 149, 156, 173, 180]@{}
http://www.comp.hkbu.edu.hk/~alumni/news/../donation/../news/../news/../news/../news/../news/../news/../news/@[59, 65, 83, 89, 149, 156, 173, 180]@{}
http://www.comp.hkbu.edu.hk/v1/?page=job_vacancies?=tc?=tc?=tc?=tc?=tc?=tc?=tc?=tc?=tc@[712, 714, 720, 1269, 1274, 1295, 1300, 1325, 1329, 1363, 1383, 1389, 1419, 1451, 1471, 1503, 1513, 1532, 1572, 1612, 1625, 1635, 1642, 1648, 1748, 1754, 1870, 1882, 1891, 1900, 1911, 1920, 1929, 2016, 2451, 2664, 2769, 2775, 2999, 3386, 3472, 3535, 3610, 3692, 3758, 3848, 4898, 5841, 5848, 5865, 5873, 6094, 6834]@{}
http://www.comp.hkbu.edu.hk/v1/?page=job_vacancies?=sc?=tc?=tc?=tc?=tc?=tc?=tc?=tc?=tc@[712, 714, 720, 1269, 1274, 1295, 1300, 1325, 1329, 1363, 1383, 1389, 1419, 1451, 1471, 1503, 1513, 1532, 1572, 1612, 1625, 1635, 1642, 1648, 1748, 1754, 1870, 1882, 1891, 1900, 1911, 1920, 1929, 2016, 2451, 2664, 2769, 2775, 2999, 3386, 3472, 3535, 3610, 3692, 3758, 3848, 4897, 5840, 5847, 5864, 5872, 6093, 6846]@{}
http://www.comp.hkbu.edu.hk/v1/?page=sitemap?=tc?=tc?=tc?=tc?=tc?=tc?=tc?=tc?=tc@[712, 714, 720, 1269, 1274, 1295, 1300, 1325, 1329, 1363, 1383, 1389, 1419, 1451, 1471, 1503, 1513, 1532, 1572, 1612, 1625, 1635, 1642, 1648, 1748, 1754, 1870, 1882, 1891, 1900, 1911, 1920, 1929, 2016, 2451, 2664, 2769, 2775, 2999, 3386, 3472, 3535, 3610, 3692, 3758, 3848, 4882, 5825, 5832, 5849, 5857, 6078, 6814]@{}
http://www.comp.hkbu.edu.hk/v1/?page=sitemap?=sc?=tc?=tc?=tc?=tc?=tc?=tc?=tc?=tc@[712, 714, 720, 1269, 1274, 1295, 1300, 1325, 1329, 1363, 1383, 1389, 1419, 1451, 1471, 1503, 1513, 1532, 1572, 1612, 1625, 1635, 1642, 1648, 1748, 1754, 1870, 1882, 1891, 1900, 1911, 1920, 1929, 2016, 2451, 2664, 2769, 2775, 2999, 3386, 3472, 3535, 3610, 3692, 3758, 3848, 4900, 5843, 5850, 5867, 5875, 6096, 6840]@{}
http://www.comp.hkbu.edu.hk/v1/?lang=tc@[712, 714, 720, 1269, 1274, 1295, 1300, 1325, 1329, 1363, 1383, 1389, 1419, 1451, 1471, 1503, 1513, 1532, 1572, 1612, 1625, 1635, 1642, 1648, 1748, 1754, 1870, 1882, 1891, 1900, 1911, 1920, 1929, 2016, 2451, 2664, 2769, 2775, 2977, 3364, 3450, 3513, 3588, 3670, 3736, 3826, 4882, 5825, 5832, 5849, 5857, 6078, 6842]@{}
http://www.comp.hkbu.edu.hk/~alumni/news/@[59, 65, 83, 89, 149, 156, 173, 180]@{}
http://www.sci.hkbu.edu.hk/eng/page/?page=prospective-students@[905, 925, 2384, 2436, 2485, 2530, 2570, 2627, 2669, 2710, 2748, 2800, 2851, 2905, 2973, 3100, 3152, 3166, 3236]@{}
http://www.sci.hkbu.edu.hk/eng/page/?page=current-students@[905, 925, 2377]@{}
http://www.sci.hkbu.edu.hk/eng/page/@[905, 925, 2486, 2504, 2516]@{}
http://www.sci.hkbu.edu.hk/eng/about-us/honorary-doctorate@[905, 925]@{}
http://www.sci.hkbu.edu.hk/eng/about-us/distinguished-professorship/eng/page/?page=prospective-students@[905, 925, 2734, 2928, 3996, 4098, 4128, 4158, 4189, 6239, 6242, 6650]@{}
http://www.sci.hkbu.edu.hk/eng/about-us/honorary-doctorate/eng/page/?page=prospective-students@[905, 925, 2734, 2928, 3996, 4098, 4128, 4158, 4189, 6239, 6242, 6650]@{}
http://www.sci.hkbu.edu.hk/eng/about-us/distinguished-professor-of-science@[905, 925]@{}
http://www.sci.hkbu.edu.hk/eng/about-us/dr-kennedy-wong-distinguished-visiting-professorship-scheme@[905, 925]@{}
http://www.sci.hkbu.edu.hk/eng/about-us/distinguished-professor-of-science/eng/page/?page=prospective-students@[905, 925, 2734, 2928, 3996, 4098, 4128, 4158, 4189, 6239, 6242, 6650]@{}
http://www.sci.hkbu.edu.hk/eng/about-us/dr-kennedy-wong-distinguished-visiting-professorship-scheme/eng/page/?page=prospective-students@[905, 925, 2734, 2928, 3996, 4098, 4128, 4158, 4189, 6239, 6242, 6650]@{}
http://www.sci.hkbu.edu.hk/eng/page/eng/about-us/vision-mission@[905, 925, 2734, 2928, 3996, 4098, 4128, 4158, 4189, 6239, 6242, 6650]@{}
http://www.sci.hkbu.edu.hk/eng/page/eng/about-us/faculty-advisory-committee@[905, 925, 2734, 2928, 3996, 4098, 4128, 4158, 4189, 6239, 6242, 6650]@{}
http://www.sci.hkbu.edu.hk/eng@[905, 925, 2734, 2928, 3996, 4098, 4128, 4158, 4189, 6239, 6242, 6650]@{}
http://www.sci.hkbu.edu.hk/eng/about-us/vision-mission@[905, 925, 2669, 2756]@{}
http://www.sci.hkbu.edu.hk/eng/about-us/faculty-advisory-committee@[905, 925]@{}
http://www.sci.hkbu.edu.hk/eng/about-us/vision-mission/eng/page/?page=prospective-students@[905, 925, 2734, 2928, 3996, 4098, 4128, 4158, 4189, 6239, 6242, 6650]@{}
http://www.sci.hkbu.edu.hk/eng/about-us/faculty-advisory-committee/eng/page/?page=prospective-students@[905, 925, 2734, 2928, 3996, 4098, 4128, 4158, 4189, 6239, 6242, 6650]@{}
http://www.sci.hkbu.edu.hk/eng/about-us/distinguished-professorship@[905, 925]@{}
