http://www.comp.hkbu.edu.hk@[333, 339, 498, 776, 781, 825, 1332, 1368, 1422, 1456, 1681, 1702, 1719, 1744, 1768, 4910, 4948, 5010, 5100, 5669, 5949, 5977, 6037, 6102, 6121, 6416, 6627]@{}
http://www.comp.hkbu.edu.hk/v1/?page=sci@[816, 885, 951, 2732, 2754, 2910, 2989, 3024, 3826, 3978, 4057, 4224, 6778, 6913, 7007, 7103, 7794, 7913]@{}
http://www.comp.hkbu.edu.hk/v1/?page=job_vacancies?=tc@[333, 339, 498, 776, 781, 825, 1332, 1368, 1422, 1456, 1681, 1702, 1719, 1744, 1768, 4906, 4944, 5006, 5096, 5665, 5945, 5973, 6033, 6098, 6117, 6395, 6606]@{}
http://www.comp.hkbu.edu.hk/v1/?page=job_vacancies?=sc@[333, 339, 498, 776, 781, 825, 1332, 1368, 1422, 1456, 1681, 1702, 1719, 1744, 1768, 4906, 4944, 5006, 5096, 5665, 5945, 5973, 6033, 6098, 6117, 6406, 6617]@{}
http://www.comp.hkbu.edu.hk/v1/?page=sitemap?=tc@[333, 339, 498, 776, 781, 825, 1332, 1368, 1422, 1456, 1681, 1702, 1719, 1744, 1768, 4902, 4940, 5002, 5092, 5661, 5941, 5969, 6029, 6094, 6113, 6398, 6609]@{}
http://www.comp.hkbu.edu.hk/v1/?page=sitemap?=sc@[333, 339, 498, 776, 781, 825, 1332, 1368, 1422, 1456, 1681, 1702, 1719, 1744, 1768, 4901, 4939, 5001, 5091, 5660, 5940, 5968, 6028, 6093, 6112, 6405, 6616]@{}
http://www.comp.hkbu.edu.hk/v1/?lang=sc@[333, 339, 498, 776, 781, 825, 1332, 1368, 1422, 1456, 1681, 1702, 1719, 1744, 1768, 4897, 4935, 4997, 5087, 5656, 5936, 5964, 6024, 6089, 6108, 6397, 6608]@{}
http://www.comp.hkbu.edu.hk/v1/?page=job_vacancies?=tc?=tc@[333, 339, 498, 776, 781, 825, 1332, 1368, 1422, 1456, 1681, 1702, 1719, 1744, 1768, 4903, 4941, 5003, 5093, 5662, 5942, 5970, 6030, 6095, 6114, 6404, 6615]@{}
http://www.comp.hkbu.edu.hk/v1/?page=job_vacancies?=sc?=tc@[333, 339, 498, 776, 781, 825, 1332, 1368, 1422, 1456, 1681, 1702, 1719, 1744, 1768, 4913, 4951, 5013, 5103, 5672, 5952, 5980, 6040, 6105, 6124, 6423, 6634]@{}
http://www.comp.hkbu.edu.hk/v1/?page=sitemap?=tc?=tc@[333, 339, 498, 776, 781, 825, 1332, 1368, 1422, 1456, 1681, 1702, 1719, 1744, 1768, 4903, 4941, 5003, 5093, 5662, 5942, 5970, 6030, 6095, 6114, 6400, 6611]@{}
http://www.comp.hkbu.edu.hk/v1/?page=sitemap?=sc?=tc@[333, 339, 498, 776, 781, 825, 1332, 1368, 1422, 1456, 1681, 1702, 1719, 1744, 1768, 4917, 4955, 5017, 5107, 5676, 5956, 5984, 6044, 6109, 6128, 6417, 6628]@{}
http://www.comp.hkbu.edu.hk/v1/?page=home@[333, 339, 498, 776, 781, 825, 1332, 1368, 1422, 1456, 1681, 1702, 1719, 1744, 1768, 4895, 4933, 4995, 5085, 5654, 5934, 5962, 6022, 6087, 6106, 6393, 6604]@{}
http://www.comp.hkbu.edu.hk/v1/?page=job_vacancies?=tc?=tc?=tc@[333, 339, 498, 776, 781, 825, 1332, 1368, 1422, 1456, 1681, 1702, 1719, 1744, 1768, 4917, 4955, 5017, 5107, 5676, 5956, 5984, 6044, 6109, 6128, 6420, 6631]@{}
http://www.comp.hkbu.edu.hk/v1/?page=job_vacancies?=sc?=tc?=tc@[333, 339, 498, 776, 781, 825, 1332, 1368, 1422, 1456, 1681, 1702, 1719, 1744, 1768, 4901, 4939, 5001, 5091, 5660, 5940, 5968, 6028, 6093, 6112, 6405, 6616]@{}
http://www.comp.hkbu.edu.hk/v1/?page=sitemap?=tc?=tc?=tc@[333, 339, 498, 776, 781, 825, 1332, 1368, 1422, 1456, 1681, 1702, 1719, 1744, 1768, 4907, 4945, 5007, 5097, 5666, 5946, 5974, 6034, 6099, 6118, 6412, 6623]@{}
http://www.comp.hkbu.edu.hk/v1/?page=sitemap?=sc?=tc?=tc@[333, 339, 498, 776, 781, 825, 1332, 1368, 1422, 1456, 1681, 1702, 1719, 1744, 1768, 4910, 4948, 5010, 5100, 5669, 5949, 5977, 6037, 6102, 6121, 6413, 6624]@{}
http://www.comp.hkbu.edu.hk/v1/?page=home?=tc@[333, 339, 498, 776, 781, 825, 1332, 1368, 1422, 1456, 1681, 1702, 1719, 1744, 1768, 4905, 4943, 5005, 5095, 5664, 5944, 5972, 6032, 6097, 6116, 6409, 6620]@{}
http://www.comp.hkbu.edu.hk/v1/?page=job_vacancies?=tc?=tc?=tc?=tc@[333, 339, 498, 776, 781, 825, 1332, 1368, 1422, 1456, 1681, 1702, 1719, 1744, 1768, 4918, 4956, 5018, 5108, 5677, 5957, 5985, 6045, 6110, 6129, 6417, 6628]@{}
http://www.comp.hkbu.edu.hk/v1/?page=job_vacancies?=sc?=tc?=tc?=tc@[333, 339, 498, 776, 781, 825, 1332, 1368, 1422, 1456, 1681, 1702, 1719, 1744, 1768, 4919, 4957, 5019, 5109, 5678, 5958, 5986, 6046, 6111, 6130, 6410, 6621]@{}
http://www.comp.hkbu.edu.hk/v1/?page=sitemap?=tc?=tc?=tc?=tc@[333, 339, 498, 776, 781, 825, 1332, 1368, 1422, 1456, 1681, 1702, 1719, 1744, 1768, 4907, 4945, 5007, 5097, 5666, 5946, 5974, 6034, 6099, 6118, 6411, 6622]@{}
http://www.comp.hkbu.edu.hk/v1/?page=sitemap?=sc?=tc?=tc?=tc@[333, 339, 498, 776, 781, 825, 1332, 1368, 1422, 1456, 1681, 1702, 1719, 1744, 1768, 4918, 4956, 5018, 5108, 5677, 5957, 5985, 6045, 6110, 6129, 6422, 6633]@{}
http://www.comp.hkbu.edu.hk/v1/?page=home?=tc?=tc@[333, 339, 498, 776, 781, 825, 1332, 1368, 1422, 1456, 1681, 1702, 1719, 1744, 1768, 4907, 4945, 5007, 5097, 5666, 5946, 5974, 6034, 6099, 6118, 6415, 6626]@{}
http://www.comp.hkbu.edu.hk/v1/?page=job_vacancies?=tc?=tc?=tc?=tc?=tc@[333, 339, 498, 776, 781, 825, 1332, 1368, 1422, 1456, 1681, 1702, 1719, 1744, 1768, 4921, 4959, 5021, 5111, 5680, 5960, 5988, 6048, 6113, 6132, 6419, 6630]@{}
http://www.comp.hkbu.edu.hk/v1/?page=job_vacancies?=sc?=tc?=tc?=tc?=tc@[333, 339, 498, 776, 781, 825, 1332, 1368, 1422, 1456, 1681, 1702, 1719, 1744, 1768, 4906, 4944, 5006, 5096, 5665, 5945, 5973, 6033, 6098, 6117, 6415, 6626]@{}
http://www.comp.hkbu.edu.hk/v1/?page=sitemap?=tc?=tc?=tc?=tc?=tc@[333, 339, 498, 776, 781, 825, 1332, 1368, 1422, 1456, 1681, 1702, 1719, 1744, 1768, 4914, 4952, 5014, 5104, 5673, 5953, 5981, 6041, 6106, 6125, 6415, 6626]@{}
http://www.comp.hkbu.edu.hk/v1/?page=sitemap?=sc?=tc?=tc?=tc?=tc@[333, 339, 498, 776, 781, 825, 1332, 1368, 1422, 1456, 1681, 1702, 1719, 1744, 1768, 4920, 4958, 5020, 5110, 5679, 5959, 5987, 6047, 6112, 6131, 6423, 6634]@{}
http://www.comp.hkbu.edu.hk/v1/?page=home?=tc?=tc?=tc@[333, 339, 498, 776, 781, 825, 1332, 1368, 1422, 1456, 1681, 1702, 1719, 1744, 1768, 4905, 4943, 5005, 5095, 5664, 5944, 5972, 6032, 6097, 6116, 6413, 6624]@{}
http://www.comp.hkbu.edu.hk/v1/?page=job_vacancies@[324, 329, 373, 880, 916, 970, 1004, 1229, 1250, 1267, 1292, 1316]@{}
http://www.comp.hkbu.edu.hk/v1/?page=job_vacancies?=tc?=tc?=tc?=tc?=tc?=tc@[333, 339, 498, 776, 781, 825, 1332, 1368, 1422, 1456, 1681, 1702, 1719, 1744, 1768, 4909, 4947, 5009, 5099, 5668, 5948, 5976, 6036, 6101, 6120, 6413, 6624]@{}
http://www.comp.hkbu.edu.hk/v1/?page=job_vacancies?=sc?=tc?=tc?=tc?=tc?=tc@[333, 339, 498, 776, 781, 825, 1332, 1368, 1422, 1456, 1681, 1702, 1719, 1744, 1768, 4908, 4946, 5008, 5098, 5667, 5947, 5975, 6035, 6100, 6119, 6421, 6632]@{}
http://www.comp.hkbu.edu.hk/v1/?page=sitemap?=tc?=tc?=tc?=tc?=tc?=tc@[333, 339, 498, 776, 781, 825, 1332, 1368, 1422, 1456, 1681, 1702, 1719, 1744, 1768, 4912, 4950, 5012, 5102, 5671, 5951, 5979, 6039, 6104, 6123, 6410, 6621]@{}
http://www.comp.hkbu.edu.hk/v1/?page=sitemap?=sc?=tc?=tc?=tc?=tc?=tc@[333, 339, 498, 776, 781, 825, 1332, 1368, 1422, 1456, 1681, 1702, 1719, 1744, 1768, 4930, 4968, 5030, 5120, 5689, 5969, 5997, 6057, 6122, 6141, 6429, 6640]@{}
http://www.comp.hkbu.edu.hk/v1/?page=home?=tc?=tc?=tc?=tc@[333, 339, 498, 776, 781, 825, 1332, 1368, 1422, 1456, 1681, 1702, 1719, 1744, 1768, 4911, 4949, 5011, 5101, 5670, 5950, 5978, 6038, 6103, 6122, 6411, 6622]@{}
http://www.comp.hkbu.edu.hk/v1/?page=job_vacancies?=tc?=tc?=tc?=tc?=tc?=tc?=tc@[333, 339, 498, 776, 781, 825, 1332, 1368, 1422, 1456, 1681, 1702, 1719, 1744, 1768, 4913, 4951, 5013, 5103, 5672, 5952, 5980, 6040, 6105, 6124, 6409, 6620]@{}
http://www.comp.hkbu.edu.hk/v1/?page=job_vacancies?=sc?=tc?=tc?=tc?=tc?=tc?=tc@[333, 339, 498, 776, 781, 825, 1332, 1368, 1422, 1456, 1681, 1702, 1719, 1744, 1768, 4910, 4948, 5010, 5100, 5669, 5949, 5977, 6037, 6102, 6121, 6409, 6620]@{}
http://www.comp.hkbu.edu.hk/v1/?page=sitemap?=tc?=tc?=tc?=tc?=tc?=tc?=tc@[333, 339, 498, 776, 781, 825, 1332, 1368, 1422, 1456, 1681, 1702, 1719, 1744, 1768, 4912, 4950, 5012, 5102, 5671, 5951, 5979, 6039, 6104, 6123, 6406, 6617]@{}
http://www.comp.hkbu.edu.hk/v1/?page=sitemap?=sc?=tc?=tc?=tc?=tc?=tc?=tc@[333, 339, 498, 776, 781, 825, 1332, 1368, 1422, 1456, 1681, 1702, 1719, 1744, 1768, 4914, 4952, 5014, 5104, 5673, 5953, 5981, 6041, 6106, 6125, 6421, 6632]@{}
http://www.comp.hkbu.edu.hk/v1/?page=home?=tc?=tc?=tc?=tc?=tc@[333, 339, 498, 776, 781, 825, 1332, 1368, 1422, 1456, 1681, 1702, 1719, 1744, 1768, 4914, 4952, 5014, 5104, 5673, 5953, 5981, 6041, 6106, 6125, 6415, 6626]@{}
http://www.comp.hkbu.edu.hk/v1/?page=job_vacancies?=tc?=tc?=tc?=tc?=tc?=tc?=tc?=tc@[333, 339, 498, 776, 781, 825, 1332, 1368, 1422, 1456, 1681, 1702, 1719, 1744, 1768, 4929, 4967, 5029, 5119, 5688, 5968, 5996, 6056, 6121, 6140, 6429, 6640]@{}
http://www.comp.hkbu.edu.hk/v1/?page=job_vacancies?=sc?=tc?=tc?=tc?=tc?=tc?=tc?=tc@[333, 339, 498, 776, 781, 825, 1332, 1368, 1422, 1456, 1681, 1702, 1719, 1744, 1768, 4913, 4951, 5013, 5103, 5672, 5952, 5980, 6040, 6105, 6124, 6425, 6636]@{}
http://www.comp.hkbu.edu.hk/v1/?page=sitemap?=tc?=tc?=tc?=tc?=tc?=tc?=tc?=tc@[333, 339, 498, 776, 781, 825, 1332, 1368, 1422, 1456, 1681, 1702, 1719, 1744, 1768, 4916, 4954, 5016, 5106, 5675, 5955, 5983, 6043, 6108, 6127, 6410, 6621]@{}
http://www.comp.hkbu.edu.hk/v1/?page=sitemap?=sc?=tc?=tc?=tc?=tc?=tc?=tc?=tc@[333, 339, 498, 776, 781, 825, 1332, 1368, 1422, 1456, 1681, 1702, 1719, 1744, 1768, 4930, 4968, 5030, 5120, 5689, 5969, 5997, 6057, 6122, 6141, 6436, 6647]@{}
http://www.comp.hkbu.edu.hk/v1/?page=sitemap@[322, 327, 371, 878, 914, 968, 1002, 1227, 1248, 1265, 1290, 1314]@{}
http://www.comp.hkbu.edu.hk/v1/?page=home?=tc?=tc?=tc?=tc?=tc?=tc@[333, 339, 498, 776, 781, 825, 1332, 1368, 1422, 1456, 1681, 1702, 1719, 1744, 1768, 4915, 4953, 5015, 5105, 5674, 5954, 5982, 6042, 6107, 6126, 6422, 6633]@{}
http://www.comp.hkbu.edu.hk/v1/?page=job_vacancies?=tc?=tc?=tc?=tc?=tc?=tc?=tc?=tc?=tc@[333, 339, 498, 776, 781, 825, 1332, 1368, 1422, 1456, 1681, 1702, 1719, 1744, 1768, 4929, 4967, 5029, 5119, 5688, 5968, 5996, 6056, 6121, 6140, 6428, 6639]@{}
http://www.comp.hkbu.edu.hk/v1/?page=job_vacancies?=sc?=tc?=tc?=tc?=tc?=tc?=tc?=tc?=tc@[333, 339, 498, 776, 781, 825, 1332, 1368, 1422, 1456, 1681, 1702, 1719, 1744, 1768, 4928, 4966, 5028, 5118, 5687, 5967, 5995, 6055, 6120, 6139, 6432, 6643]@{}
http://www.comp.hkbu.edu.hk/v1/?page=sitemap?=tc?=tc?=tc?=tc?=tc?=tc?=tc?=tc?=tc@[333, 339, 498, 776, 781, 825, 1332, 1368, 1422, 1456, 1681, 1702, 1719, 1744, 1768, 4913, 4951, 5013, 5103, 5672, 5952, 5980, 6040, 6105, 6124, 6410, 6621]@{}
http://www.comp.hkbu.edu.hk/v1/?page=sitemap?=sc?=tc?=tc?=tc?=tc?=tc?=tc?=tc?=tc@[333, 339, 498, 776, 781, 825, 1332, 1368, 1422, 1456, 1681, 1702, 1719, 1744, 1768, 4931, 4969, 5031, 5121, 5690, 5970, 5998, 6058, 6123, 6142, 6434, 6645]@{}
http://www.comp.hkbu.edu.hk/v1/?lang=tc@[333, 339, 498, 776, 781, 825, 1332, 1368, 1422, 1456, 1681, 1702, 1719, 1744, 1768, 4913, 4951, 5013, 5103, 5672, 5952, 5980, 6040, 6105, 6124, 6422, 6633]@{}
http://www.sci.hkbu.edu.hk/eng/page/?page=prospective-students@[816, 885, 951, 2400, 3304, 3339, 3458]@{}
http://www.sci.hkbu.edu.hk/eng/page/?page=current-students@[816, 885, 951, 2393, 2995, 3114]@{}
http://www.sci.hkbu.edu.hk/eng/page/@[816, 885, 951, 2514, 2536, 3063, 3098, 3217]@{}
http://www.sci.hkbu.edu.hk/eng/about-us/honorary-doctorate@[816, 885, 951, 2440, 2475, 2516, 2549, 3629, 3748]@{}
http://www.sci.hkbu.edu.hk/eng/about-us/distinguished-professorship/eng/page/?page=prospective-students@[816, 885, 951, 2732, 2754, 2910, 2989, 3024, 3826, 3978, 4057, 4224, 6778, 6913, 7007, 7103, 7794, 7913]@{}
http://www.sci.hkbu.edu.hk/eng/about-us/honorary-doctorate/eng/page/?page=prospective-students@[816, 885, 951, 2732, 2754, 2910, 2989, 3024, 3826, 3978, 4057, 4224, 6778, 6913, 7007, 7103, 7794, 7913]@{}
http://www.sci.hkbu.edu.hk/eng/about-us/distinguished-professor-of-science@[816, 885, 951, 2440, 2475, 2516, 2549, 3257, 3445, 3564]@{}
http://www.sci.hkbu.edu.hk/eng/about-us/dr-kennedy-wong-distinguished-visiting-professorship-scheme@[816, 885, 951, 2440, 2475, 2516, 2549, 3114, 3233]@{}
http://www.sci.hkbu.edu.hk/eng/about-us/distinguished-professor-of-science/eng/page/?page=prospective-students@[816, 885, 951, 2732, 2754, 2910, 2989, 3024, 3826, 3978, 4057, 4224, 6778, 6913, 7007, 7103, 7794, 7913]@{}
http://www.sci.hkbu.edu.hk/eng/about-us/dr-kennedy-wong-distinguished-visiting-professorship-scheme/eng/page/?page=prospective-students@[816, 885, 951, 2732, 2754, 2910, 2989, 3024, 3826, 3978, 4057, 4224, 6778, 6913, 7007, 7103, 7794, 7913]@{}
http://www.sci.hkbu.edu.hk/eng/page/eng/about-us/vision-mission@[816, 885, 951, 2732, 2754, 2910, 2989, 3024, 3826, 3978, 4057, 4224, 6778, 6913, 7007, 7103, 7794, 7913]@{}
http://www.sci.hkbu.edu.hk/eng/page/eng/about-us/faculty-advisory-committee@[816, 885, 951, 2732, 2754, 2910, 2989, 3024, 3826, 3978, 4057, 4224, 6778, 6913, 7007, 7103, 7794, 7913]@{}
http://www.sci.hkbu.edu.hk/eng@[816, 885, 951, 2732, 2754, 2910, 2989, 3024, 3826, 3978, 4057, 4224, 6778, 6913, 7007, 7103, 7794, 7913]@{}
http://www.sci.hkbu.edu.hk/eng/about-us/vision-mission@[816, 885, 951, 2440, 2475, 2516, 2549, 2646, 2983, 3018, 3137]@{}
http://www.sci.hkbu.edu.hk/eng/about-us/faculty-advisory-committee@[816, 885, 951, 2440, 2475, 2516, 2549, 3772, 3891]@{}
http://www.sci.hkbu.edu.hk/eng/about-us/vision-mission/eng/page/?page=prospective-students@[816, 885, 951, 2732, 2754, 2910, 2989, 3024, 3826, 3978, 4057, 4224, 6778, 6913, 7007, 7103, 7794, 7913]@{}
http://www.sci.hkbu.edu.hk/eng/about-us/faculty-advisory-committee/eng/page/?page=prospective-students@[816, 885, 951, 2732, 2754, 2910, 2989, 3024, 3826, 3978, 4057, 4224, 6778, 6913, 7007, 7103, 7794, 7913]@{}
http://www.sci.hkbu.edu.hk/eng/about-us/distinguished-professorship@[816, 885, 951, 2440, 2475, 2516, 2549, 2663, 2782]@{}
