http://www.comp.hkbu.edu.hk@[128]@[128]
https://www.comp.hkbu.edu.hk/v1/?page=job_vacancies@[180]@[180]
https://www.comp.hkbu.edu.hk/v1/?page=sitemap@[508]@[508]
https://www.comp.hkbu.edu.hk/v1/?page=home@[128]@[128]
https://www.comp.hkbu.edu.hk/v1/?page=whats_new@[125, 642, 1219, 2487, 3802, 3978, 3988, 4031]@[125, 642, 1219, 2487, 3802, 3978, 3988, 4031]
https://www.comp.hkbu.edu.hk/v1/?page=funded_projects@[114, 214]@[114, 214]
https://www.comp.hkbu.edu.hk/v1/?page=mscais@[64, 68, 129, 215, 217]@[64, 68, 129, 215, 217]
https://www.comp.hkbu.edu.hk/v1/?page=mscitm@[65, 69, 103, 189, 191]@[65, 69, 103, 189, 191]
https://www.comp.hkbu.edu.hk/v1/?pid=273@[64, 68, 129, 215, 217]@[64, 68, 129, 215, 217]
https://www.comp.hkbu.edu.hk/v1/?pid=95@[65, 69, 103, 189, 191]@[65, 69, 103, 189, 191]
https://www.comp.hkbu.edu.hk@[128]@[128]
https://www.comp.hkbu.edu.hk/msc/itm/en@[65, 69, 103, 189, 191]@[65, 69, 103, 189, 191]
https://www.comp.hkbu.edu.hk/v1/?page=news@[125, 642, 1219, 2487, 3802, 3978, 3988, 4031]@[125, 642, 1219, 2487, 3802, 3978, 3988, 4031]
https://www.comp.hkbu.edu.hk/v1/?page=events@[106, 321, 323, 338, 344, 364, 366, 372, 376, 500, 780, 783, 787, 882, 914, 917, 922, 928, 943, 960, 963, 992, 994, 1163, 1233, 1463, 1488, 1539, 1652, 1655, 1660, 1663, 1678, 1685, 1690, 1692, 2168, 2171, 2176, 2179, 2227, 2229, 2269, 2708, 2711, 2716, 2719, 2733, 2735, 2793, 2796, 2880, 2882, 3019, 3045, 3052, 3352, 3354, 3424, 3426, 3464, 3467, 3545, 3668, 3722, 4032, 4035, 4093, 4097, 4104, 4109, 4114, 4147, 4175, 4506, 4509, 4518, 4584, 4587, 4610, 4674, 4679, 4694, 4712, 4716, 4891, 4897, 4900, 4906, 4938, 5180, 5273, 5299, 5411, 5654, 5656, 5665, 5680, 6218, 6225, 6248, 6771, 6806, 6822, 6841]@[106, 321, 323, 338, 344, 364, 366, 372, 376, 500, 780, 783, 787, 882, 914, 917, 922, 928, 943, 960, 963, 992, 994, 1163, 1233, 1463, 1488, 1539, 1652, 1655, 1660, 1663, 1678, 1685, 1690, 1692, 2168, 2171, 2176, 2179, 2227, 2229, 2269, 2708, 2711, 2716, 2719, 2733, 2735, 2793, 2796, 2880, 2882, 3019, 3045, 3052, 3352, 3354, 3424, 3426, 3464, 3467, 3545, 3668, 3722, 4032, 4035, 4093, 4097, 4104, 4109, 4114, 4147, 4175, 4506, 4509, 4518, 4584, 4587, 4610, 4674, 4679, 4694, 4712, 4716, 4891, 4897, 4900, 4906, 4938, 5180, 5273, 5299, 5411, 5654, 5656, 5665, 5680, 6218, 6225, 6248, 6771, 6806, 6822, 6841]
https://www.comp.hkbu.edu.hk/v1/?page=career_wt@[0, 107, 111, 118, 121, 123, 164, 170, 189, 191, 231, 235]@[107, 111, 118, 121, 123, 164, 170, 189, 191, 231, 235]
https://forms.gle/DjStXN8kEpUVwTW38@[2, 8]@[]
https://www.hkstp.org/en/about-us/who-we-are@[748, 751, 757]@[748, 751, 757]
https://www.hkstp.org/about-us/who-we-are@[748, 751, 757]@[748, 751, 757]
