http://www.comp.hkbu.edu.hk/v1/?page=sci@[2068, 2100, 2135, 2181, 2189, 2194, 2206, 2210, 2213, 2225, 2256, 5104, 5148, 6063, 6074, 6083, 6175, 6486, 6510, 6534, 6696, 6734, 6743, 6747, 6750, 6760, 6823, 6844, 6853, 6856, 6900, 6939, 6942, 6950, 6994, 7032, 7040, 7043, 7090, 7130, 7133, 7139, 7163, 7308, 7327, 7364, 7389, 7395, 7398, 7426, 7449, 7452, 7457, 7486, 7491, 7500, 7515, 7518, 7531, 7533, 7538, 7541, 7559, 7561, 7566, 7569, 7581, 7583, 7588, 7591, 7593, 7598, 7659, 7666, 7706, 7757, 7767, 7770]@{}
http://www.sci.hkbu.edu.hk/eng/page/?page=prospective-students@[2068, 2100, 2135, 2181, 2189, 2194, 2206, 2210, 2213, 2225, 2256]@{}
http://www.sci.hkbu.edu.hk/eng/page/?page=current-students@[2068, 2100, 2135, 2181, 2189, 2194, 2206, 2210, 2213, 2225, 2256]@{}
http://www.sci.hkbu.edu.hk/eng/page/@[2068, 2100, 2135, 2181, 2189, 2194, 2206, 2210, 2213, 2225, 2256]@{}
http://www.sci.hkbu.edu.hk/eng/about-us/honorary-doctorate@[2068, 2100, 2135, 2181, 2189, 2194, 2206, 2210, 2213, 2225, 2256]@{}
http://www.sci.hkbu.edu.hk/eng/about-us/distinguished-professorship/eng/page/?page=prospective-students@[2068, 2100, 2135, 2181, 2189, 2194, 2206, 2210, 2213, 2225, 2256, 5104, 5148, 6063, 6074, 6083, 6175, 6486, 6510, 6534, 6696, 6734, 6743, 6747, 6750, 6760, 6823, 6844, 6853, 6856, 6900, 6939, 6942, 6950, 6994, 7032, 7040, 7043, 7090, 7130, 7133, 7139, 7163, 7308, 7327, 7364, 7389, 7395, 7398, 7426, 7449, 7452, 7457, 7486, 7491, 7500, 7515, 7518, 7531, 7533, 7538, 7541, 7559, 7561, 7566, 7569, 7581, 7583, 7588, 7591, 7593, 7598, 7659, 7666, 7706, 7757, 7767, 7770]@{}
http://www.sci.hkbu.edu.hk/eng/about-us/honorary-doctorate/eng/page/?page=prospective-students@[2068, 2100, 2135, 2181, 2189, 2194, 2206, 2210, 2213, 2225, 2256, 5104, 5148, 6063, 6074, 6083, 6175, 6486, 6510, 6534, 6696, 6734, 6743, 6747, 6750, 6760, 6823, 6844, 6853, 6856, 6900, 6939, 6942, 6950, 6994, 7032, 7040, 7043, 7090, 7130, 7133, 7139, 7163, 7308, 7327, 7364, 7389, 7395, 7398, 7426, 7449, 7452, 7457, 7486, 7491, 7500, 7515, 7518, 7531, 7533, 7538, 7541, 7559, 7561, 7566, 7569, 7581, 7583, 7588, 7591, 7593, 7598, 7659, 7666, 7706, 7757, 7767, 7770]@{}
http://www.sci.hkbu.edu.hk/eng/about-us/distinguished-professor-of-science@[2068, 2100, 2135, 2181, 2189, 2194, 2206, 2210, 2213, 2225, 2256]@{}
http://www.sci.hkbu.edu.hk/eng/about-us/dr-kennedy-wong-distinguished-visiting-professorship-scheme@[2068, 2100, 2135, 2181, 2189, 2194, 2206, 2210, 2213, 2225, 2256]@{}
http://www.sci.hkbu.edu.hk/eng/about-us/distinguished-professor-of-science/eng/page/?page=prospective-students@[2068, 2100, 2135, 2181, 2189, 2194, 2206, 2210, 2213, 2225, 2256, 5104, 5148, 6063, 6074, 6083, 6175, 6486, 6510, 6534, 6696, 6734, 6743, 6747, 6750, 6760, 6823, 6844, 6853, 6856, 6900, 6939, 6942, 6950, 6994, 7032, 7040, 7043, 7090, 7130, 7133, 7139, 7163, 7308, 7327, 7364, 7389, 7395, 7398, 7426, 7449, 7452, 7457, 7486, 7491, 7500, 7515, 7518, 7531, 7533, 7538, 7541, 7559, 7561, 7566, 7569, 7581, 7583, 7588, 7591, 7593, 7598, 7659, 7666, 7706, 7757, 7767, 7770]@{}
http://www.sci.hkbu.edu.hk/eng/about-us/dr-kennedy-wong-distinguished-visiting-professorship-scheme/eng/page/?page=prospective-students@[2068, 2100, 2135, 2181, 2189, 2194, 2206, 2210, 2213, 2225, 2256, 5104, 5148, 6063, 6074, 6083, 6175, 6486, 6510, 6534, 6696, 6734, 6743, 6747, 6750, 6760, 6823, 6844, 6853, 6856, 6900, 6939, 6942, 6950, 6994, 7032, 7040, 7043, 7090, 7130, 7133, 7139, 7163, 7308, 7327, 7364, 7389, 7395, 7398, 7426, 7449, 7452, 7457, 7486, 7491, 7500, 7515, 7518, 7531, 7533, 7538, 7541, 7559, 7561, 7566, 7569, 7581, 7583, 7588, 7591, 7593, 7598, 7659, 7666, 7706, 7757, 7767, 7770]@{}
http://www.sci.hkbu.edu.hk/eng/page/eng/about-us/vision-mission@[2068, 2100, 2135, 2181, 2189, 2194, 2206, 2210, 2213, 2225, 2256, 5104, 5148, 6063, 6074, 6083, 6175, 6486, 6510, 6534, 6696, 6734, 6743, 6747, 6750, 6760, 6823, 6844, 6853, 6856, 6900, 6939, 6942, 6950, 6994, 7032, 7040, 7043, 7090, 7130, 7133, 7139, 7163, 7308, 7327, 7364, 7389, 7395, 7398, 7426, 7449, 7452, 7457, 7486, 7491, 7500, 7515, 7518, 7531, 7533, 7538, 7541, 7559, 7561, 7566, 7569, 7581, 7583, 7588, 7591, 7593, 7598, 7659, 7666, 7706, 7757, 7767, 7770]@{}
http://www.sci.hkbu.edu.hk/eng/page/eng/about-us/faculty-advisory-committee@[2068, 2100, 2135, 2181, 2189, 2194, 2206, 2210, 2213, 2225, 2256, 5104, 5148, 6063, 6074, 6083, 6175, 6486, 6510, 6534, 6696, 6734, 6743, 6747, 6750, 6760, 6823, 6844, 6853, 6856, 6900, 6939, 6942, 6950, 6994, 7032, 7040, 7043, 7090, 7130, 7133, 7139, 7163, 7308, 7327, 7364, 7389, 7395, 7398, 7426, 7449, 7452, 7457, 7486, 7491, 7500, 7515, 7518, 7531, 7533, 7538, 7541, 7559, 7561, 7566, 7569, 7581, 7583, 7588, 7591, 7593, 7598, 7659, 7666, 7706, 7757, 7767, 7770]@{}
http://www.sci.hkbu.edu.hk/eng@[2068, 2100, 2135, 2181, 2189, 2194, 2206, 2210, 2213, 2225, 2256, 5104, 5148, 6063, 6074, 6083, 6175, 6486, 6510, 6534, 6696, 6734, 6743, 6747, 6750, 6760, 6823, 6844, 6853, 6856, 6900, 6939, 6942, 6950, 6994, 7032, 7040, 7043, 7090, 7130, 7133, 7139, 7163, 7308, 7327, 7364, 7389, 7395, 7398, 7426, 7449, 7452, 7457, 7486, 7491, 7500, 7515, 7518, 7531, 7533, 7538, 7541, 7559, 7561, 7566, 7569, 7581, 7583, 7588, 7591, 7593, 7598, 7659, 7666, 7706, 7757, 7767, 7770]@{}
http://www.sci.hkbu.edu.hk/eng/about-us/vision-mission@[2068, 2100, 2135, 2181, 2189, 2194, 2206, 2210, 2213, 2225, 2256]@{}
http://www.sci.hkbu.edu.hk/eng/about-us/faculty-advisory-committee@[2068, 2100, 2135, 2181, 2189, 2194, 2206, 2210, 2213, 2225, 2256]@{}
http://www.sci.hkbu.edu.hk/eng/about-us/vision-mission/eng/page/?page=prospective-students@[2068, 2100, 2135, 2181, 2189, 2194, 2206, 2210, 2213, 2225, 2256, 5104, 5148, 6063, 6074, 6083, 6175, 6486, 6510, 6534, 6696, 6734, 6743, 6747, 6750, 6760, 6823, 6844, 6853, 6856, 6900, 6939, 6942, 6950, 6994, 7032, 7040, 7043, 7090, 7130, 7133, 7139, 7163, 7308, 7327, 7364, 7389, 7395, 7398, 7426, 7449, 7452, 7457, 7486, 7491, 7500, 7515, 7518, 7531, 7533, 7538, 7541, 7559, 7561, 7566, 7569, 7581, 7583, 7588, 7591, 7593, 7598, 7659, 7666, 7706, 7757, 7767, 7770]@{}
http://www.sci.hkbu.edu.hk/eng/about-us/faculty-advisory-committee/eng/page/?page=prospective-students@[2068, 2100, 2135, 2181, 2189, 2194, 2206, 2210, 2213, 2225, 2256, 5104, 5148, 6063, 6074, 6083, 6175, 6486, 6510, 6534, 6696, 6734, 6743, 6747, 6750, 6760, 6823, 6844, 6853, 6856, 6900, 6939, 6942, 6950, 6994, 7032, 7040, 7043, 7090, 7130, 7133, 7139, 7163, 7308, 7327, 7364, 7389, 7395, 7398, 7426, 7449, 7452, 7457, 7486, 7491, 7500, 7515, 7518, 7531, 7533, 7538, 7541, 7559, 7561, 7566, 7569, 7581, 7583, 7588, 7591, 7593, 7598, 7659, 7666, 7706, 7757, 7767, 7770]@{}
http://www.sci.hkbu.edu.hk/eng/about-us/distinguished-professorship@[2068, 2100, 2135, 2181, 2189, 2194, 2206, 2210, 2213, 2225, 2256]@{}
