http://www.comp.hkbu.edu.hk/v1/?page=sci@[5012, 5040, 6758, 6759, 6858, 6859, 6955, 6956, 7048, 7049, 7144, 7145, 7362, 7406, 7418, 7424, 7425, 7451, 7517, 7544, 7545, 7547, 7548, 7601, 7602, 7604, 7606, 7618, 7621, 7626, 7665, 7698, 7705, 7713]@{}
http://www.sci.hkbu.edu.hk/eng/about-us/distinguished-professorship/eng/page/?page=prospective-students@[5012, 5040, 6758, 6759, 6858, 6859, 6955, 6956, 7048, 7049, 7144, 7145, 7362, 7406, 7418, 7424, 7425, 7451, 7517, 7544, 7545, 7547, 7548, 7601, 7602, 7604, 7606, 7618, 7621, 7626, 7665, 7698, 7705, 7713]@{}
http://www.sci.hkbu.edu.hk/eng/about-us/honorary-doctorate/eng/page/?page=prospective-students@[5012, 5040, 6758, 6759, 6858, 6859, 6955, 6956, 7048, 7049, 7144, 7145, 7362, 7406, 7418, 7424, 7425, 7451, 7517, 7544, 7545, 7547, 7548, 7601, 7602, 7604, 7606, 7618, 7621, 7626, 7665, 7698, 7705, 7713]@{}
http://www.sci.hkbu.edu.hk/eng/about-us/distinguished-professor-of-science/eng/page/?page=prospective-students@[5012, 5040, 6758, 6759, 6858, 6859, 6955, 6956, 7048, 7049, 7144, 7145, 7362, 7406, 7418, 7424, 7425, 7451, 7517, 7544, 7545, 7547, 7548, 7601, 7602, 7604, 7606, 7618, 7621, 7626, 7665, 7698, 7705, 7713]@{}
http://www.sci.hkbu.edu.hk/eng/about-us/dr-kennedy-wong-distinguished-visiting-professorship-scheme/eng/page/?page=prospective-students@[5012, 5040, 6758, 6759, 6858, 6859, 6955, 6956, 7048, 7049, 7144, 7145, 7362, 7406, 7418, 7424, 7425, 7451, 7517, 7544, 7545, 7547, 7548, 7601, 7602, 7604, 7606, 7618, 7621, 7626, 7665, 7698, 7705, 7713]@{}
http://www.sci.hkbu.edu.hk/eng/page/eng/about-us/vision-mission@[5012, 5040, 6758, 6759, 6858, 6859, 6955, 6956, 7048, 7049, 7144, 7145, 7362, 7406, 7418, 7424, 7425, 7451, 7517, 7544, 7545, 7547, 7548, 7601, 7602, 7604, 7606, 7618, 7621, 7626, 7665, 7698, 7705, 7713]@{}
http://www.sci.hkbu.edu.hk/eng/page/eng/about-us/faculty-advisory-committee@[5012, 5040, 6758, 6759, 6858, 6859, 6955, 6956, 7048, 7049, 7144, 7145, 7362, 7406, 7418, 7424, 7425, 7451, 7517, 7544, 7545, 7547, 7548, 7601, 7602, 7604, 7606, 7618, 7621, 7626, 7665, 7698, 7705, 7713]@{}
http://www.sci.hkbu.edu.hk/eng@[5012, 5040, 6758, 6759, 6858, 6859, 6955, 6956, 7048, 7049, 7144, 7145, 7362, 7406, 7418, 7424, 7425, 7451, 7517, 7544, 7545, 7547, 7548, 7601, 7602, 7604, 7606, 7618, 7621, 7626, 7665, 7698, 7705, 7713]@{}
http://www.sci.hkbu.edu.hk/eng/about-us/vision-mission/eng/page/?page=prospective-students@[5012, 5040, 6758, 6759, 6858, 6859, 6955, 6956, 7048, 7049, 7144, 7145, 7362, 7406, 7418, 7424, 7425, 7451, 7517, 7544, 7545, 7547, 7548, 7601, 7602, 7604, 7606, 7618, 7621, 7626, 7665, 7698, 7705, 7713]@{}
http://www.sci.hkbu.edu.hk/eng/about-us/faculty-advisory-committee/eng/page/?page=prospective-students@[5012, 5040, 6758, 6759, 6858, 6859, 6955, 6956, 7048, 7049, 7144, 7145, 7362, 7406, 7418, 7424, 7425, 7451, 7517, 7544, 7545, 7547, 7548, 7601, 7602, 7604, 7606, 7618, 7621, 7626, 7665, 7698, 7705, 7713]@{}
