http://www.comp.hkbu.edu.hk@[285, 738, 784, 838, 850, 872, 886, 915, 1375, 1463, 1655, 1725, 1758, 1802, 1859, 1863, 2410, 2422, 2434, 2446, 2508, 2625, 2726, 2760, 2972, 3358, 3444, 3507, 3582, 3664, 3730, 3822, 3855, 3863, 3887, 3933, 3976, 4017, 4058, 4096, 4236, 4238, 4269, 4286, 4303, 4321, 4331, 4348, 4363, 4373, 4390, 4406, 4416, 4433, 4450, 4460, 4477, 4495, 4541, 4581, 4594, 4871, 4912, 4940, 4950, 5012, 5083, 5089, 5102, 5576, 5589, 5630, 5658, 5671, 5709, 5743, 5809, 5818, 6073, 6115, 6123, 6150, 6160, 6182, 6242, 6264, 6319, 6341, 6418, 6443, 6462, 6510, 6569, 6629, 6656, 6666, 6736, 6820, 6890, 6908, 6920, 6932]@{}
http://www.comp.hkbu.edu.hk/v1/?page=sci@[642, 718, 977, 980, 1889, 1905, 2771, 2790, 2914, 2935, 2948, 2963, 2969, 3002, 3839, 3858, 3982, 4003, 4016, 4031, 4037, 4070, 4465, 4474, 5855, 6642]@{}
http://www.comp.hkbu.edu.hk/v1/?page=job_vacancies?=tc@[285, 738, 784, 838, 850, 872, 886, 915, 1375, 1463, 1655, 1725, 1758, 1802, 1859, 1863, 2410, 2422, 2434, 2446, 2508, 2625, 2726, 2760, 2978, 3364, 3450, 3513, 3588, 3670, 3736, 3828, 3861, 3869, 3893, 3939, 3982, 4023, 4064, 4102, 4242, 4244, 4275, 4292, 4309, 4327, 4337, 4354, 4369, 4379, 4396, 4412, 4422, 4439, 4456, 4466, 4483, 4501, 4547, 4587, 4600, 4867, 4908, 4936, 4946, 5008, 5079, 5085, 5098, 5572, 5585, 5626, 5654, 5667, 5705, 5739, 5805, 5814, 6069, 6111, 6119, 6146, 6156, 6178, 6226, 6248, 6303, 6325, 6397, 6422, 6441, 6489, 6548, 6608, 6635, 6645, 6723, 6796, 6866, 6884, 6896, 6908]@{}
http://www.comp.hkbu.edu.hk/v1/?page=job_vacancies?=sc@[285, 738, 784, 838, 850, 872, 886, 915, 1375, 1463, 1655, 1725, 1758, 1802, 1859, 1863, 2410, 2422, 2434, 2446, 2508, 2625, 2726, 2760, 2978, 3364, 3450, 3513, 3588, 3670, 3736, 3828, 3861, 3869, 3893, 3939, 3982, 4023, 4064, 4102, 4242, 4244, 4275, 4292, 4309, 4327, 4337, 4354, 4369, 4379, 4396, 4412, 4422, 4439, 4456, 4466, 4483, 4501, 4547, 4587, 4600, 4867, 4908, 4936, 4946, 5008, 5079, 5085, 5098, 5572, 5585, 5626, 5654, 5667, 5705, 5739, 5805, 5814, 6069, 6111, 6119, 6146, 6156, 6178, 6233, 6255, 6307, 6329, 6408, 6433, 6452, 6500, 6559, 6619, 6646, 6656, 6732, 6805, 6875, 6893, 6905, 6917]@{}
http://www.comp.hkbu.edu.hk/v1/?page=sitemap?=tc@[285, 738, 784, 838, 850, 872, 886, 915, 1375, 1463, 1655, 1725, 1758, 1802, 1859, 1863, 2410, 2422, 2434, 2446, 2508, 2625, 2726, 2760, 2978, 3364, 3450, 3513, 3588, 3670, 3736, 3828, 3861, 3869, 3893, 3939, 3982, 4023, 4064, 4102, 4241, 4243, 4274, 4291, 4308, 4326, 4336, 4353, 4368, 4378, 4395, 4411, 4421, 4438, 4455, 4465, 4482, 4500, 4546, 4586, 4599, 4863, 4904, 4932, 4942, 5004, 5075, 5081, 5094, 5568, 5581, 5622, 5650, 5663, 5701, 5735, 5801, 5810, 6065, 6107, 6115, 6142, 6152, 6174, 6228, 6250, 6306, 6328, 6400, 6425, 6444, 6492, 6551, 6611, 6638, 6648, 6726, 6808, 6878, 6896, 6908, 6920]@{}
http://www.comp.hkbu.edu.hk/v1/?page=sitemap?=sc@[285, 738, 784, 838, 850, 872, 886, 915, 1375, 1463, 1655, 1725, 1758, 1802, 1859, 1863, 2410, 2422, 2434, 2446, 2508, 2625, 2726, 2760, 2978, 3364, 3450, 3513, 3588, 3670, 3736, 3828, 3861, 3869, 3893, 3939, 3982, 4023, 4064, 4102, 4241, 4243, 4274, 4291, 4308, 4326, 4336, 4353, 4368, 4378, 4395, 4411, 4421, 4438, 4455, 4465, 4482, 4500, 4546, 4586, 4599, 4862, 4903, 4931, 4941, 5003, 5074, 5080, 5093, 5567, 5580, 5621, 5649, 5662, 5700, 5734, 5800, 5809, 6064, 6106, 6114, 6141, 6151, 6173, 6232, 6254, 6308, 6330, 6407, 6432, 6451, 6499, 6558, 6618, 6645, 6655, 6737, 6823, 6893, 6911, 6923, 6935]@{}
http://www.comp.hkbu.edu.hk/v1/?lang=sc@[285, 738, 784, 838, 850, 872, 886, 915, 1375, 1463, 1655, 1725, 1758, 1802, 1859, 1863, 2410, 2422, 2434, 2446, 2508, 2625, 2726, 2760, 2972, 3358, 3444, 3507, 3582, 3664, 3730, 3822, 3855, 3863, 3887, 3933, 3976, 4017, 4058, 4096, 4236, 4238, 4269, 4286, 4303, 4321, 4331, 4348, 4363, 4373, 4390, 4406, 4416, 4433, 4450, 4460, 4477, 4495, 4541, 4581, 4594, 4858, 4899, 4927, 4937, 4999, 5070, 5076, 5089, 5563, 5576, 5617, 5645, 5658, 5696, 5730, 5796, 5805, 6060, 6102, 6110, 6137, 6147, 6169, 6222, 6244, 6304, 6326, 6399, 6424, 6443, 6491, 6550, 6610, 6637, 6647, 6707, 6789, 6859, 6877, 6889, 6901]@{}
http://www.comp.hkbu.edu.hk/~alumni/news/../news/@[75, 106, 118, 129, 139, 193, 210, 236, 262, 298, 326, 364, 390, 418, 452, 478, 511, 543, 581, 731]@{}
http://www.comp.hkbu.edu.hk/~alumni/news/../scholarship/@[75, 106, 118, 129, 139, 193, 210, 236, 262, 298, 326, 364, 390, 418, 452, 478, 511, 543, 581]@{}
http://www.comp.hkbu.edu.hk/~alumni/news/../donation/@[75, 106, 118, 129, 139, 193, 210, 236, 262, 298, 326, 364, 390, 418, 452, 478, 511, 543, 581]@{}
http://www.comp.hkbu.edu.hk/v1/?page=job_vacancies?=tc?=tc@[285, 738, 784, 838, 850, 872, 886, 915, 1375, 1463, 1655, 1725, 1758, 1802, 1859, 1863, 2410, 2422, 2434, 2446, 2508, 2625, 2726, 2760, 2980, 3366, 3452, 3515, 3590, 3672, 3738, 3830, 3863, 3871, 3895, 3941, 3984, 4025, 4066, 4104, 4243, 4245, 4276, 4293, 4310, 4328, 4338, 4355, 4370, 4380, 4397, 4413, 4423, 4440, 4457, 4467, 4484, 4502, 4548, 4588, 4601, 4864, 4905, 4933, 4943, 5005, 5076, 5082, 5095, 5569, 5582, 5623, 5651, 5664, 5702, 5736, 5802, 5811, 6066, 6108, 6116, 6143, 6153, 6175, 6234, 6256, 6309, 6331, 6406, 6431, 6450, 6498, 6557, 6617, 6644, 6654, 6719, 6810, 6880, 6898, 6910, 6922]@{}
http://www.comp.hkbu.edu.hk/v1/?page=job_vacancies?=sc?=tc@[285, 738, 784, 838, 850, 872, 886, 915, 1375, 1463, 1655, 1725, 1758, 1802, 1859, 1863, 2410, 2422, 2434, 2446, 2508, 2625, 2726, 2760, 2980, 3366, 3452, 3515, 3590, 3672, 3738, 3830, 3863, 3871, 3895, 3941, 3984, 4025, 4066, 4104, 4243, 4245, 4276, 4293, 4310, 4328, 4338, 4355, 4370, 4380, 4397, 4413, 4423, 4440, 4457, 4467, 4484, 4502, 4548, 4588, 4601, 4874, 4915, 4943, 4953, 5015, 5086, 5092, 5105, 5579, 5592, 5633, 5661, 5674, 5712, 5746, 5812, 5821, 6076, 6118, 6126, 6153, 6163, 6185, 6240, 6262, 6321, 6343, 6425, 6450, 6469, 6517, 6576, 6636, 6663, 6673, 6750, 6839, 6909, 6927, 6939, 6951]@{}
http://www.comp.hkbu.edu.hk/v1/?page=sitemap?=tc?=tc@[285, 738, 784, 838, 850, 872, 886, 915, 1375, 1463, 1655, 1725, 1758, 1802, 1859, 1863, 2410, 2422, 2434, 2446, 2508, 2625, 2726, 2760, 2980, 3366, 3452, 3515, 3590, 3672, 3738, 3830, 3863, 3871, 3895, 3941, 3984, 4025, 4066, 4104, 4243, 4245, 4276, 4293, 4310, 4328, 4338, 4355, 4370, 4380, 4397, 4413, 4423, 4440, 4457, 4467, 4484, 4502, 4548, 4588, 4601, 4864, 4905, 4933, 4943, 5005, 5076, 5082, 5095, 5569, 5582, 5623, 5651, 5664, 5702, 5736, 5802, 5811, 6066, 6108, 6116, 6143, 6153, 6175, 6233, 6255, 6305, 6327, 6402, 6427, 6446, 6494, 6553, 6613, 6640, 6650, 6710, 6801, 6871, 6889, 6901, 6913]@{}
http://www.comp.hkbu.edu.hk/v1/?page=sitemap?=sc?=tc@[285, 738, 784, 838, 850, 872, 886, 915, 1375, 1463, 1655, 1725, 1758, 1802, 1859, 1863, 2410, 2422, 2434, 2446, 2508, 2625, 2726, 2760, 2980, 3366, 3452, 3515, 3590, 3672, 3738, 3830, 3863, 3871, 3895, 3941, 3984, 4025, 4066, 4104, 4243, 4245, 4276, 4293, 4310, 4328, 4338, 4355, 4370, 4380, 4397, 4413, 4423, 4440, 4457, 4467, 4484, 4502, 4548, 4588, 4601, 4878, 4919, 4947, 4957, 5019, 5090, 5096, 5109, 5583, 5596, 5637, 5665, 5678, 5716, 5750, 5816, 5825, 6080, 6122, 6130, 6157, 6167, 6189, 6249, 6271, 6319, 6341, 6419, 6444, 6463, 6511, 6570, 6630, 6657, 6667, 6742, 6828, 6898, 6916, 6928, 6940]@{}
http://www.comp.hkbu.edu.hk/v1/?page=home@[285, 738, 784, 838, 850, 872, 886, 915, 1375, 1463, 1655, 1725, 1758, 1802, 1859, 1863, 2410, 2422, 2434, 2446, 2508, 2625, 2726, 2760, 2976, 3362, 3448, 3511, 3586, 3668, 3734, 3826, 3859, 3867, 3891, 3937, 3980, 4021, 4062, 4100, 4239, 4241, 4272, 4289, 4306, 4324, 4334, 4351, 4366, 4376, 4393, 4409, 4419, 4436, 4453, 4463, 4480, 4498, 4544, 4584, 4597, 4856, 4897, 4925, 4935, 4997, 5068, 5074, 5087, 5561, 5574, 5615, 5643, 5656, 5694, 5728, 5794, 5803, 6058, 6100, 6108, 6135, 6145, 6167, 6220, 6242, 6300, 6322, 6395, 6420, 6439, 6487, 6546, 6606, 6633, 6643, 6715, 6793, 6863, 6881, 6893, 6905]@{}
http://www.comp.hkbu.edu.hk/~alumni/news/../news/../news/@[75, 106, 118, 129, 139, 193, 210, 236, 262, 298, 326, 364, 390, 418, 452, 478, 511, 543, 581, 731]@{}
http://www.comp.hkbu.edu.hk/~alumni/news/../scholarship/../news/@[75, 106, 118, 129, 139, 193, 210, 236, 262, 298, 326, 364, 390, 418, 452, 478, 511, 543, 581, 731]@{}
http://www.comp.hkbu.edu.hk/~alumni/news/../donation/../news/@[75, 106, 118, 129, 139, 193, 210, 236, 262, 298, 326, 364, 390, 418, 452, 478, 511, 543, 581, 731]@{}
http://www.comp.hkbu.edu.hk/v1/?page=job_vacancies?=tc?=tc?=tc@[285, 738, 784, 838, 850, 872, 886, 915, 1375, 1463, 1655, 1725, 1758, 1802, 1859, 1863, 2410, 2422, 2434, 2446, 2508, 2625, 2726, 2760, 2982, 3368, 3454, 3517, 3592, 3674, 3740, 3832, 3865, 3873, 3897, 3943, 3986, 4027, 4068, 4106, 4246, 4248, 4279, 4296, 4313, 4331, 4341, 4358, 4373, 4383, 4400, 4416, 4426, 4443, 4460, 4470, 4487, 4505, 4551, 4591, 4604, 4878, 4919, 4947, 4957, 5019, 5090, 5096, 5109, 5583, 5596, 5637, 5665, 5678, 5716, 5750, 5816, 5825, 6080, 6122, 6130, 6157, 6167, 6189, 6244, 6266, 6323, 6345, 6422, 6447, 6466, 6514, 6573, 6633, 6660, 6670, 6746, 6836, 6906, 6924, 6936, 6948]@{}
http://www.comp.hkbu.edu.hk/v1/?page=job_vacancies?=sc?=tc?=tc@[285, 738, 784, 838, 850, 872, 886, 915, 1375, 1463, 1655, 1725, 1758, 1802, 1859, 1863, 2410, 2422, 2434, 2446, 2508, 2625, 2726, 2760, 2982, 3368, 3454, 3517, 3592, 3674, 3740, 3832, 3865, 3873, 3897, 3943, 3986, 4027, 4068, 4106, 4245, 4247, 4278, 4295, 4312, 4330, 4340, 4357, 4372, 4382, 4399, 4415, 4425, 4442, 4459, 4469, 4486, 4504, 4550, 4590, 4603, 4862, 4903, 4931, 4941, 5003, 5074, 5080, 5093, 5567, 5580, 5621, 5649, 5662, 5700, 5734, 5800, 5809, 6064, 6106, 6114, 6141, 6151, 6173, 6232, 6254, 6305, 6327, 6407, 6432, 6451, 6499, 6558, 6618, 6645, 6655, 6715, 6805, 6875, 6893, 6905, 6917]@{}
http://www.comp.hkbu.edu.hk/v1/?page=sitemap?=tc?=tc?=tc@[285, 738, 784, 838, 850, 872, 886, 915, 1375, 1463, 1655, 1725, 1758, 1802, 1859, 1863, 2410, 2422, 2434, 2446, 2508, 2625, 2726, 2760, 2982, 3368, 3454, 3517, 3592, 3674, 3740, 3832, 3865, 3873, 3897, 3943, 3986, 4027, 4068, 4106, 4246, 4248, 4279, 4296, 4313, 4331, 4341, 4358, 4373, 4383, 4400, 4416, 4426, 4443, 4460, 4470, 4487, 4505, 4551, 4591, 4604, 4868, 4909, 4937, 4947, 5009, 5080, 5086, 5099, 5573, 5586, 5627, 5655, 5668, 5706, 5740, 5806, 5815, 6070, 6112, 6120, 6147, 6157, 6179, 6238, 6260, 6320, 6342, 6414, 6439, 6458, 6506, 6565, 6625, 6652, 6662, 6738, 6833, 6903, 6921, 6933, 6945]@{}
http://www.comp.hkbu.edu.hk/v1/?page=sitemap?=sc?=tc?=tc@[285, 738, 784, 838, 850, 872, 886, 915, 1375, 1463, 1655, 1725, 1758, 1802, 1859, 1863, 2410, 2422, 2434, 2446, 2508, 2625, 2726, 2760, 2982, 3368, 3454, 3517, 3592, 3674, 3740, 3832, 3865, 3873, 3897, 3943, 3986, 4027, 4068, 4106, 4246, 4248, 4279, 4296, 4313, 4331, 4341, 4358, 4373, 4383, 4400, 4416, 4426, 4443, 4460, 4470, 4487, 4505, 4551, 4591, 4604, 4871, 4912, 4940, 4950, 5012, 5083, 5089, 5102, 5576, 5589, 5630, 5658, 5671, 5709, 5743, 5809, 5818, 6073, 6115, 6123, 6150, 6160, 6182, 6242, 6264, 6318, 6340, 6415, 6440, 6459, 6507, 6566, 6626, 6653, 6663, 6745, 6836, 6906, 6924, 6936, 6948]@{}
http://www.comp.hkbu.edu.hk/v1/?page=home?=tc@[285, 738, 784, 838, 850, 872, 886, 915, 1375, 1463, 1655, 1725, 1758, 1802, 1859, 1863, 2410, 2422, 2434, 2446, 2508, 2625, 2726, 2760, 2978, 3364, 3450, 3513, 3588, 3670, 3736, 3828, 3861, 3869, 3893, 3939, 3982, 4023, 4064, 4102, 4241, 4243, 4274, 4291, 4308, 4326, 4336, 4353, 4368, 4378, 4395, 4411, 4421, 4438, 4455, 4465, 4482, 4500, 4546, 4586, 4599, 4866, 4907, 4935, 4945, 5007, 5078, 5084, 5097, 5571, 5584, 5625, 5653, 5666, 5704, 5738, 5804, 5813, 6068, 6110, 6118, 6145, 6155, 6177, 6231, 6253, 6313, 6335, 6411, 6436, 6455, 6503, 6562, 6622, 6649, 6659, 6736, 6821, 6891, 6909, 6921, 6933]@{}
http://www.comp.hkbu.edu.hk/~alumni/news/../news/../news/../news/@[75, 106, 118, 129, 139, 193, 210, 236, 262, 298, 326, 364, 390, 418, 452, 478, 511, 543, 581, 731]@{}
http://www.comp.hkbu.edu.hk/~alumni/news/../scholarship/../news/../news/@[75, 106, 118, 129, 139, 193, 210, 236, 262, 298, 326, 364, 390, 418, 452, 478, 511, 543, 581, 731]@{}
http://www.comp.hkbu.edu.hk/~alumni/news/../donation/../news/../news/@[75, 106, 118, 129, 139, 193, 210, 236, 262, 298, 326, 364, 390, 418, 452, 478, 511, 543, 581, 731]@{}
http://www.comp.hkbu.edu.hk/v1/?page=job_vacancies?=tc?=tc?=tc?=tc@[285, 738, 784, 838, 850, 872, 886, 915, 1375, 1463, 1655, 1725, 1758, 1802, 1859, 1863, 2410, 2422, 2434, 2446, 2508, 2625, 2726, 2760, 2984, 3370, 3456, 3519, 3594, 3676, 3742, 3834, 3867, 3875, 3899, 3945, 3988, 4029, 4070, 4108, 4248, 4250, 4281, 4298, 4315, 4333, 4343, 4360, 4375, 4385, 4402, 4418, 4428, 4445, 4462, 4472, 4489, 4507, 4553, 4593, 4606, 4879, 4920, 4948, 4958, 5020, 5091, 5097, 5110, 5584, 5597, 5638, 5666, 5679, 5717, 5751, 5817, 5826, 6081, 6123, 6131, 6158, 6168, 6190, 6247, 6269, 6324, 6346, 6419, 6444, 6463, 6511, 6570, 6630, 6657, 6667, 6733, 6816, 6886, 6904, 6916, 6928]@{}
http://www.comp.hkbu.edu.hk/v1/?page=job_vacancies?=sc?=tc?=tc?=tc@[285, 738, 784, 838, 850, 872, 886, 915, 1375, 1463, 1655, 1725, 1758, 1802, 1859, 1863, 2410, 2422, 2434, 2446, 2508, 2625, 2726, 2760, 2984, 3370, 3456, 3519, 3594, 3676, 3742, 3834, 3867, 3875, 3899, 3945, 3988, 4029, 4070, 4108, 4248, 4250, 4281, 4298, 4315, 4333, 4343, 4360, 4375, 4385, 4402, 4418, 4428, 4445, 4462, 4472, 4489, 4507, 4553, 4593, 4606, 4880, 4921, 4949, 4959, 5021, 5092, 5098, 5111, 5585, 5598, 5639, 5667, 5680, 5718, 5752, 5818, 5827, 6082, 6124, 6132, 6159, 6169, 6191, 6244, 6266, 6314, 6336, 6412, 6437, 6456, 6504, 6563, 6623, 6650, 6660, 6731, 6804, 6874, 6892, 6904, 6916]@{}
http://www.comp.hkbu.edu.hk/v1/?page=sitemap?=tc?=tc?=tc?=tc@[285, 738, 784, 838, 850, 872, 886, 915, 1375, 1463, 1655, 1725, 1758, 1802, 1859, 1863, 2410, 2422, 2434, 2446, 2508, 2625, 2726, 2760, 2984, 3370, 3456, 3519, 3594, 3676, 3742, 3834, 3867, 3875, 3899, 3945, 3988, 4029, 4070, 4108, 4247, 4249, 4280, 4297, 4314, 4332, 4342, 4359, 4374, 4384, 4401, 4417, 4427, 4444, 4461, 4471, 4488, 4506, 4552, 4592, 4605, 4868, 4909, 4937, 4947, 5009, 5080, 5086, 5099, 5573, 5586, 5627, 5655, 5668, 5706, 5740, 5806, 5815, 6070, 6112, 6120, 6147, 6157, 6179, 6236, 6258, 6312, 6334, 6413, 6438, 6457, 6505, 6564, 6624, 6651, 6661, 6731, 6822, 6892, 6910, 6922, 6934]@{}
http://www.comp.hkbu.edu.hk/v1/?page=sitemap?=sc?=tc?=tc?=tc@[285, 738, 784, 838, 850, 872, 886, 915, 1375, 1463, 1655, 1725, 1758, 1802, 1859, 1863, 2410, 2422, 2434, 2446, 2508, 2625, 2726, 2760, 2984, 3370, 3456, 3519, 3594, 3676, 3742, 3834, 3867, 3875, 3899, 3945, 3988, 4029, 4070, 4108, 4247, 4249, 4280, 4297, 4314, 4332, 4342, 4359, 4374, 4384, 4401, 4417, 4427, 4444, 4461, 4471, 4488, 4506, 4552, 4592, 4605, 4879, 4920, 4948, 4958, 5020, 5091, 5097, 5110, 5584, 5597, 5638, 5666, 5679, 5717, 5751, 5817, 5826, 6081, 6123, 6131, 6158, 6168, 6190, 6247, 6269, 6328, 6350, 6424, 6449, 6468, 6516, 6575, 6635, 6662, 6672, 6745, 6830, 6900, 6918, 6930, 6942]@{}
http://www.comp.hkbu.edu.hk/v1/?page=home?=tc?=tc@[285, 738, 784, 838, 850, 872, 886, 915, 1375, 1463, 1655, 1725, 1758, 1802, 1859, 1863, 2410, 2422, 2434, 2446, 2508, 2625, 2726, 2760, 2980, 3366, 3452, 3515, 3590, 3672, 3738, 3830, 3863, 3871, 3895, 3941, 3984, 4025, 4066, 4104, 4243, 4245, 4276, 4293, 4310, 4328, 4338, 4355, 4370, 4380, 4397, 4413, 4423, 4440, 4457, 4467, 4484, 4502, 4548, 4588, 4601, 4868, 4909, 4937, 4947, 5009, 5080, 5086, 5099, 5573, 5586, 5627, 5655, 5668, 5706, 5740, 5806, 5815, 6070, 6112, 6120, 6147, 6157, 6179, 6239, 6261, 6320, 6342, 6417, 6442, 6461, 6509, 6568, 6628, 6655, 6665, 6725, 6804, 6874, 6892, 6904, 6916]@{}
http://www.comp.hkbu.edu.hk/~alumni/news/../news/../news/../news/../news/@[75, 106, 118, 129, 139, 193, 210, 236, 262, 298, 326, 364, 390, 418, 452, 478, 511, 543, 581, 731]@{}
http://www.comp.hkbu.edu.hk/v1/?page=alumni@[49, 81, 93, 105, 123, 136]@{}
http://www.comp.hkbu.edu.hk/~alumni/news/../scholarship/../news/../news/../news/@[75, 106, 118, 129, 139, 193, 210, 236, 262, 298, 326, 364, 390, 418, 452, 478, 511, 543, 581, 731]@{}
http://www.comp.hkbu.edu.hk/~alumni/news/../donation/../news/../news/../news/@[75, 106, 118, 129, 139, 193, 210, 236, 262, 298, 326, 364, 390, 418, 452, 478, 511, 543, 581, 731]@{}
http://www.comp.hkbu.edu.hk/v1/?page=job_vacancies?=tc?=tc?=tc?=tc?=tc@[285, 738, 784, 838, 850, 872, 886, 915, 1375, 1463, 1655, 1725, 1758, 1802, 1859, 1863, 2410, 2422, 2434, 2446, 2508, 2625, 2726, 2760, 2986, 3372, 3458, 3521, 3596, 3678, 3744, 3836, 3869, 3877, 3901, 3947, 3990, 4031, 4072, 4110, 4250, 4252, 4283, 4300, 4317, 4335, 4345, 4362, 4377, 4387, 4404, 4420, 4430, 4447, 4464, 4474, 4491, 4509, 4555, 4595, 4608, 4882, 4923, 4951, 4961, 5023, 5094, 5100, 5113, 5587, 5600, 5641, 5669, 5682, 5720, 5754, 5820, 5829, 6084, 6126, 6134, 6161, 6171, 6193, 6248, 6270, 6324, 6346, 6421, 6446, 6465, 6513, 6572, 6632, 6659, 6669, 6738, 6811, 6881, 6899, 6911, 6923]@{}
http://www.comp.hkbu.edu.hk/v1/?page=job_vacancies?=sc?=tc?=tc?=tc?=tc@[285, 738, 784, 838, 850, 872, 886, 915, 1375, 1463, 1655, 1725, 1758, 1802, 1859, 1863, 2410, 2422, 2434, 2446, 2508, 2625, 2726, 2760, 2986, 3372, 3458, 3521, 3596, 3678, 3744, 3836, 3869, 3877, 3901, 3947, 3990, 4031, 4072, 4110, 4249, 4251, 4282, 4299, 4316, 4334, 4344, 4361, 4376, 4386, 4403, 4419, 4429, 4446, 4463, 4473, 4490, 4508, 4554, 4594, 4607, 4867, 4908, 4936, 4946, 5008, 5079, 5085, 5098, 5572, 5585, 5626, 5654, 5667, 5705, 5739, 5805, 5814, 6069, 6111, 6119, 6146, 6156, 6178, 6235, 6257, 6316, 6338, 6417, 6442, 6461, 6509, 6568, 6628, 6655, 6665, 6731, 6813, 6883, 6901, 6913, 6925]@{}
http://www.comp.hkbu.edu.hk/v1/?page=sitemap?=tc?=tc?=tc?=tc?=tc@[285, 738, 784, 838, 850, 872, 886, 915, 1375, 1463, 1655, 1725, 1758, 1802, 1859, 1863, 2410, 2422, 2434, 2446, 2508, 2625, 2726, 2760, 2986, 3372, 3458, 3521, 3596, 3678, 3744, 3836, 3869, 3877, 3901, 3947, 3990, 4031, 4072, 4110, 4250, 4252, 4283, 4300, 4317, 4335, 4345, 4362, 4377, 4387, 4404, 4420, 4430, 4447, 4464, 4474, 4491, 4509, 4555, 4595, 4608, 4875, 4916, 4944, 4954, 5016, 5087, 5093, 5106, 5580, 5593, 5634, 5662, 5675, 5713, 5747, 5813, 5822, 6077, 6119, 6127, 6154, 6164, 6186, 6237, 6259, 6318, 6340, 6417, 6442, 6461, 6509, 6568, 6628, 6655, 6665, 6745, 6833, 6903, 6921, 6933, 6945]@{}
http://www.comp.hkbu.edu.hk/v1/?page=sitemap?=sc?=tc?=tc?=tc?=tc@[285, 738, 784, 838, 850, 872, 886, 915, 1375, 1463, 1655, 1725, 1758, 1802, 1859, 1863, 2410, 2422, 2434, 2446, 2508, 2625, 2726, 2760, 2986, 3372, 3458, 3521, 3596, 3678, 3744, 3836, 3869, 3877, 3901, 3947, 3990, 4031, 4072, 4110, 4249, 4251, 4282, 4299, 4316, 4334, 4344, 4361, 4376, 4386, 4403, 4419, 4429, 4446, 4463, 4473, 4490, 4508, 4554, 4594, 4607, 4881, 4922, 4950, 4960, 5022, 5093, 5099, 5112, 5586, 5599, 5640, 5668, 5681, 5719, 5753, 5819, 5828, 6083, 6125, 6133, 6160, 6170, 6192, 6251, 6273, 6325, 6347, 6425, 6450, 6469, 6517, 6576, 6636, 6663, 6673, 6733, 6818, 6888, 6906, 6918, 6930]@{}
http://www.comp.hkbu.edu.hk/v1/?page=home?=tc?=tc?=tc@[285, 738, 784, 838, 850, 872, 886, 915, 1375, 1463, 1655, 1725, 1758, 1802, 1859, 1863, 2410, 2422, 2434, 2446, 2508, 2625, 2726, 2760, 2982, 3368, 3454, 3517, 3592, 3674, 3740, 3832, 3865, 3873, 3897, 3943, 3986, 4027, 4068, 4106, 4245, 4247, 4278, 4295, 4312, 4330, 4340, 4357, 4372, 4382, 4399, 4415, 4425, 4442, 4459, 4469, 4486, 4504, 4550, 4590, 4603, 4866, 4907, 4935, 4945, 5007, 5078, 5084, 5097, 5571, 5584, 5625, 5653, 5666, 5704, 5738, 5804, 5813, 6068, 6110, 6118, 6145, 6155, 6177, 6236, 6258, 6312, 6334, 6415, 6440, 6459, 6507, 6566, 6626, 6653, 6663, 6723, 6818, 6888, 6906, 6918, 6930]@{}
http://www.comp.hkbu.edu.hk/~alumni/news/../news/../news/../news/../news/../news/@[75, 106, 118, 129, 139, 193, 210, 236, 262, 298, 326, 364, 390, 418, 452, 478, 511, 543, 581, 731]@{}
http://www.comp.hkbu.edu.hk/~alumni/news/../scholarship/../news/../news/../news/../news/@[75, 106, 118, 129, 139, 193, 210, 236, 262, 298, 326, 364, 390, 418, 452, 478, 511, 543, 581, 731]@{}
http://www.comp.hkbu.edu.hk/~alumni/news/../donation/../news/../news/../news/../news/@[75, 106, 118, 129, 139, 193, 210, 236, 262, 298, 326, 364, 390, 418, 452, 478, 511, 543, 581, 731]@{}
http://www.comp.hkbu.edu.hk/v1/?page=job_vacancies@[286, 332, 386, 398, 420, 434, 463, 923, 1011, 1203, 1273, 1306, 1350, 1407, 1411, 1958, 1970, 1982, 1994, 2056, 2173, 2274, 2308, 2524, 2910, 2996, 3059, 3134, 3216, 3282, 3374, 3407, 3415, 3439, 3485, 3528, 3569, 3610, 3648, 3788, 3790, 3821, 3838, 3855, 3873, 3883, 3900, 3915, 3925, 3942, 3958, 3968, 3985, 4002, 4012, 4029, 4047, 4093, 4322, 4331, 4401, 4419, 4431, 4443]@{}
http://www.comp.hkbu.edu.hk/v1/?page=job_vacancies?=tc?=tc?=tc?=tc?=tc?=tc@[285, 738, 784, 838, 850, 872, 886, 915, 1375, 1463, 1655, 1725, 1758, 1802, 1859, 1863, 2410, 2422, 2434, 2446, 2508, 2625, 2726, 2760, 2988, 3374, 3460, 3523, 3598, 3680, 3746, 3838, 3871, 3879, 3903, 3949, 3992, 4033, 4074, 4112, 4252, 4254, 4285, 4302, 4319, 4337, 4347, 4364, 4379, 4389, 4406, 4422, 4432, 4449, 4466, 4476, 4493, 4511, 4557, 4597, 4610, 4870, 4911, 4939, 4949, 5011, 5082, 5088, 5101, 5575, 5588, 5629, 5657, 5670, 5708, 5742, 5808, 5817, 6072, 6114, 6122, 6149, 6159, 6181, 6240, 6262, 6317, 6339, 6415, 6440, 6459, 6507, 6566, 6626, 6653, 6663, 6723, 6808, 6878, 6896, 6908, 6920]@{}
http://www.comp.hkbu.edu.hk/v1/?page=job_vacancies?=sc?=tc?=tc?=tc?=tc?=tc@[285, 738, 784, 838, 850, 872, 886, 915, 1375, 1463, 1655, 1725, 1758, 1802, 1859, 1863, 2410, 2422, 2434, 2446, 2508, 2625, 2726, 2760, 2988, 3374, 3460, 3523, 3598, 3680, 3746, 3838, 3871, 3879, 3903, 3949, 3992, 4033, 4074, 4112, 4251, 4253, 4284, 4301, 4318, 4336, 4346, 4363, 4378, 4388, 4405, 4421, 4431, 4448, 4465, 4475, 4492, 4510, 4556, 4596, 4609, 4869, 4910, 4938, 4948, 5010, 5081, 5087, 5100, 5574, 5587, 5628, 5656, 5669, 5707, 5741, 5807, 5816, 6071, 6113, 6121, 6148, 6158, 6180, 6238, 6260, 6319, 6341, 6423, 6448, 6467, 6515, 6574, 6634, 6661, 6671, 6740, 6835, 6905, 6923, 6935, 6947]@{}
http://www.comp.hkbu.edu.hk/v1/?page=sitemap?=tc?=tc?=tc?=tc?=tc?=tc@[285, 738, 784, 838, 850, 872, 886, 915, 1375, 1463, 1655, 1725, 1758, 1802, 1859, 1863, 2410, 2422, 2434, 2446, 2508, 2625, 2726, 2760, 2988, 3374, 3460, 3523, 3598, 3680, 3746, 3838, 3871, 3879, 3903, 3949, 3992, 4033, 4074, 4112, 4251, 4253, 4284, 4301, 4318, 4336, 4346, 4363, 4378, 4388, 4405, 4421, 4431, 4448, 4465, 4475, 4492, 4510, 4556, 4596, 4609, 4873, 4914, 4942, 4952, 5014, 5085, 5091, 5104, 5578, 5591, 5632, 5660, 5673, 5711, 5745, 5811, 5820, 6075, 6117, 6125, 6152, 6162, 6184, 6241, 6263, 6313, 6335, 6412, 6437, 6456, 6504, 6563, 6623, 6650, 6660, 6732, 6825, 6895, 6913, 6925, 6937]@{}
http://www.comp.hkbu.edu.hk/v1/?page=sitemap?=sc?=tc?=tc?=tc?=tc?=tc@[285, 738, 784, 838, 850, 872, 886, 915, 1375, 1463, 1655, 1725, 1758, 1802, 1859, 1863, 2410, 2422, 2434, 2446, 2508, 2625, 2726, 2760, 2988, 3374, 3460, 3523, 3598, 3680, 3746, 3838, 3871, 3879, 3903, 3949, 3992, 4033, 4074, 4112, 4252, 4254, 4285, 4302, 4319, 4337, 4347, 4364, 4379, 4389, 4406, 4422, 4432, 4449, 4466, 4476, 4493, 4511, 4557, 4597, 4610, 4891, 4932, 4960, 4970, 5032, 5103, 5109, 5122, 5596, 5609, 5650, 5678, 5691, 5729, 5763, 5829, 5838, 6093, 6135, 6143, 6170, 6180, 6202, 6262, 6284, 6332, 6354, 6431, 6456, 6475, 6523, 6582, 6642, 6669, 6679, 6745, 6835, 6905, 6923, 6935, 6947]@{}
http://www.comp.hkbu.edu.hk/v1/?page=home?=tc?=tc?=tc?=tc@[285, 738, 784, 838, 850, 872, 886, 915, 1375, 1463, 1655, 1725, 1758, 1802, 1859, 1863, 2410, 2422, 2434, 2446, 2508, 2625, 2726, 2760, 2984, 3370, 3456, 3519, 3594, 3676, 3742, 3834, 3867, 3875, 3899, 3945, 3988, 4029, 4070, 4108, 4248, 4250, 4281, 4298, 4315, 4333, 4343, 4360, 4375, 4385, 4402, 4418, 4428, 4445, 4462, 4472, 4489, 4507, 4553, 4593, 4606, 4872, 4913, 4941, 4951, 5013, 5084, 5090, 5103, 5577, 5590, 5631, 5659, 5672, 5710, 5744, 5810, 5819, 6074, 6116, 6124, 6151, 6161, 6183, 6240, 6262, 6315, 6337, 6413, 6438, 6457, 6505, 6564, 6624, 6651, 6661, 6734, 6819, 6889, 6907, 6919, 6931]@{}
http://www.comp.hkbu.edu.hk/~alumni/news/../news/../news/../news/../news/../news/../news/@[75, 106, 118, 129, 139, 193, 210, 236, 262, 298, 326, 364, 390, 418, 452, 478, 511, 543, 581, 731]@{}
http://www.comp.hkbu.edu.hk/~alumni/news/../scholarship/../news/../news/../news/../news/../news/@[75, 106, 118, 129, 139, 193, 210, 236, 262, 298, 326, 364, 390, 418, 452, 478, 511, 543, 581, 731]@{}
http://www.comp.hkbu.edu.hk/~alumni/news/../donation/../news/../news/../news/../news/../news/@[75, 106, 118, 129, 139, 193, 210, 236, 262, 298, 326, 364, 390, 418, 452, 478, 511, 543, 581, 731]@{}
http://www.comp.hkbu.edu.hk/v1/?page=job_vacancies?=tc?=tc?=tc?=tc?=tc?=tc?=tc@[285, 738, 784, 838, 850, 872, 886, 915, 1375, 1463, 1655, 1725, 1758, 1802, 1859, 1863, 2410, 2422, 2434, 2446, 2508, 2625, 2726, 2760, 2990, 3376, 3462, 3525, 3600, 3682, 3748, 3840, 3873, 3881, 3905, 3951, 3994, 4035, 4076, 4114, 4254, 4256, 4287, 4304, 4321, 4339, 4349, 4366, 4381, 4391, 4408, 4424, 4434, 4451, 4468, 4478, 4495, 4513, 4559, 4599, 4612, 4874, 4915, 4943, 4953, 5015, 5086, 5092, 5105, 5579, 5592, 5633, 5661, 5674, 5712, 5746, 5812, 5821, 6076, 6118, 6126, 6153, 6163, 6185, 6244, 6266, 6319, 6341, 6411, 6436, 6455, 6503, 6562, 6622, 6649, 6659, 6719, 6807, 6877, 6895, 6907, 6919]@{}
http://www.comp.hkbu.edu.hk/v1/?page=job_vacancies?=sc?=tc?=tc?=tc?=tc?=tc?=tc@[285, 738, 784, 838, 850, 872, 886, 915, 1375, 1463, 1655, 1725, 1758, 1802, 1859, 1863, 2410, 2422, 2434, 2446, 2508, 2625, 2726, 2760, 2990, 3376, 3462, 3525, 3600, 3682, 3748, 3840, 3873, 3881, 3905, 3951, 3994, 4035, 4076, 4114, 4254, 4256, 4287, 4304, 4321, 4339, 4349, 4366, 4381, 4391, 4408, 4424, 4434, 4451, 4468, 4478, 4495, 4513, 4559, 4599, 4612, 4871, 4912, 4940, 4950, 5012, 5083, 5089, 5102, 5576, 5589, 5630, 5658, 5671, 5709, 5743, 5809, 5818, 6073, 6115, 6123, 6150, 6160, 6182, 6239, 6261, 6312, 6334, 6411, 6436, 6455, 6503, 6562, 6622, 6649, 6659, 6741, 6827, 6897, 6915, 6927, 6939]@{}
http://www.comp.hkbu.edu.hk/v1/?page=sitemap?=tc?=tc?=tc?=tc?=tc?=tc?=tc@[285, 738, 784, 838, 850, 872, 886, 915, 1375, 1463, 1655, 1725, 1758, 1802, 1859, 1863, 2410, 2422, 2434, 2446, 2508, 2625, 2726, 2760, 2990, 3376, 3462, 3525, 3600, 3682, 3748, 3840, 3873, 3881, 3905, 3951, 3994, 4035, 4076, 4114, 4253, 4255, 4286, 4303, 4320, 4338, 4348, 4365, 4380, 4390, 4407, 4423, 4433, 4450, 4467, 4477, 4494, 4512, 4558, 4598, 4611, 4873, 4914, 4942, 4952, 5014, 5085, 5091, 5104, 5578, 5591, 5632, 5660, 5673, 5711, 5745, 5811, 5820, 6075, 6117, 6125, 6152, 6162, 6184, 6237, 6259, 6310, 6332, 6408, 6433, 6452, 6500, 6559, 6619, 6646, 6656, 6716, 6807, 6877, 6895, 6907, 6919]@{}
http://www.comp.hkbu.edu.hk/v1/?page=sitemap?=sc?=tc?=tc?=tc?=tc?=tc?=tc@[285, 738, 784, 838, 850, 872, 886, 915, 1375, 1463, 1655, 1725, 1758, 1802, 1859, 1863, 2410, 2422, 2434, 2446, 2508, 2625, 2726, 2760, 2990, 3376, 3462, 3525, 3600, 3682, 3748, 3840, 3873, 3881, 3905, 3951, 3994, 4035, 4076, 4114, 4253, 4255, 4286, 4303, 4320, 4338, 4348, 4365, 4380, 4390, 4407, 4423, 4433, 4450, 4467, 4477, 4494, 4512, 4558, 4598, 4611, 4875, 4916, 4944, 4954, 5016, 5087, 5093, 5106, 5580, 5593, 5634, 5662, 5675, 5713, 5747, 5813, 5822, 6077, 6119, 6127, 6154, 6164, 6186, 6238, 6260, 6319, 6341, 6423, 6448, 6467, 6515, 6574, 6634, 6661, 6671, 6746, 6828, 6898, 6916, 6928, 6940]@{}
http://www.comp.hkbu.edu.hk/v1/?page=home?=tc?=tc?=tc?=tc?=tc@[285, 738, 784, 838, 850, 872, 886, 915, 1375, 1463, 1655, 1725, 1758, 1802, 1859, 1863, 2410, 2422, 2434, 2446, 2508, 2625, 2726, 2760, 2986, 3372, 3458, 3521, 3596, 3678, 3744, 3836, 3869, 3877, 3901, 3947, 3990, 4031, 4072, 4110, 4250, 4252, 4283, 4300, 4317, 4335, 4345, 4362, 4377, 4387, 4404, 4420, 4430, 4447, 4464, 4474, 4491, 4509, 4555, 4595, 4608, 4875, 4916, 4944, 4954, 5016, 5087, 5093, 5106, 5580, 5593, 5634, 5662, 5675, 5713, 5747, 5813, 5822, 6077, 6119, 6127, 6154, 6164, 6186, 6243, 6265, 6319, 6341, 6417, 6442, 6461, 6509, 6568, 6628, 6655, 6665, 6747, 6832, 6902, 6920, 6932, 6944]@{}
http://www.comp.hkbu.edu.hk/~alumni/news/../news/../news/../news/../news/../news/../news/../news/@[75, 106, 118, 129, 139, 193, 210, 236, 262, 298, 326, 364, 390, 418, 452, 478, 511, 543, 581, 731]@{}
http://www.comp.hkbu.edu.hk/~alumni/news/../scholarship/../news/../news/../news/../news/../news/../news/@[75, 106, 118, 129, 139, 193, 210, 236, 262, 298, 326, 364, 390, 418, 452, 478, 511, 543, 581, 731]@{}
http://www.comp.hkbu.edu.hk/~alumni/news/../donation/../news/../news/../news/../news/../news/../news/@[75, 106, 118, 129, 139, 193, 210, 236, 262, 298, 326, 364, 390, 418, 452, 478, 511, 543, 581, 731]@{}
http://www.comp.hkbu.edu.hk/v1/?page=job_vacancies?=tc?=tc?=tc?=tc?=tc?=tc?=tc?=tc@[285, 738, 784, 838, 850, 872, 886, 915, 1375, 1463, 1655, 1725, 1758, 1802, 1859, 1863, 2410, 2422, 2434, 2446, 2508, 2625, 2726, 2760, 2992, 3378, 3464, 3527, 3602, 3684, 3750, 3842, 3875, 3883, 3907, 3953, 3996, 4037, 4078, 4116, 4256, 4258, 4289, 4306, 4323, 4341, 4351, 4368, 4383, 4393, 4410, 4426, 4436, 4453, 4470, 4480, 4497, 4515, 4561, 4601, 4614, 4890, 4931, 4959, 4969, 5031, 5102, 5108, 5121, 5595, 5608, 5649, 5677, 5690, 5728, 5762, 5828, 5837, 6092, 6134, 6142, 6169, 6179, 6201, 6258, 6280, 6339, 6361, 6431, 6456, 6475, 6523, 6582, 6642, 6669, 6679, 6759, 6850, 6920, 6938, 6950, 6962]@{}
http://www.comp.hkbu.edu.hk/v1/?page=job_vacancies?=sc?=tc?=tc?=tc?=tc?=tc?=tc?=tc@[285, 738, 784, 838, 850, 872, 886, 915, 1375, 1463, 1655, 1725, 1758, 1802, 1859, 1863, 2410, 2422, 2434, 2446, 2508, 2625, 2726, 2760, 2992, 3378, 3464, 3527, 3602, 3684, 3750, 3842, 3875, 3883, 3907, 3953, 3996, 4037, 4078, 4116, 4256, 4258, 4289, 4306, 4323, 4341, 4351, 4368, 4383, 4393, 4410, 4426, 4436, 4453, 4470, 4480, 4497, 4515, 4561, 4601, 4614, 4874, 4915, 4943, 4953, 5015, 5086, 5092, 5105, 5579, 5592, 5633, 5661, 5674, 5712, 5746, 5812, 5821, 6076, 6118, 6126, 6153, 6163, 6185, 6244, 6266, 6326, 6348, 6427, 6452, 6471, 6519, 6578, 6638, 6665, 6675, 6741, 6829, 6899, 6917, 6929, 6941]@{}
http://www.comp.hkbu.edu.hk/v1/?page=sitemap?=tc?=tc?=tc?=tc?=tc?=tc?=tc?=tc@[285, 738, 784, 838, 850, 872, 886, 915, 1375, 1463, 1655, 1725, 1758, 1802, 1859, 1863, 2410, 2422, 2434, 2446, 2508, 2625, 2726, 2760, 2992, 3378, 3464, 3527, 3602, 3684, 3750, 3842, 3875, 3883, 3907, 3953, 3996, 4037, 4078, 4116, 4256, 4258, 4289, 4306, 4323, 4341, 4351, 4368, 4383, 4393, 4410, 4426, 4436, 4453, 4470, 4480, 4497, 4515, 4561, 4601, 4614, 4877, 4918, 4946, 4956, 5018, 5089, 5095, 5108, 5582, 5595, 5636, 5664, 5677, 5715, 5749, 5815, 5824, 6079, 6121, 6129, 6156, 6166, 6188, 6239, 6261, 6312, 6334, 6412, 6437, 6456, 6504, 6563, 6623, 6650, 6660, 6738, 6820, 6890, 6908, 6920, 6932]@{}
http://www.comp.hkbu.edu.hk/v1/?page=sitemap?=sc?=tc?=tc?=tc?=tc?=tc?=tc?=tc@[285, 738, 784, 838, 850, 872, 886, 915, 1375, 1463, 1655, 1725, 1758, 1802, 1859, 1863, 2410, 2422, 2434, 2446, 2508, 2625, 2726, 2760, 2992, 3378, 3464, 3527, 3602, 3684, 3750, 3842, 3875, 3883, 3907, 3953, 3996, 4037, 4078, 4116, 4256, 4258, 4289, 4306, 4323, 4341, 4351, 4368, 4383, 4393, 4410, 4426, 4436, 4453, 4470, 4480, 4497, 4515, 4561, 4601, 4614, 4891, 4932, 4960, 4970, 5032, 5103, 5109, 5122, 5596, 5609, 5650, 5678, 5691, 5729, 5763, 5829, 5838, 6093, 6135, 6143, 6170, 6180, 6202, 6262, 6284, 6335, 6357, 6438, 6463, 6482, 6530, 6589, 6649, 6676, 6686, 6746, 6828, 6898, 6916, 6928, 6940]@{}
http://www.comp.hkbu.edu.hk/v1/?page=sitemap@[284, 330, 384, 396, 418, 432, 461, 921, 1009, 1201, 1271, 1304, 1348, 1405, 1409, 1956, 1968, 1980, 1992, 2054, 2171, 2272, 2306, 2522, 2908, 2994, 3057, 3132, 3214, 3280, 3372, 3405, 3413, 3437, 3483, 3526, 3567, 3608, 3646, 3785, 3787, 3818, 3835, 3852, 3870, 3880, 3897, 3912, 3922, 3939, 3955, 3965, 3982, 3999, 4009, 4026, 4044, 4090, 5682, 5691, 5761, 5779, 5791, 5803]@{}
http://www.comp.hkbu.edu.hk/v1/?page=home?=tc?=tc?=tc?=tc?=tc?=tc@[285, 738, 784, 838, 850, 872, 886, 915, 1375, 1463, 1655, 1725, 1758, 1802, 1859, 1863, 2410, 2422, 2434, 2446, 2508, 2625, 2726, 2760, 2988, 3374, 3460, 3523, 3598, 3680, 3746, 3838, 3871, 3879, 3903, 3949, 3992, 4033, 4074, 4112, 4251, 4253, 4284, 4301, 4318, 4336, 4346, 4363, 4378, 4388, 4405, 4421, 4431, 4448, 4465, 4475, 4492, 4510, 4556, 4596, 4609, 4876, 4917, 4945, 4955, 5017, 5088, 5094, 5107, 5581, 5594, 5635, 5663, 5676, 5714, 5748, 5814, 5823, 6078, 6120, 6128, 6155, 6165, 6187, 6247, 6269, 6322, 6344, 6424, 6449, 6468, 6516, 6575, 6635, 6662, 6672, 6747, 6828, 6898, 6916, 6928, 6940]@{}
http://www.comp.hkbu.edu.hk/~alumni/news/../news/../news/../news/../news/../news/../news/../news/../news/@[75, 106, 118, 129, 139, 193, 210, 236, 262, 298, 326, 364, 390, 418, 452, 478, 511, 543, 581, 731]@{}
http://www.comp.hkbu.edu.hk/~alumni/news/../scholarship/../news/../news/../news/../news/../news/../news/../news/@[75, 106, 118, 129, 139, 193, 210, 236, 262, 298, 326, 364, 390, 418, 452, 478, 511, 543, 581, 731]@{}
http://www.comp.hkbu.edu.hk/~alumni/news/../donation/../news/../news/../news/../news/../news/../news/../news/@[75, 106, 118, 129, 139, 193, 210, 236, 262, 298, 326, 364, 390, 418, 452, 478, 511, 543, 581, 731]@{}
http://www.comp.hkbu.edu.hk/v1/?page=job_vacancies?=tc?=tc?=tc?=tc?=tc?=tc?=tc?=tc?=tc@[285, 738, 784, 838, 850, 872, 886, 915, 1375, 1463, 1655, 1725, 1758, 1802, 1859, 1863, 2410, 2422, 2434, 2446, 2508, 2625, 2726, 2760, 2994, 3380, 3466, 3529, 3604, 3686, 3752, 3844, 3877, 3885, 3909, 3955, 3998, 4039, 4080, 4118, 4258, 4260, 4291, 4308, 4325, 4343, 4353, 4370, 4385, 4395, 4412, 4428, 4438, 4455, 4472, 4482, 4499, 4517, 4563, 4603, 4616, 4890, 4931, 4959, 4969, 5031, 5102, 5108, 5121, 5595, 5608, 5649, 5677, 5690, 5728, 5762, 5828, 5837, 6092, 6134, 6142, 6169, 6179, 6201, 6255, 6277, 6332, 6354, 6430, 6455, 6474, 6522, 6581, 6641, 6668, 6678, 6751, 6824, 6894, 6912, 6924, 6936]@{}
http://www.comp.hkbu.edu.hk/v1/?page=job_vacancies?=sc?=tc?=tc?=tc?=tc?=tc?=tc?=tc?=tc@[285, 738, 784, 838, 850, 872, 886, 915, 1375, 1463, 1655, 1725, 1758, 1802, 1859, 1863, 2410, 2422, 2434, 2446, 2508, 2625, 2726, 2760, 2994, 3380, 3466, 3529, 3604, 3686, 3752, 3844, 3877, 3885, 3909, 3955, 3998, 4039, 4080, 4118, 4258, 4260, 4291, 4308, 4325, 4343, 4353, 4370, 4385, 4395, 4412, 4428, 4438, 4455, 4472, 4482, 4499, 4517, 4563, 4603, 4616, 4889, 4930, 4958, 4968, 5030, 5101, 5107, 5120, 5594, 5607, 5648, 5676, 5689, 5727, 5761, 5827, 5836, 6091, 6133, 6141, 6168, 6178, 6200, 6254, 6276, 6335, 6357, 6434, 6459, 6478, 6526, 6585, 6645, 6672, 6682, 6757, 6836, 6906, 6924, 6936, 6948]@{}
http://www.comp.hkbu.edu.hk/v1/?page=sitemap?=tc?=tc?=tc?=tc?=tc?=tc?=tc?=tc?=tc@[285, 738, 784, 838, 850, 872, 886, 915, 1375, 1463, 1655, 1725, 1758, 1802, 1859, 1863, 2410, 2422, 2434, 2446, 2508, 2625, 2726, 2760, 2994, 3380, 3466, 3529, 3604, 3686, 3752, 3844, 3877, 3885, 3909, 3955, 3998, 4039, 4080, 4118, 4257, 4259, 4290, 4307, 4324, 4342, 4352, 4369, 4384, 4394, 4411, 4427, 4437, 4454, 4471, 4481, 4498, 4516, 4562, 4602, 4615, 4874, 4915, 4943, 4953, 5015, 5086, 5092, 5105, 5579, 5592, 5633, 5661, 5674, 5712, 5746, 5812, 5821, 6076, 6118, 6126, 6153, 6163, 6185, 6244, 6266, 6320, 6342, 6412, 6437, 6456, 6504, 6563, 6623, 6650, 6660, 6720, 6804, 6874, 6892, 6904, 6916]@{}
http://www.comp.hkbu.edu.hk/v1/?page=sitemap?=sc?=tc?=tc?=tc?=tc?=tc?=tc?=tc?=tc@[285, 738, 784, 838, 850, 872, 886, 915, 1375, 1463, 1655, 1725, 1758, 1802, 1859, 1863, 2410, 2422, 2434, 2446, 2508, 2625, 2726, 2760, 2994, 3380, 3466, 3529, 3604, 3686, 3752, 3844, 3877, 3885, 3909, 3955, 3998, 4039, 4080, 4118, 4257, 4259, 4290, 4307, 4324, 4342, 4352, 4369, 4384, 4394, 4411, 4427, 4437, 4454, 4471, 4481, 4498, 4516, 4562, 4602, 4615, 4892, 4933, 4961, 4971, 5033, 5104, 5110, 5123, 5597, 5610, 5651, 5679, 5692, 5730, 5764, 5830, 5839, 6094, 6136, 6144, 6171, 6181, 6203, 6258, 6280, 6335, 6357, 6436, 6461, 6480, 6528, 6587, 6647, 6674, 6684, 6757, 6830, 6900, 6918, 6930, 6942]@{}
http://www.comp.hkbu.edu.hk/v1/?lang=tc@[285, 738, 784, 838, 850, 872, 886, 915, 1375, 1463, 1655, 1725, 1758, 1802, 1859, 1863, 2410, 2422, 2434, 2446, 2508, 2625, 2726, 2760, 2972, 3358, 3444, 3507, 3582, 3664, 3730, 3822, 3855, 3863, 3887, 3933, 3976, 4017, 4058, 4096, 4235, 4237, 4268, 4285, 4302, 4320, 4330, 4347, 4362, 4372, 4389, 4405, 4415, 4432, 4449, 4459, 4476, 4494, 4540, 4580, 4593, 4874, 4915, 4943, 4953, 5015, 5086, 5092, 5105, 5579, 5592, 5633, 5661, 5674, 5712, 5746, 5812, 5821, 6076, 6118, 6126, 6153, 6163, 6185, 6244, 6266, 6320, 6342, 6424, 6449, 6468, 6516, 6575, 6635, 6662, 6672, 6741, 6832, 6902, 6920, 6932, 6944]@{}
http://www.comp.hkbu.edu.hk/~alumni/news/@[75, 106, 118, 129, 139, 193, 210, 236, 262, 298, 326, 364, 390, 418, 452, 478, 511, 543, 581, 731]@{}
http://www.sci.hkbu.edu.hk/eng/page/?page=prospective-students@[642, 718, 977, 980, 1889, 1905, 3170, 3240]@{}
http://www.sci.hkbu.edu.hk/eng/page/?page=current-students@[642, 718, 977, 980, 1889, 1905, 2410, 2429, 2451, 2485, 2508, 2544, 2566, 2589, 2615, 2650, 2670, 2691, 2743, 2769, 2795, 2841, 2867, 2912, 2927]@{}
http://www.sci.hkbu.edu.hk/eng/page/@[642, 718, 977, 980, 1889, 1905, 2538]@{}
http://www.sci.hkbu.edu.hk/eng/about-us/honorary-doctorate@[642, 718, 977, 980, 1889, 1905, 2356, 2434, 2469, 2510, 2543]@{}
http://www.sci.hkbu.edu.hk/eng/about-us/distinguished-professorship/eng/page/?page=prospective-students@[642, 718, 977, 980, 1889, 1905, 2771, 2790, 2914, 2935, 2948, 2963, 2969, 3002, 3839, 3858, 3982, 4003, 4016, 4031, 4037, 4070, 4465, 4474, 5855, 6642]@{}
http://www.sci.hkbu.edu.hk/eng/about-us/honorary-doctorate/eng/page/?page=prospective-students@[642, 718, 977, 980, 1889, 1905, 2771, 2790, 2914, 2935, 2948, 2963, 2969, 3002, 3839, 3858, 3982, 4003, 4016, 4031, 4037, 4070, 4465, 4474, 5855, 6642]@{}
http://www.sci.hkbu.edu.hk/eng/about-us/distinguished-professor-of-science@[642, 718, 977, 980, 1889, 1905, 2356, 2434, 2469, 2510, 2543]@{}
http://www.sci.hkbu.edu.hk/eng/about-us/dr-kennedy-wong-distinguished-visiting-professorship-scheme@[642, 718, 977, 980, 1889, 1905, 2356, 2434, 2469, 2510, 2543]@{}
http://www.sci.hkbu.edu.hk/eng/about-us/distinguished-professor-of-science/eng/page/?page=prospective-students@[642, 718, 977, 980, 1889, 1905, 2771, 2790, 2914, 2935, 2948, 2963, 2969, 3002, 3839, 3858, 3982, 4003, 4016, 4031, 4037, 4070, 4465, 4474, 5855, 6642]@{}
http://www.sci.hkbu.edu.hk/eng/about-us/dr-kennedy-wong-distinguished-visiting-professorship-scheme/eng/page/?page=prospective-students@[642, 718, 977, 980, 1889, 1905, 2771, 2790, 2914, 2935, 2948, 2963, 2969, 3002, 3839, 3858, 3982, 4003, 4016, 4031, 4037, 4070, 4465, 4474, 5855, 6642]@{}
http://www.sci.hkbu.edu.hk/eng/page/eng/about-us/vision-mission@[642, 718, 977, 980, 1889, 1905, 2771, 2790, 2914, 2935, 2948, 2963, 2969, 3002, 3839, 3858, 3982, 4003, 4016, 4031, 4037, 4070, 4465, 4474, 5855, 6642]@{}
http://www.sci.hkbu.edu.hk/eng/page/eng/about-us/faculty-advisory-committee@[642, 718, 977, 980, 1889, 1905, 2771, 2790, 2914, 2935, 2948, 2963, 2969, 3002, 3839, 3858, 3982, 4003, 4016, 4031, 4037, 4070, 4465, 4474, 5855, 6642]@{}
http://www.sci.hkbu.edu.hk/eng@[642, 718, 977, 980, 1889, 1905, 2771, 2790, 2914, 2935, 2948, 2963, 2969, 3002, 3839, 3858, 3982, 4003, 4016, 4031, 4037, 4070, 4465, 4474, 5855, 6642]@{}
http://www.sci.hkbu.edu.hk/eng/about-us/vision-mission@[642, 718, 977, 980, 1889, 1905, 2356, 2434, 2469, 2510, 2543, 2664, 2751]@{}
http://www.sci.hkbu.edu.hk/eng/about-us/faculty-advisory-committee@[642, 718, 977, 980, 1889, 1905, 2356, 2434, 2469, 2510, 2543]@{}
http://www.sci.hkbu.edu.hk/eng/about-us/vision-mission/eng/page/?page=prospective-students@[642, 718, 977, 980, 1889, 1905, 2771, 2790, 2914, 2935, 2948, 2963, 2969, 3002, 3839, 3858, 3982, 4003, 4016, 4031, 4037, 4070, 4465, 4474, 5855, 6642]@{}
http://www.sci.hkbu.edu.hk/eng/about-us/faculty-advisory-committee/eng/page/?page=prospective-students@[642, 718, 977, 980, 1889, 1905, 2771, 2790, 2914, 2935, 2948, 2963, 2969, 3002, 3839, 3858, 3982, 4003, 4016, 4031, 4037, 4070, 4465, 4474, 5855, 6642]@{}
http://www.sci.hkbu.edu.hk/eng/about-us/distinguished-professorship@[642, 718, 977, 980, 1889, 1905, 2356, 2434, 2469, 2510, 2543]@{}
