http://library.hkbu.edu.hk/@[31]@{}
http://www.comp.hkbu.edu.hk@[2487, 2695, 2707, 3929, 4642, 6531, 6847, 6955]@{}
http://www.comp.hkbu.edu.hk/v1/?page=hkbu@[71]@{}
http://www.comp.hkbu.edu.hk/v1/?page=sci@[689, 786, 833, 995, 1394, 1407, 1421, 1439, 1452, 1635, 1838, 2804, 2856, 3872, 3924, 5170, 5182, 5564, 5587, 5700, 6040, 7923, 7953, 7978, 7993, 8263]@{}
http://www.comp.hkbu.edu.hk/v1/?page=job_vacancies?=tc@[2487, 2695, 2707, 3935, 6510, 6823, 6931]@{}
http://www.comp.hkbu.edu.hk/v1/?page=job_vacancies?=sc@[2487, 2695, 2707, 3935, 4648, 6521, 6832, 6940]@{}
http://www.comp.hkbu.edu.hk/v1/?page=sitemap?=tc@[2487, 2695, 2707, 3935, 4647, 6513, 6835, 6943]@{}
http://www.comp.hkbu.edu.hk/v1/?page=sitemap?=sc@[2487, 2695, 2707, 3935, 6520, 6850, 6958]@{}
http://www.comp.hkbu.edu.hk/v1/?lang=sc@[2487, 2695, 2707, 3929, 4642, 6512, 6816, 6924]@{}
http://www.comp.hkbu.edu.hk/~alumni/news/../news/@[284, 348, 441, 501, 533, 819, 896, 1095, 1263, 1338, 1467, 1599, 1653, 1735, 1788, 1843, 1900, 1955, 2032, 2117, 2171, 2253, 2392, 2446, 2521, 2578, 2721, 2801, 2886, 2984, 3110, 3185, 3276, 3367, 3467, 3557, 3641, 3732, 3835, 3938, 4161, 4275, 4288, 4381, 4471, 4534, 4604, 4663, 4740, 4806, 4827, 4894, 4912, 4970, 4988, 5050, 5065]@{}
http://www.comp.hkbu.edu.hk/~alumni/news/../scholarship/@[284, 348, 441, 501, 533, 882, 897]@{}
http://www.comp.hkbu.edu.hk/~alumni/news/../donation/@[284, 348, 441, 501, 533, 1372, 1387]@{}
http://www.comp.hkbu.edu.hk/v1/?page=job_vacancies?=tc?=tc@[2487, 2695, 2707, 3937, 6519, 6837, 6945]@{}
http://www.comp.hkbu.edu.hk/v1/?page=job_vacancies?=sc?=tc@[2487, 2695, 2707, 3937, 4649, 6538, 6866, 6974]@{}
http://www.comp.hkbu.edu.hk/v1/?page=sitemap?=tc?=tc@[2487, 2695, 2707, 3937, 6515, 6828, 6936]@{}
http://www.comp.hkbu.edu.hk/v1/?page=sitemap?=sc?=tc@[2487, 2695, 2707, 3937, 4649, 6532, 6855, 6963]@{}
http://www.comp.hkbu.edu.hk/v1/?page=home@[2487, 2695, 2707, 3933, 6508, 6820, 6928]@{}
http://www.comp.hkbu.edu.hk/~alumni/news/../news/../news/@[284, 348, 441, 501, 533, 819, 896, 1095, 1263, 1338, 1467, 1599, 1653, 1735, 1788, 1843, 1900, 1955, 2032, 2117, 2171, 2253, 2392, 2446, 2521, 2578, 2721, 2801, 2886, 2984, 3110, 3185, 3276, 3367, 3467, 3557, 3641, 3732, 3835, 3938, 4161, 4275, 4288, 4381, 4471, 4534, 4604, 4663, 4740, 4806, 4827, 4894, 4912, 4970, 4988, 5050, 5065]@{}
http://www.comp.hkbu.edu.hk/~alumni/news/../scholarship/../news/@[284, 348, 441, 501, 533, 819, 896, 1095, 1263, 1338, 1467, 1599, 1653, 1735, 1788, 1843, 1900, 1955, 2032, 2117, 2171, 2253, 2392, 2446, 2521, 2578, 2721, 2801, 2886, 2984, 3110, 3185, 3276, 3367, 3467, 3557, 3641, 3732, 3835, 3938, 4161, 4275, 4288, 4381, 4471, 4534, 4604, 4663, 4740, 4806, 4827, 4894, 4912, 4970, 4988, 5050, 5065]@{}
http://www.comp.hkbu.edu.hk/~alumni/news/../donation/../news/@[284, 348, 441, 501, 533, 819, 896, 1095, 1263, 1338, 1467, 1599, 1653, 1735, 1788, 1843, 1900, 1955, 2032, 2117, 2171, 2253, 2392, 2446, 2521, 2578, 2721, 2801, 2886, 2984, 3110, 3185, 3276, 3367, 3467, 3557, 3641, 3732, 3835, 3938, 4161, 4275, 4288, 4381, 4471, 4534, 4604, 4663, 4740, 4806, 4827, 4894, 4912, 4970, 4988, 5050, 5065]@{}
http://www.comp.hkbu.edu.hk/v1/?page=job_vacancies?=tc?=tc?=tc@[2487, 2695, 2707, 3939, 4652, 6535, 6863, 6971]@{}
http://www.comp.hkbu.edu.hk/v1/?page=job_vacancies?=sc?=tc?=tc@[2487, 2695, 2707, 3939, 6520, 6832, 6940]@{}
http://www.comp.hkbu.edu.hk/v1/?page=sitemap?=tc?=tc?=tc@[2487, 2695, 2707, 3939, 4652, 6527, 6860, 6968]@{}
http://www.comp.hkbu.edu.hk/v1/?page=sitemap?=sc?=tc?=tc@[2487, 2695, 2707, 3939, 4652, 6528, 6863, 6971]@{}
http://www.comp.hkbu.edu.hk/v1/?page=library@[31]@{}
http://www.comp.hkbu.edu.hk/v1/?page=home?=tc@[2487, 2695, 2707, 3935, 4647, 6524, 6848, 6956]@{}
http://www.comp.hkbu.edu.hk/~alumni/news/../news/../news/../news/@[284, 348, 441, 501, 533, 819, 896, 1095, 1263, 1338, 1467, 1599, 1653, 1735, 1788, 1843, 1900, 1955, 2032, 2117, 2171, 2253, 2392, 2446, 2521, 2578, 2721, 2801, 2886, 2984, 3110, 3185, 3276, 3367, 3467, 3557, 3641, 3732, 3835, 3938, 4161, 4275, 4288, 4381, 4471, 4534, 4604, 4663, 4740, 4806, 4827, 4894, 4912, 4970, 4988, 5050, 5065]@{}
http://www.comp.hkbu.edu.hk/~alumni/news/../scholarship/../news/../news/@[284, 348, 441, 501, 533, 819, 896, 1095, 1263, 1338, 1467, 1599, 1653, 1735, 1788, 1843, 1900, 1955, 2032, 2117, 2171, 2253, 2392, 2446, 2521, 2578, 2721, 2801, 2886, 2984, 3110, 3185, 3276, 3367, 3467, 3557, 3641, 3732, 3835, 3938, 4161, 4275, 4288, 4381, 4471, 4534, 4604, 4663, 4740, 4806, 4827, 4894, 4912, 4970, 4988, 5050, 5065]@{}
http://www.comp.hkbu.edu.hk/~alumni/news/../donation/../news/../news/@[284, 348, 441, 501, 533, 819, 896, 1095, 1263, 1338, 1467, 1599, 1653, 1735, 1788, 1843, 1900, 1955, 2032, 2117, 2171, 2253, 2392, 2446, 2521, 2578, 2721, 2801, 2886, 2984, 3110, 3185, 3276, 3367, 3467, 3557, 3641, 3732, 3835, 3938, 4161, 4275, 4288, 4381, 4471, 4534, 4604, 4663, 4740, 4806, 4827, 4894, 4912, 4970, 4988, 5050, 5065]@{}
http://www.comp.hkbu.edu.hk/v1/?page=job_vacancies?=tc?=tc?=tc?=tc@[2487, 2695, 2707, 3941, 4654, 6532, 6843, 6951]@{}
http://www.comp.hkbu.edu.hk/v1/?page=job_vacancies?=sc?=tc?=tc?=tc@[2487, 2695, 2707, 3941, 4654, 6525, 6831, 6939]@{}
http://www.comp.hkbu.edu.hk/v1/?page=sitemap?=tc?=tc?=tc?=tc@[2487, 2695, 2707, 3941, 4653, 6526, 6849, 6957]@{}
http://www.comp.hkbu.edu.hk/v1/?page=sitemap?=sc?=tc?=tc?=tc@[2487, 2695, 2707, 3941, 4653, 6537, 6857, 6965]@{}
http://www.comp.hkbu.edu.hk/v1/?page=home?=tc?=tc@[2487, 2695, 2707, 3937, 4649, 6530, 6831, 6939]@{}
http://www.comp.hkbu.edu.hk/~alumni/news/../news/../news/../news/../news/@[284, 348, 441, 501, 533, 819, 896, 1095, 1263, 1338, 1467, 1599, 1653, 1735, 1788, 1843, 1900, 1955, 2032, 2117, 2171, 2253, 2392, 2446, 2521, 2578, 2721, 2801, 2886, 2984, 3110, 3185, 3276, 3367, 3467, 3557, 3641, 3732, 3835, 3938, 4161, 4275, 4288, 4381, 4471, 4534, 4604, 4663, 4740, 4806, 4827, 4894, 4912, 4970, 4988, 5050, 5065]@{}
http://www.comp.hkbu.edu.hk/~alumni/news/../scholarship/../news/../news/../news/@[284, 348, 441, 501, 533, 819, 896, 1095, 1263, 1338, 1467, 1599, 1653, 1735, 1788, 1843, 1900, 1955, 2032, 2117, 2171, 2253, 2392, 2446, 2521, 2578, 2721, 2801, 2886, 2984, 3110, 3185, 3276, 3367, 3467, 3557, 3641, 3732, 3835, 3938, 4161, 4275, 4288, 4381, 4471, 4534, 4604, 4663, 4740, 4806, 4827, 4894, 4912, 4970, 4988, 5050, 5065]@{}
http://www.comp.hkbu.edu.hk/~alumni/news/../donation/../news/../news/../news/@[284, 348, 441, 501, 533, 819, 896, 1095, 1263, 1338, 1467, 1599, 1653, 1735, 1788, 1843, 1900, 1955, 2032, 2117, 2171, 2253, 2392, 2446, 2521, 2578, 2721, 2801, 2886, 2984, 3110, 3185, 3276, 3367, 3467, 3557, 3641, 3732, 3835, 3938, 4161, 4275, 4288, 4381, 4471, 4534, 4604, 4663, 4740, 4806, 4827, 4894, 4912, 4970, 4988, 5050, 5065]@{}
http://www.comp.hkbu.edu.hk/v1/?page=job_vacancies?=tc?=tc?=tc?=tc?=tc@[2487, 2695, 2707, 3943, 4656, 6534, 6838, 6946]@{}
http://www.comp.hkbu.edu.hk/v1/?page=job_vacancies?=sc?=tc?=tc?=tc?=tc@[2487, 2695, 2707, 3943, 6530, 6840, 6948]@{}
http://www.comp.hkbu.edu.hk/v1/?page=sitemap?=tc?=tc?=tc?=tc?=tc@[2487, 2695, 2707, 3943, 6530, 6860, 6968]@{}
http://www.comp.hkbu.edu.hk/v1/?page=sitemap?=sc?=tc?=tc?=tc?=tc@[2487, 2695, 2707, 3943, 4655, 6538, 6845, 6953]@{}
http://www.comp.hkbu.edu.hk/v1/?page=home?=tc?=tc?=tc@[2487, 2695, 2707, 3939, 6528, 6845, 6953]@{}
http://www.comp.hkbu.edu.hk/~alumni/news/../news/../news/../news/../news/../news/@[284, 348, 441, 501, 533, 819, 896, 1095, 1263, 1338, 1467, 1599, 1653, 1735, 1788, 1843, 1900, 1955, 2032, 2117, 2171, 2253, 2392, 2446, 2521, 2578, 2721, 2801, 2886, 2984, 3110, 3185, 3276, 3367, 3467, 3557, 3641, 3732, 3835, 3938, 4161, 4275, 4288, 4381, 4471, 4534, 4604, 4663, 4740, 4806, 4827, 4894, 4912, 4970, 4988, 5050, 5065]@{}
http://www.comp.hkbu.edu.hk/~alumni/news/../scholarship/../news/../news/../news/../news/@[284, 348, 441, 501, 533, 819, 896, 1095, 1263, 1338, 1467, 1599, 1653, 1735, 1788, 1843, 1900, 1955, 2032, 2117, 2171, 2253, 2392, 2446, 2521, 2578, 2721, 2801, 2886, 2984, 3110, 3185, 3276, 3367, 3467, 3557, 3641, 3732, 3835, 3938, 4161, 4275, 4288, 4381, 4471, 4534, 4604, 4663, 4740, 4806, 4827, 4894, 4912, 4970, 4988, 5050, 5065]@{}
http://www.comp.hkbu.edu.hk/~alumni/news/../donation/../news/../news/../news/../news/@[284, 348, 441, 501, 533, 819, 896, 1095, 1263, 1338, 1467, 1599, 1653, 1735, 1788, 1843, 1900, 1955, 2032, 2117, 2171, 2253, 2392, 2446, 2521, 2578, 2721, 2801, 2886, 2984, 3110, 3185, 3276, 3367, 3467, 3557, 3641, 3732, 3835, 3938, 4161, 4275, 4288, 4381, 4471, 4534, 4604, 4663, 4740, 4806, 4827, 4894, 4912, 4970, 4988, 5050, 5065]@{}
http://www.comp.hkbu.edu.hk/v1/?page=job_vacancies@[2035, 2243, 2255, 3481, 4264, 4298, 4358, 4466]@{}
http://www.comp.hkbu.edu.hk/v1/?page=job_vacancies?=tc?=tc?=tc?=tc?=tc?=tc@[2487, 2695, 2707, 3945, 6528, 6835, 6943]@{}
http://www.comp.hkbu.edu.hk/v1/?page=job_vacancies?=sc?=tc?=tc?=tc?=tc?=tc@[2487, 2695, 2707, 3945, 6536, 6862, 6970]@{}
http://www.comp.hkbu.edu.hk/v1/?page=sitemap?=tc?=tc?=tc?=tc?=tc?=tc@[2487, 2695, 2707, 3945, 4657, 6525, 6852, 6960]@{}
http://www.comp.hkbu.edu.hk/v1/?page=sitemap?=sc?=tc?=tc?=tc?=tc?=tc@[2487, 2695, 2707, 3945, 4658, 6544, 6862, 6970]@{}
http://www.comp.hkbu.edu.hk/v1/?page=home?=tc?=tc?=tc?=tc@[2487, 2695, 2707, 3941, 4654, 6526, 6846, 6954]@{}
http://www.comp.hkbu.edu.hk/~alumni/news/../news/../news/../news/../news/../news/../news/@[284, 348, 441, 501, 533, 819, 896, 1095, 1263, 1338, 1467, 1599, 1653, 1735, 1788, 1843, 1900, 1955, 2032, 2117, 2171, 2253, 2392, 2446, 2521, 2578, 2721, 2801, 2886, 2984, 3110, 3185, 3276, 3367, 3467, 3557, 3641, 3732, 3835, 3938, 4161, 4275, 4288, 4381, 4471, 4534, 4604, 4663, 4740, 4806, 4827, 4894, 4912, 4970, 4988, 5050, 5065]@{}
http://www.comp.hkbu.edu.hk/~alumni/news/../scholarship/../news/../news/../news/../news/../news/@[284, 348, 441, 501, 533, 819, 896, 1095, 1263, 1338, 1467, 1599, 1653, 1735, 1788, 1843, 1900, 1955, 2032, 2117, 2171, 2253, 2392, 2446, 2521, 2578, 2721, 2801, 2886, 2984, 3110, 3185, 3276, 3367, 3467, 3557, 3641, 3732, 3835, 3938, 4161, 4275, 4288, 4381, 4471, 4534, 4604, 4663, 4740, 4806, 4827, 4894, 4912, 4970, 4988, 5050, 5065]@{}
http://www.comp.hkbu.edu.hk/~alumni/news/../donation/../news/../news/../news/../news/../news/@[284, 348, 441, 501, 533, 819, 896, 1095, 1263, 1338, 1467, 1599, 1653, 1735, 1788, 1843, 1900, 1955, 2032, 2117, 2171, 2253, 2392, 2446, 2521, 2578, 2721, 2801, 2886, 2984, 3110, 3185, 3276, 3367, 3467, 3557, 3641, 3732, 3835, 3938, 4161, 4275, 4288, 4381, 4471, 4534, 4604, 4663, 4740, 4806, 4827, 4894, 4912, 4970, 4988, 5050, 5065]@{}
http://www.comp.hkbu.edu.hk/v1/?page=job_vacancies?=tc?=tc?=tc?=tc?=tc?=tc?=tc@[2487, 2695, 2707, 3947, 6524, 6834, 6942]@{}
http://www.comp.hkbu.edu.hk/v1/?page=job_vacancies?=sc?=tc?=tc?=tc?=tc?=tc?=tc@[2487, 2695, 2707, 3947, 6524, 6854, 6962]@{}
http://www.comp.hkbu.edu.hk/v1/?page=sitemap?=tc?=tc?=tc?=tc?=tc?=tc?=tc@[2487, 2695, 2707, 3947, 6521, 6834, 6942]@{}
http://www.comp.hkbu.edu.hk/v1/?page=sitemap?=sc?=tc?=tc?=tc?=tc?=tc?=tc@[2487, 2695, 2707, 3947, 4659, 6536, 6855, 6963]@{}
http://www.comp.hkbu.edu.hk/v1/?page=home?=tc?=tc?=tc?=tc?=tc@[2487, 2695, 2707, 3943, 6530, 6859, 6967]@{}
http://www.comp.hkbu.edu.hk/~alumni/news/../news/../news/../news/../news/../news/../news/../news/@[284, 348, 441, 501, 533, 819, 896, 1095, 1263, 1338, 1467, 1599, 1653, 1735, 1788, 1843, 1900, 1955, 2032, 2117, 2171, 2253, 2392, 2446, 2521, 2578, 2721, 2801, 2886, 2984, 3110, 3185, 3276, 3367, 3467, 3557, 3641, 3732, 3835, 3938, 4161, 4275, 4288, 4381, 4471, 4534, 4604, 4663, 4740, 4806, 4827, 4894, 4912, 4970, 4988, 5050, 5065]@{}
http://www.comp.hkbu.edu.hk/~alumni/news/../scholarship/../news/../news/../news/../news/../news/../news/@[284, 348, 441, 501, 533, 819, 896, 1095, 1263, 1338, 1467, 1599, 1653, 1735, 1788, 1843, 1900, 1955, 2032, 2117, 2171, 2253, 2392, 2446, 2521, 2578, 2721, 2801, 2886, 2984, 3110, 3185, 3276, 3367, 3467, 3557, 3641, 3732, 3835, 3938, 4161, 4275, 4288, 4381, 4471, 4534, 4604, 4663, 4740, 4806, 4827, 4894, 4912, 4970, 4988, 5050, 5065]@{}
http://www.comp.hkbu.edu.hk/~alumni/news/../donation/../news/../news/../news/../news/../news/../news/@[284, 348, 441, 501, 533, 819, 896, 1095, 1263, 1338, 1467, 1599, 1653, 1735, 1788, 1843, 1900, 1955, 2032, 2117, 2171, 2253, 2392, 2446, 2521, 2578, 2721, 2801, 2886, 2984, 3110, 3185, 3276, 3367, 3467, 3557, 3641, 3732, 3835, 3938, 4161, 4275, 4288, 4381, 4471, 4534, 4604, 4663, 4740, 4806, 4827, 4894, 4912, 4970, 4988, 5050, 5065]@{}
http://www.comp.hkbu.edu.hk/v1/?page=job_vacancies?=tc?=tc?=tc?=tc?=tc?=tc?=tc?=tc@[2487, 2695, 2707, 3949, 4662, 6544, 6877, 6985]@{}
http://www.comp.hkbu.edu.hk/v1/?page=job_vacancies?=sc?=tc?=tc?=tc?=tc?=tc?=tc?=tc@[2487, 2695, 2707, 3949, 6540, 6856, 6964]@{}
http://www.comp.hkbu.edu.hk/v1/?page=sitemap?=tc?=tc?=tc?=tc?=tc?=tc?=tc?=tc@[2487, 2695, 2707, 3949, 6525, 6847, 6955]@{}
http://www.comp.hkbu.edu.hk/v1/?page=sitemap?=sc?=tc?=tc?=tc?=tc?=tc?=tc?=tc@[2487, 2695, 2707, 3949, 4662, 6551, 6855, 6963]@{}
http://www.comp.hkbu.edu.hk/v1/?page=sitemap@[2033, 2241, 2253, 3479, 5718, 5826]@{}
http://www.comp.hkbu.edu.hk/v1/?page=home?=tc?=tc?=tc?=tc?=tc?=tc@[2487, 2695, 2707, 3945, 4657, 6537, 6855, 6963]@{}
http://www.comp.hkbu.edu.hk/~alumni/news/../news/../news/../news/../news/../news/../news/../news/../news/@[284, 348, 441, 501, 533, 819, 896, 1095, 1263, 1338, 1467, 1599, 1653, 1735, 1788, 1843, 1900, 1955, 2032, 2117, 2171, 2253, 2392, 2446, 2521, 2578, 2721, 2801, 2886, 2984, 3110, 3185, 3276, 3367, 3467, 3557, 3641, 3732, 3835, 3938, 4161, 4275, 4288, 4381, 4471, 4534, 4604, 4663, 4740, 4806, 4827, 4894, 4912, 4970, 4988, 5050, 5065]@{}
http://www.comp.hkbu.edu.hk/~alumni/news/../scholarship/../news/../news/../news/../news/../news/../news/../news/@[284, 348, 441, 501, 533, 819, 896, 1095, 1263, 1338, 1467, 1599, 1653, 1735, 1788, 1843, 1900, 1955, 2032, 2117, 2171, 2253, 2392, 2446, 2521, 2578, 2721, 2801, 2886, 2984, 3110, 3185, 3276, 3367, 3467, 3557, 3641, 3732, 3835, 3938, 4161, 4275, 4288, 4381, 4471, 4534, 4604, 4663, 4740, 4806, 4827, 4894, 4912, 4970, 4988, 5050, 5065]@{}
http://www.comp.hkbu.edu.hk/~alumni/news/../donation/../news/../news/../news/../news/../news/../news/../news/@[284, 348, 441, 501, 533, 819, 896, 1095, 1263, 1338, 1467, 1599, 1653, 1735, 1788, 1843, 1900, 1955, 2032, 2117, 2171, 2253, 2392, 2446, 2521, 2578, 2721, 2801, 2886, 2984, 3110, 3185, 3276, 3367, 3467, 3557, 3641, 3732, 3835, 3938, 4161, 4275, 4288, 4381, 4471, 4534, 4604, 4663, 4740, 4806, 4827, 4894, 4912, 4970, 4988, 5050, 5065]@{}
http://www.comp.hkbu.edu.hk/v1/?page=job_vacancies?=tc?=tc?=tc?=tc?=tc?=tc?=tc?=tc?=tc@[2487, 2695, 2707, 3951, 4664, 6543, 6851, 6959]@{}
http://www.comp.hkbu.edu.hk/v1/?page=job_vacancies?=sc?=tc?=tc?=tc?=tc?=tc?=tc?=tc?=tc@[2487, 2695, 2707, 3951, 4664, 6547, 6863, 6971]@{}
http://www.comp.hkbu.edu.hk/v1/?page=sitemap?=tc?=tc?=tc?=tc?=tc?=tc?=tc?=tc?=tc@[2487, 2695, 2707, 3951, 6525, 6831, 6939]@{}
http://www.comp.hkbu.edu.hk/v1/?page=sitemap?=sc?=tc?=tc?=tc?=tc?=tc?=tc?=tc?=tc@[2487, 2695, 2707, 3951, 4663, 6549, 6857, 6965]@{}
http://www.comp.hkbu.edu.hk/v1/?lang=tc@[2487, 2695, 2707, 3929, 4641, 6537, 6859, 6967]@{}
http://www.comp.hkbu.edu.hk/~alumni/news/@[284, 348, 441, 501, 533, 819, 896, 1095, 1263, 1338, 1467, 1599, 1653, 1735, 1788, 1843, 1900, 1955, 2032, 2117, 2171, 2253, 2392, 2446, 2521, 2578, 2721, 2801, 2886, 2984, 3110, 3185, 3276, 3367, 3467, 3557, 3641, 3732, 3835, 3938, 4161, 4275, 4288, 4381, 4471, 4534, 4604, 4663, 4740, 4806, 4827, 4894, 4912, 4970, 4988, 5050, 5065]@{}
http://www.sci.hkbu.edu.hk/eng/page/?page=prospective-students@[689, 786, 833, 995, 1394, 1407, 1421, 1439, 1452, 1635, 1838, 2510, 2595, 2651, 2772, 2824, 2876, 2930, 2998, 3187, 3217, 3221, 3259, 3291, 3295, 3468, 3498, 3523, 3538, 3808]@{}
http://www.sci.hkbu.edu.hk/eng/page/?page=current-students@[689, 786, 833, 995, 1394, 1407, 1421, 1439, 1452, 1635, 1838, 2495, 2518, 2554, 2576, 2599, 2629, 2680, 2703, 2750, 2776, 2802, 2848, 2874, 3124, 3154, 3179, 3194, 3464]@{}
http://www.sci.hkbu.edu.hk/eng/page/@[689, 786, 833, 995, 1394, 1407, 1421, 1439, 1452, 1635, 1838, 3227, 3257, 3282, 3297, 3567]@{}
http://www.sci.hkbu.edu.hk/eng/about-us/honorary-doctorate@[689, 786, 833, 995, 1394, 1407, 1421, 1439, 1452, 1635, 1838, 2689, 2753, 2833, 2912, 2993, 3072, 3152, 3231, 3310, 3758, 3788, 3813, 3828, 4098]@{}
http://www.sci.hkbu.edu.hk/eng/about-us/distinguished-professorship/eng/page/?page=prospective-students@[689, 786, 833, 995, 1394, 1407, 1421, 1439, 1452, 1635, 1838, 2804, 2856, 3872, 3924, 5170, 5182, 5564, 5587, 5700, 6040, 7923, 7953, 7978, 7993, 8263]@{}
http://www.sci.hkbu.edu.hk/eng/about-us/honorary-doctorate/eng/page/?page=prospective-students@[689, 786, 833, 995, 1394, 1407, 1421, 1439, 1452, 1635, 1838, 2804, 2856, 3872, 3924, 5170, 5182, 5564, 5587, 5700, 6040, 7923, 7953, 7978, 7993, 8263]@{}
http://www.sci.hkbu.edu.hk/eng/about-us/distinguished-professor-of-science@[689, 786, 833, 995, 1394, 1407, 1421, 1439, 1452, 1635, 1838, 3574, 3604, 3629, 3644, 3914]@{}
http://www.sci.hkbu.edu.hk/eng/about-us/dr-kennedy-wong-distinguished-visiting-professorship-scheme@[689, 786, 833, 995, 1394, 1407, 1421, 1439, 1452, 1635, 1838, 3243, 3273, 3298, 3313, 3583]@{}
http://www.sci.hkbu.edu.hk/eng/about-us/distinguished-professor-of-science/eng/page/?page=prospective-students@[689, 786, 833, 995, 1394, 1407, 1421, 1439, 1452, 1635, 1838, 2804, 2856, 3872, 3924, 5170, 5182, 5564, 5587, 5700, 6040, 7923, 7953, 7978, 7993, 8263]@{}
http://www.sci.hkbu.edu.hk/eng/about-us/dr-kennedy-wong-distinguished-visiting-professorship-scheme/eng/page/?page=prospective-students@[689, 786, 833, 995, 1394, 1407, 1421, 1439, 1452, 1635, 1838, 2804, 2856, 3872, 3924, 5170, 5182, 5564, 5587, 5700, 6040, 7923, 7953, 7978, 7993, 8263]@{}
http://www.sci.hkbu.edu.hk/eng/page/eng/about-us/vision-mission@[689, 786, 833, 995, 1394, 1407, 1421, 1439, 1452, 1635, 1838, 2804, 2856, 3872, 3924, 5170, 5182, 5564, 5587, 5700, 6040, 7923, 7953, 7978, 7993, 8263]@{}
http://www.sci.hkbu.edu.hk/eng/page/eng/about-us/faculty-advisory-committee@[689, 786, 833, 995, 1394, 1407, 1421, 1439, 1452, 1635, 1838, 2804, 2856, 3872, 3924, 5170, 5182, 5564, 5587, 5700, 6040, 7923, 7953, 7978, 7993, 8263]@{}
http://www.sci.hkbu.edu.hk/eng@[689, 786, 833, 995, 1394, 1407, 1421, 1439, 1452, 1635, 1838, 2804, 2856, 3872, 3924, 5170, 5182, 5564, 5587, 5700, 6040, 7923, 7953, 7978, 7993, 8263]@{}
http://www.sci.hkbu.edu.hk/eng/about-us/vision-mission@[689, 786, 833, 995, 1394, 1407, 1421, 1439, 1452, 1635, 1838, 3147, 3177, 3202, 3217, 3487]@{}
http://www.sci.hkbu.edu.hk/eng/about-us/faculty-advisory-committee@[689, 786, 833, 995, 1394, 1407, 1421, 1439, 1452, 1635, 1838, 2985, 3901, 3931, 3956, 3971, 4241]@{}
http://www.sci.hkbu.edu.hk/eng/about-us/vision-mission/eng/page/?page=prospective-students@[689, 786, 833, 995, 1394, 1407, 1421, 1439, 1452, 1635, 1838, 2804, 2856, 3872, 3924, 5170, 5182, 5564, 5587, 5700, 6040, 7923, 7953, 7978, 7993, 8263]@{}
http://www.sci.hkbu.edu.hk/eng/about-us/faculty-advisory-committee/eng/page/?page=prospective-students@[689, 786, 833, 995, 1394, 1407, 1421, 1439, 1452, 1635, 1838, 2804, 2856, 3872, 3924, 5170, 5182, 5564, 5587, 5700, 6040, 7923, 7953, 7978, 7993, 8263]@{}
http://www.sci.hkbu.edu.hk/eng/about-us/distinguished-professorship@[689, 786, 833, 995, 1394, 1407, 1421, 1439, 1452, 1635, 1838, 2792, 2822, 2847, 2862, 3132]@{}
