https://www.comp.hkbu.edu.hk/v1/?page=head@[394, 459]@[394, 459]
https://www.comp.hkbu.edu.hk/v1/?page=whats_new@[561, 1083, 1418, 1551, 1931, 2181, 2526, 2995]@[561, 1083, 1418, 1551, 1931, 2181, 2526, 2995]
https://www.comp.hkbu.edu.hk/v1/?page=video_introduction@[145]@[145]
https://www.comp.hkbu.edu.hk/v1/?page=research_areas@[117]@[117]
https://www.comp.hkbu.edu.hk/v1/?page=funded_projects@[773, 3559, 3641, 3856]@[773, 3559, 3641, 3856]
https://www.comp.hkbu.edu.hk/v1/?page=mscais@[10]@[10]
https://www.comp.hkbu.edu.hk/v1/?page=mscitm@[9]@[9]
https://www.comp.hkbu.edu.hk/v1/?pid=273@[10]@[10]
https://www.comp.hkbu.edu.hk/v1/?pid=95@[9]@[9]
https://www.comp.hkbu.edu.hk/msc@[16, 25]@[]
https://www.comp.hkbu.edu.hk/msc/itm/en@[9]@[9]
https://www.comp.hkbu.edu.hk/v1/?page=news@[561, 1083, 1418, 1551, 1931, 2181, 2526, 2995]@[561, 1083, 1418, 1551, 1931, 2181, 2526, 2995]
https://www.comp.hkbu.edu.hk/v1/?page=events@[663, 1416, 1944, 2539, 3212, 3748, 4412, 6715]@[663, 1416, 1944, 2539, 3212, 3748, 4412, 6715]
https://www.comp.hkbu.edu.hk/v1/?pid=14@[145]@[145]
https://www.comp.hkbu.edu.hk/v1/?page=highlights@[383]@[383]
https://www.comp.hkbu.edu.hk/v1/?page=dlecture@[774, 1495, 3161, 3227, 3678, 4029, 4200, 4212, 4237, 4876]@[774, 1495, 3161, 3227, 3678, 4029, 4200, 4212, 4237, 4876]
https://www.comp.hkbu.edu.hk/v1/?file=355@[188, 216, 238, 269, 363, 386, 388, 403, 415, 529, 582, 601, 625, 635, 669, 679, 712, 783, 798, 832, 929, 956, 982, 1092, 1221, 1223, 1344, 1351, 1357, 1362, 1374, 1394, 1413, 1424, 1436, 1483, 1496, 1560, 1644, 1752, 1765, 1801, 1842, 1846, 1977, 2037, 2067, 2140, 2150, 2154, 2277, 2280, 2342, 2428, 2448, 2470, 2488, 2550, 2565, 2571, 2757, 2786, 2799, 2836, 2847, 2857, 2903, 2925, 2986, 3049, 3132, 3136, 3158, 3165, 3189, 3196, 3254, 3298, 3313, 3390, 3404, 3528, 3541, 3589, 3599, 3631, 3780, 3827, 3837, 3841, 3967, 3986, 3998, 4025, 4036, 4070, 4083, 4111, 4126, 4163, 4165, 4182, 4201, 4214, 4219, 4224, 4233, 4245, 4271, 4344, 4381, 4434, 4435, 4443, 4466, 4472, 4483, 4488, 4490, 4598, 4627, 4742, 4884, 4898, 4941, 4957, 4987, 4991, 4993, 4997, 4999, 5003, 5005, 5009, 5011, 5015, 5017, 5021, 5023, 5027, 5029, 5033, 5052, 5057, 5076, 5101, 5102, 5115, 5157, 5179, 5197, 5239, 5273, 5429, 5432, 5435, 5438, 5441, 5444, 5447, 5450, 5486, 5528, 5535, 5540, 5546, 5618, 5624, 5633, 5634, 5635, 5636, 5649, 5797, 5893, 6147, 6264, 6269, 6283, 6292, 6306, 6317, 6344, 6453, 6492, 6517, 6569, 6577, 6644, 6666, 6698, 6738, 6911, 6967, 6997, 7052, 7102, 7140, 7144, 7188, 7194, 7203, 7268, 7292, 7307, 7315, 7427, 7445, 7518, 7531, 7533, 7555, 8468, 8865]@[]
https://www.hkstp.org/en/about-us/event-and-activities/hong-kong-science-park-career-expo-2020-18-april-2020@[516]@[516]
https://www.comp.hkbu.edu.hk/v1/?file=1431@[1106, 1123, 1128, 1184, 1187, 1190, 1216, 1236, 1257, 1373, 1422, 1457, 1474, 1560, 1665, 1796, 1807, 1829, 1894, 1914, 1916, 1938, 2077, 2119, 2146, 2299, 2307, 2398, 2429, 2779, 2895, 2938, 3018, 3096, 3245, 3334, 3382, 3515, 3590, 3629, 3655, 3680, 3744, 3750, 4001, 4009, 4020, 4040, 4086, 4149, 4157, 4172, 4180, 4233, 4236, 4330, 4347, 4382, 4404, 4452, 4492, 4586, 4627, 4665, 4681, 4749, 4819, 4844, 4874, 4887, 5022, 5034, 5086, 5089, 5131, 5136, 5173, 5205, 5237, 5300, 5377, 5711]@[]
https://www.hkstp.org/en@[879]@[879]
https://www.hkstp.org@[879]@[879]
https://www.hkstp.org/en/about-us/who-we-are@[470, 755, 1062, 1265]@[470, 755, 1062, 1265]
https://www.hkstp.org/about-us/who-we-are@[470, 755, 1062, 1265]@[470, 755, 1062, 1265]
https://news.google.com/?tab=wn@[973]@[973]
https://accounts.google.com/SignUp?continue=https%3A%2F%2Fmyaccount.google.com%2Fgeneral-light@[120]@[120]
https://www.hkstp.org/en/about-us/our-milestones@[867]@[867]
https://www.hkstp.org/about-us/our-milestones@[867]@[867]
https://news.google.com/?tab=nn@[218, 221]@[218, 221]
https://itunes.apple.com/app/google-search/id284815942?mt=8@[436, 439, 460, 472, 477, 489, 505, 511, 536, 545, 554, 557, 576, 593, 599, 616, 631, 655, 664, 686, 705, 711, 715, 732, 777, 806, 826, 894]@[436, 439, 460, 472, 477, 489, 505, 511, 536, 545, 554, 557, 576, 593, 599, 616, 631, 655, 664, 686, 705, 711, 715, 732, 777, 806, 826, 894]
https://www.google.com.hk@[30, 43]@[30, 43]
