http://www.comp.hkbu.edu.hk@[2154, 2172, 2438, 2491, 2713, 2997, 3004, 3024, 3034, 3047, 3054, 3074, 3085, 3098, 3105, 3125, 3135, 3148, 3155, 3173, 3182, 3195, 3202, 3220, 3230, 3243, 3250, 3268, 3278, 3291, 3298, 3318, 3328, 3345, 3349, 3435, 3498, 3573, 3655, 3721, 3851, 3888, 3934, 3977, 4018, 4059, 4097, 4172, 4173, 4175, 4555, 4561, 4583, 4615, 4681, 4717, 4753, 4787, 4874, 4960, 4986, 5022, 5050, 5086, 5580, 5583, 5608, 5655, 5880, 6117, 6170, 6196, 6211, 6252, 6278, 6293, 6329, 6355, 6371, 6478, 6587, 6676, 6698, 6712, 6746, 6768, 6783]@{}
http://www.comp.hkbu.edu.hk/v1/?page=sci@[73, 179, 611, 616, 722, 819, 967, 1136, 1201, 1212, 1894, 2333, 2388, 2391, 2394, 2400, 2409, 2418, 2427, 2436, 2453, 2518, 2521, 2538, 2748, 2764, 3012, 3050, 3055, 3804, 3820, 3832, 5426, 5456, 5486, 5516, 5546, 6619, 7888, 7901]@{}
http://www.comp.hkbu.edu.hk/v1/?page=job_vacancies?=tc@[2154, 2172, 2438, 2491, 2713, 3003, 3010, 3030, 3040, 3053, 3060, 3080, 3091, 3104, 3111, 3131, 3141, 3154, 3161, 3179, 3188, 3201, 3208, 3226, 3236, 3249, 3256, 3274, 3284, 3297, 3304, 3324, 3334, 3351, 3355, 3441, 3504, 3579, 3661, 3727, 3857, 3894, 3940, 3983, 4024, 4065, 4103, 4178, 4179, 4181, 4561, 4567, 4589, 4621, 4673, 4713, 4749, 4783, 4870, 4956, 4982, 5018, 5046, 5082, 5576, 5579, 5604, 5651, 5876, 6113, 6166, 6192, 6206, 6236, 6262, 6278, 6313, 6339, 6353, 6457, 6566, 6655, 6677, 6693]@{}
http://www.comp.hkbu.edu.hk/v1/?page=job_vacancies?=sc@[2154, 2172, 2438, 2491, 2713, 3003, 3010, 3030, 3040, 3053, 3060, 3080, 3091, 3104, 3111, 3131, 3141, 3154, 3161, 3179, 3188, 3201, 3208, 3226, 3236, 3249, 3256, 3274, 3284, 3297, 3304, 3324, 3334, 3351, 3355, 3441, 3504, 3579, 3661, 3727, 3857, 3894, 3940, 3983, 4024, 4065, 4103, 4178, 4179, 4181, 4561, 4567, 4589, 4621, 4713, 4749, 4783, 4870, 4956, 4982, 5018, 5046, 5082, 5576, 5579, 5604, 5651, 5876, 6113, 6166, 6192, 6206, 6243, 6269, 6283, 6317, 6343, 6357, 6468, 6577, 6666, 6688, 6702]@{}
http://www.comp.hkbu.edu.hk/v1/?page=sitemap?=tc@[2154, 2172, 2438, 2491, 2713, 3003, 3010, 3030, 3040, 3053, 3060, 3080, 3091, 3104, 3111, 3131, 3141, 3154, 3161, 3179, 3188, 3201, 3208, 3226, 3236, 3249, 3256, 3274, 3284, 3297, 3304, 3324, 3334, 3351, 3355, 3441, 3504, 3579, 3661, 3727, 3857, 3894, 3940, 3983, 4024, 4065, 4103, 4177, 4178, 4180, 4560, 4566, 4588, 4620, 4676, 4709, 4745, 4779, 4866, 4952, 4978, 5014, 5042, 5078, 5572, 5575, 5600, 5647, 5872, 6109, 6162, 6188, 6202, 6238, 6264, 6279, 6316, 6342, 6356, 6460, 6569, 6658, 6680, 6696, 6736, 6758, 6772]@{}
http://www.comp.hkbu.edu.hk/v1/?page=sitemap?=sc@[2154, 2172, 2438, 2491, 2713, 3003, 3010, 3030, 3040, 3053, 3060, 3080, 3091, 3104, 3111, 3131, 3141, 3154, 3161, 3179, 3188, 3201, 3208, 3226, 3236, 3249, 3256, 3274, 3284, 3297, 3304, 3324, 3334, 3351, 3355, 3441, 3504, 3579, 3661, 3727, 3857, 3894, 3940, 3983, 4024, 4065, 4103, 4177, 4178, 4180, 4560, 4566, 4588, 4620, 4708, 4744, 4778, 4865, 4951, 4977, 5013, 5041, 5077, 5571, 5574, 5599, 5646, 5871, 6108, 6161, 6187, 6201, 6242, 6268, 6282, 6318, 6344, 6359, 6467, 6576, 6665, 6687, 6701, 6747, 6769, 6784]@{}
http://www.comp.hkbu.edu.hk/v1/?lang=sc@[2154, 2172, 2438, 2491, 2713, 2997, 3004, 3024, 3034, 3047, 3054, 3074, 3085, 3098, 3105, 3125, 3135, 3148, 3155, 3173, 3182, 3195, 3202, 3220, 3230, 3243, 3250, 3268, 3278, 3291, 3298, 3318, 3328, 3345, 3349, 3435, 3498, 3573, 3655, 3721, 3851, 3888, 3934, 3977, 4018, 4059, 4097, 4172, 4173, 4175, 4555, 4561, 4583, 4615, 4669, 4704, 4740, 4774, 4861, 4947, 4973, 5009, 5037, 5073, 5567, 5570, 5595, 5642, 5867, 6104, 6157, 6183, 6198, 6232, 6258, 6274, 6314, 6340, 6354, 6459, 6568, 6717, 6739, 6753]@{}
http://www.comp.hkbu.edu.hk/~alumni/news/../news/@[586, 597, 605, 615, 622, 623, 1342, 2036, 2525, 2890, 3114, 3189, 3471, 3645]@{}
http://www.comp.hkbu.edu.hk/~alumni/news/../scholarship/@[586]@{}
http://www.comp.hkbu.edu.hk/~alumni/news/../donation/@[586]@{}
http://www.comp.hkbu.edu.hk/v1/?page=job_vacancies?=tc?=tc@[2154, 2172, 2438, 2491, 2713, 3005, 3012, 3032, 3042, 3055, 3062, 3082, 3093, 3106, 3113, 3133, 3143, 3156, 3163, 3181, 3190, 3203, 3210, 3228, 3238, 3251, 3258, 3276, 3286, 3299, 3306, 3326, 3336, 3353, 3357, 3443, 3506, 3581, 3663, 3729, 3859, 3896, 3942, 3985, 4026, 4067, 4105, 4179, 4180, 4182, 4562, 4568, 4590, 4622, 4674, 4710, 4746, 4780, 4867, 4953, 4979, 5015, 5043, 5079, 5573, 5576, 5601, 5648, 5873, 6110, 6163, 6189, 6205, 6244, 6270, 6285, 6319, 6345, 6360, 6466, 6575, 6664, 6686, 6700, 6729, 6751, 6767]@{}
http://www.comp.hkbu.edu.hk/v1/?page=job_vacancies?=sc?=tc@[2154, 2172, 2438, 2491, 2713, 3005, 3012, 3032, 3042, 3055, 3062, 3082, 3093, 3106, 3113, 3133, 3143, 3156, 3163, 3181, 3190, 3203, 3210, 3228, 3238, 3251, 3258, 3276, 3286, 3299, 3306, 3326, 3336, 3353, 3357, 3443, 3506, 3581, 3663, 3729, 3859, 3896, 3942, 3985, 4026, 4067, 4105, 4179, 4180, 4182, 4562, 4568, 4590, 4622, 4686, 4720, 4756, 4790, 4877, 4963, 4989, 5025, 5053, 5089, 5583, 5586, 5611, 5658, 5883, 6120, 6173, 6199, 6213, 6250, 6276, 6292, 6331, 6357, 6372, 6485, 6594, 6683, 6705, 6721, 6760, 6782, 6796]@{}
http://www.comp.hkbu.edu.hk/v1/?page=sitemap?=tc?=tc@[2154, 2172, 2438, 2491, 2713, 3005, 3012, 3032, 3042, 3055, 3062, 3082, 3093, 3106, 3113, 3133, 3143, 3156, 3163, 3181, 3190, 3203, 3210, 3228, 3238, 3251, 3258, 3276, 3286, 3299, 3306, 3326, 3336, 3353, 3357, 3443, 3506, 3581, 3663, 3729, 3859, 3896, 3942, 3985, 4026, 4067, 4105, 4179, 4180, 4182, 4562, 4568, 4590, 4622, 4674, 4710, 4746, 4780, 4867, 4953, 4979, 5015, 5043, 5079, 5573, 5576, 5601, 5648, 5873, 6110, 6163, 6189, 6203, 6243, 6269, 6283, 6315, 6341, 6356, 6462, 6571, 6720, 6742, 6758]@{}
http://www.comp.hkbu.edu.hk/v1/?page=sitemap?=sc?=tc@[2154, 2172, 2438, 2491, 2713, 3005, 3012, 3032, 3042, 3055, 3062, 3082, 3093, 3106, 3113, 3133, 3143, 3156, 3163, 3181, 3190, 3203, 3210, 3228, 3238, 3251, 3258, 3276, 3286, 3299, 3306, 3326, 3336, 3353, 3357, 3443, 3506, 3581, 3663, 3729, 3859, 3896, 3942, 3985, 4026, 4067, 4105, 4179, 4180, 4182, 4562, 4568, 4590, 4622, 4688, 4724, 4760, 4794, 4881, 4967, 4993, 5029, 5057, 5093, 5587, 5590, 5615, 5662, 5887, 6124, 6177, 6203, 6219, 6259, 6285, 6299, 6329, 6355, 6370, 6479, 6588, 6677, 6699, 6715, 6752, 6774, 6790]@{}
http://www.comp.hkbu.edu.hk/v1/?page=home@[2154, 2172, 2438, 2491, 2713, 3001, 3008, 3028, 3038, 3051, 3058, 3078, 3089, 3102, 3109, 3129, 3139, 3152, 3159, 3177, 3186, 3199, 3206, 3224, 3234, 3247, 3254, 3272, 3282, 3295, 3302, 3322, 3332, 3349, 3353, 3439, 3502, 3577, 3659, 3725, 3855, 3892, 3938, 3981, 4022, 4063, 4101, 4175, 4176, 4178, 4558, 4564, 4586, 4618, 4668, 4702, 4738, 4772, 4859, 4945, 4971, 5007, 5035, 5071, 5565, 5568, 5593, 5640, 5865, 6102, 6155, 6181, 6196, 6230, 6256, 6270, 6310, 6336, 6350, 6455, 6564, 6653, 6675, 6690, 6725, 6747, 6761]@{}
http://www.comp.hkbu.edu.hk/~alumni/news/../news/../news/@[586, 597, 605, 615, 622, 623, 1342, 2036, 2525, 2890, 3114, 3189, 3471, 3645]@{}
http://www.comp.hkbu.edu.hk/~alumni/news/../scholarship/../news/@[586, 597, 605, 615, 622, 623, 1342, 2036, 2525, 2890, 3114, 3189, 3471, 3645]@{}
http://www.comp.hkbu.edu.hk/~alumni/news/../donation/../news/@[586, 597, 605, 615, 622, 623, 1342, 2036, 2525, 2890, 3114, 3189, 3471, 3645]@{}
http://www.comp.hkbu.edu.hk/v1/?page=job_vacancies?=tc?=tc?=tc@[2154, 2172, 2438, 2491, 2713, 3007, 3014, 3034, 3044, 3057, 3064, 3084, 3095, 3108, 3115, 3135, 3145, 3158, 3165, 3183, 3192, 3205, 3212, 3230, 3240, 3253, 3260, 3278, 3288, 3301, 3308, 3328, 3338, 3355, 3359, 3445, 3508, 3583, 3665, 3731, 3861, 3898, 3944, 3987, 4028, 4069, 4107, 4182, 4183, 4185, 4565, 4571, 4593, 4625, 4691, 4724, 4760, 4794, 4881, 4967, 4993, 5029, 5057, 5093, 5587, 5590, 5615, 5662, 5887, 6124, 6177, 6203, 6218, 6254, 6280, 6294, 6333, 6359, 6375, 6482, 6591, 6680, 6702, 6716, 6756, 6778, 6794]@{}
http://www.comp.hkbu.edu.hk/v1/?page=job_vacancies?=sc?=tc?=tc@[2154, 2172, 2438, 2491, 2713, 3007, 3014, 3034, 3044, 3057, 3064, 3084, 3095, 3108, 3115, 3135, 3145, 3158, 3165, 3183, 3192, 3205, 3212, 3230, 3240, 3253, 3260, 3278, 3288, 3301, 3308, 3328, 3338, 3355, 3359, 3445, 3508, 3583, 3665, 3731, 3861, 3898, 3944, 3987, 4028, 4069, 4107, 4181, 4182, 4184, 4564, 4570, 4592, 4624, 4674, 4708, 4744, 4778, 4865, 4951, 4977, 5013, 5041, 5077, 5571, 5574, 5599, 5646, 5871, 6108, 6161, 6187, 6203, 6242, 6268, 6282, 6315, 6341, 6355, 6467, 6576, 6725, 6747, 6763]@{}
http://www.comp.hkbu.edu.hk/v1/?page=sitemap?=tc?=tc?=tc@[2154, 2172, 2438, 2491, 2713, 3007, 3014, 3034, 3044, 3057, 3064, 3084, 3095, 3108, 3115, 3135, 3145, 3158, 3165, 3183, 3192, 3205, 3212, 3230, 3240, 3253, 3260, 3278, 3288, 3301, 3308, 3328, 3338, 3355, 3359, 3445, 3508, 3583, 3665, 3731, 3861, 3898, 3944, 3987, 4028, 4069, 4107, 4182, 4183, 4185, 4565, 4571, 4593, 4625, 4679, 4714, 4750, 4784, 4871, 4957, 4983, 5019, 5047, 5083, 5577, 5580, 5605, 5652, 5877, 6114, 6167, 6193, 6209, 6248, 6274, 6290, 6330, 6356, 6370, 6474, 6583, 6672, 6694, 6708, 6748, 6770, 6784]@{}
http://www.comp.hkbu.edu.hk/v1/?page=sitemap?=sc?=tc?=tc@[2154, 2172, 2438, 2491, 2713, 3007, 3014, 3034, 3044, 3057, 3064, 3084, 3095, 3108, 3115, 3135, 3145, 3158, 3165, 3183, 3192, 3205, 3212, 3230, 3240, 3253, 3260, 3278, 3288, 3301, 3308, 3328, 3338, 3355, 3359, 3445, 3508, 3583, 3665, 3731, 3861, 3898, 3944, 3987, 4028, 4069, 4107, 4182, 4183, 4185, 4565, 4571, 4593, 4625, 4717, 4753, 4787, 4874, 4960, 4986, 5022, 5050, 5086, 5580, 5583, 5608, 5655, 5880, 6117, 6170, 6196, 6212, 6252, 6278, 6293, 6328, 6354, 6369, 6475, 6584, 6673, 6695, 6709, 6755, 6777, 6792]@{}
http://www.comp.hkbu.edu.hk/v1/?page=home?=tc@[2154, 2172, 2438, 2491, 2713, 3003, 3010, 3030, 3040, 3053, 3060, 3080, 3091, 3104, 3111, 3131, 3141, 3154, 3161, 3179, 3188, 3201, 3208, 3226, 3236, 3249, 3256, 3274, 3284, 3297, 3304, 3324, 3334, 3351, 3355, 3441, 3504, 3579, 3661, 3727, 3857, 3894, 3940, 3983, 4024, 4065, 4103, 4177, 4178, 4180, 4560, 4566, 4588, 4620, 4676, 4712, 4748, 4782, 4869, 4955, 4981, 5017, 5045, 5081, 5575, 5578, 5603, 5650, 5875, 6112, 6165, 6191, 6205, 6241, 6267, 6283, 6323, 6349, 6365, 6471, 6580, 6669, 6691, 6707, 6746, 6768, 6783]@{}
http://www.comp.hkbu.edu.hk/~alumni/news/../news/../news/../news/@[586, 597, 605, 615, 622, 623, 1342, 2036, 2525, 2890, 3114, 3189, 3471, 3645]@{}
http://www.comp.hkbu.edu.hk/~alumni/news/../scholarship/../news/../news/@[586, 597, 605, 615, 622, 623, 1342, 2036, 2525, 2890, 3114, 3189, 3471, 3645]@{}
http://www.comp.hkbu.edu.hk/~alumni/news/../donation/../news/../news/@[586, 597, 605, 615, 622, 623, 1342, 2036, 2525, 2890, 3114, 3189, 3471, 3645]@{}
http://www.comp.hkbu.edu.hk/v1/?page=job_vacancies?=tc?=tc?=tc?=tc@[2154, 2172, 2438, 2491, 2713, 3009, 3016, 3036, 3046, 3059, 3066, 3086, 3097, 3110, 3117, 3137, 3147, 3160, 3167, 3185, 3194, 3207, 3214, 3232, 3242, 3255, 3262, 3280, 3290, 3303, 3310, 3330, 3340, 3357, 3361, 3447, 3510, 3585, 3667, 3733, 3863, 3900, 3946, 3989, 4030, 4071, 4109, 4184, 4185, 4187, 4567, 4573, 4595, 4627, 4691, 4725, 4761, 4795, 4882, 4968, 4994, 5030, 5058, 5094, 5588, 5591, 5616, 5663, 5888, 6125, 6178, 6204, 6220, 6257, 6283, 6297, 6334, 6360, 6374, 6479, 6588, 6677, 6699, 6713, 6743, 6765, 6779]@{}
http://www.comp.hkbu.edu.hk/v1/?page=job_vacancies?=sc?=tc?=tc?=tc@[2154, 2172, 2438, 2491, 2713, 3009, 3016, 3036, 3046, 3059, 3066, 3086, 3097, 3110, 3117, 3137, 3147, 3160, 3167, 3185, 3194, 3207, 3214, 3232, 3242, 3255, 3262, 3280, 3290, 3303, 3310, 3330, 3340, 3357, 3361, 3447, 3510, 3585, 3667, 3733, 3863, 3900, 3946, 3989, 4030, 4071, 4109, 4184, 4185, 4187, 4567, 4573, 4595, 4627, 4691, 4726, 4762, 4796, 4883, 4969, 4995, 5031, 5059, 5095, 5589, 5592, 5617, 5664, 5889, 6126, 6179, 6205, 6220, 6254, 6280, 6294, 6324, 6350, 6365, 6472, 6581, 6670, 6692, 6707]@{}
http://www.comp.hkbu.edu.hk/v1/?page=sitemap?=tc?=tc?=tc?=tc@[2154, 2172, 2438, 2491, 2713, 3009, 3016, 3036, 3046, 3059, 3066, 3086, 3097, 3110, 3117, 3137, 3147, 3160, 3167, 3185, 3194, 3207, 3214, 3232, 3242, 3255, 3262, 3280, 3290, 3303, 3310, 3330, 3340, 3357, 3361, 3447, 3510, 3585, 3667, 3733, 3863, 3900, 3946, 3989, 4030, 4071, 4109, 4183, 4184, 4186, 4566, 4572, 4594, 4626, 4680, 4714, 4750, 4784, 4871, 4957, 4983, 5019, 5047, 5083, 5577, 5580, 5605, 5652, 5877, 6114, 6167, 6193, 6207, 6246, 6272, 6286, 6322, 6348, 6364, 6473, 6582, 6671, 6693, 6707, 6741, 6763, 6779]@{}
http://www.comp.hkbu.edu.hk/v1/?page=sitemap?=sc?=tc?=tc?=tc@[2154, 2172, 2438, 2491, 2713, 3009, 3016, 3036, 3046, 3059, 3066, 3086, 3097, 3110, 3117, 3137, 3147, 3160, 3167, 3185, 3194, 3207, 3214, 3232, 3242, 3255, 3262, 3280, 3290, 3303, 3310, 3330, 3340, 3357, 3361, 3447, 3510, 3585, 3667, 3733, 3863, 3900, 3946, 3989, 4030, 4071, 4109, 4183, 4184, 4186, 4566, 4572, 4594, 4626, 4690, 4725, 4761, 4795, 4882, 4968, 4994, 5030, 5058, 5094, 5588, 5591, 5616, 5663, 5888, 6125, 6178, 6204, 6218, 6257, 6283, 6299, 6338, 6364, 6378, 6484, 6593, 6682, 6704, 6720, 6755, 6777, 6793]@{}
http://www.comp.hkbu.edu.hk/v1/?page=home?=tc?=tc@[2154, 2172, 2438, 2491, 2713, 3005, 3012, 3032, 3042, 3055, 3062, 3082, 3093, 3106, 3113, 3133, 3143, 3156, 3163, 3181, 3190, 3203, 3210, 3228, 3238, 3251, 3258, 3276, 3286, 3299, 3306, 3326, 3336, 3353, 3357, 3443, 3506, 3581, 3663, 3729, 3859, 3896, 3942, 3985, 4026, 4067, 4105, 4179, 4180, 4182, 4562, 4568, 4590, 4622, 4714, 4750, 4784, 4871, 4957, 4983, 5019, 5047, 5083, 5577, 5580, 5605, 5652, 5877, 6114, 6167, 6193, 6209, 6249, 6275, 6291, 6330, 6356, 6371, 6477, 6586, 6735, 6757, 6771]@{}
http://www.comp.hkbu.edu.hk/~alumni/news/../news/../news/../news/../news/@[586, 597, 605, 615, 622, 623, 1342, 2036, 2525, 2890, 3114, 3189, 3471, 3645]@{}
http://www.comp.hkbu.edu.hk/~alumni/news/../scholarship/../news/../news/../news/@[586, 597, 605, 615, 622, 623, 1342, 2036, 2525, 2890, 3114, 3189, 3471, 3645]@{}
http://www.comp.hkbu.edu.hk/~alumni/news/../donation/../news/../news/../news/@[586, 597, 605, 615, 622, 623, 1342, 2036, 2525, 2890, 3114, 3189, 3471, 3645]@{}
http://www.comp.hkbu.edu.hk/v1/?page=job_vacancies?=tc?=tc?=tc?=tc?=tc@[2154, 2172, 2438, 2491, 2713, 3011, 3018, 3038, 3048, 3061, 3068, 3088, 3099, 3112, 3119, 3139, 3149, 3162, 3169, 3187, 3196, 3209, 3216, 3234, 3244, 3257, 3264, 3282, 3292, 3305, 3312, 3332, 3342, 3359, 3363, 3449, 3512, 3587, 3669, 3735, 3865, 3902, 3948, 3991, 4032, 4073, 4111, 4186, 4187, 4189, 4569, 4575, 4597, 4629, 4693, 4728, 4764, 4798, 4885, 4971, 4997, 5033, 5061, 5097, 5591, 5594, 5619, 5666, 5891, 6128, 6181, 6207, 6221, 6258, 6284, 6298, 6334, 6360, 6375, 6481, 6590, 6679, 6701, 6715]@{}
http://www.comp.hkbu.edu.hk/v1/?page=job_vacancies?=sc?=tc?=tc?=tc?=tc@[2154, 2172, 2438, 2491, 2713, 3011, 3018, 3038, 3048, 3061, 3068, 3088, 3099, 3112, 3119, 3139, 3149, 3162, 3169, 3187, 3196, 3209, 3216, 3234, 3244, 3257, 3264, 3282, 3292, 3305, 3312, 3332, 3342, 3359, 3363, 3449, 3512, 3587, 3669, 3735, 3865, 3902, 3948, 3991, 4032, 4073, 4111, 4185, 4186, 4188, 4568, 4574, 4596, 4628, 4678, 4713, 4749, 4783, 4870, 4956, 4982, 5018, 5046, 5082, 5576, 5579, 5604, 5651, 5876, 6113, 6166, 6192, 6206, 6245, 6271, 6287, 6326, 6352, 6368, 6477, 6586, 6675, 6697, 6711, 6741, 6763, 6777]@{}
http://www.comp.hkbu.edu.hk/v1/?page=sitemap?=tc?=tc?=tc?=tc?=tc@[2154, 2172, 2438, 2491, 2713, 3011, 3018, 3038, 3048, 3061, 3068, 3088, 3099, 3112, 3119, 3139, 3149, 3162, 3169, 3187, 3196, 3209, 3216, 3234, 3244, 3257, 3264, 3282, 3292, 3305, 3312, 3332, 3342, 3359, 3363, 3449, 3512, 3587, 3669, 3735, 3865, 3902, 3948, 3991, 4032, 4073, 4111, 4186, 4187, 4189, 4569, 4575, 4597, 4629, 4681, 4721, 4757, 4791, 4878, 4964, 4990, 5026, 5054, 5090, 5584, 5587, 5612, 5659, 5884, 6121, 6174, 6200, 6214, 6247, 6273, 6289, 6328, 6354, 6368, 6477, 6586, 6675, 6697, 6711, 6755, 6777, 6791]@{}
http://www.comp.hkbu.edu.hk/v1/?page=sitemap?=sc?=tc?=tc?=tc?=tc@[2154, 2172, 2438, 2491, 2713, 3011, 3018, 3038, 3048, 3061, 3068, 3088, 3099, 3112, 3119, 3139, 3149, 3162, 3169, 3187, 3196, 3209, 3216, 3234, 3244, 3257, 3264, 3282, 3292, 3305, 3312, 3332, 3342, 3359, 3363, 3449, 3512, 3587, 3669, 3735, 3865, 3902, 3948, 3991, 4032, 4073, 4111, 4185, 4186, 4188, 4568, 4574, 4596, 4628, 4692, 4727, 4763, 4797, 4884, 4970, 4996, 5032, 5060, 5096, 5590, 5593, 5618, 5665, 5890, 6127, 6180, 6206, 6222, 6261, 6287, 6301, 6335, 6361, 6376, 6485, 6594, 6743, 6765, 6779]@{}
http://www.comp.hkbu.edu.hk/v1/?page=home?=tc?=tc?=tc@[2154, 2172, 2438, 2491, 2713, 3007, 3014, 3034, 3044, 3057, 3064, 3084, 3095, 3108, 3115, 3135, 3145, 3158, 3165, 3183, 3192, 3205, 3212, 3230, 3240, 3253, 3260, 3278, 3288, 3301, 3308, 3328, 3338, 3355, 3359, 3445, 3508, 3583, 3665, 3731, 3861, 3898, 3944, 3987, 4028, 4069, 4107, 4181, 4182, 4184, 4564, 4570, 4592, 4624, 4712, 4748, 4782, 4869, 4955, 4981, 5017, 5045, 5081, 5575, 5578, 5603, 5650, 5875, 6112, 6165, 6191, 6207, 6246, 6272, 6286, 6322, 6348, 6362, 6475, 6584, 6733, 6755, 6769]@{}
http://www.comp.hkbu.edu.hk/~alumni/news/../news/../news/../news/../news/../news/@[586, 597, 605, 615, 622, 623, 1342, 2036, 2525, 2890, 3114, 3189, 3471, 3645]@{}
http://www.comp.hkbu.edu.hk/~alumni/news/../scholarship/../news/../news/../news/../news/@[586, 597, 605, 615, 622, 623, 1342, 2036, 2525, 2890, 3114, 3189, 3471, 3645]@{}
http://www.comp.hkbu.edu.hk/~alumni/news/../donation/../news/../news/../news/../news/@[586, 597, 605, 615, 622, 623, 1342, 2036, 2525, 2890, 3114, 3189, 3471, 3645]@{}
http://www.comp.hkbu.edu.hk/v1/?page=job_vacancies@[1702, 1720, 1986, 2039, 2261, 2549, 2556, 2576, 2586, 2599, 2606, 2626, 2637, 2650, 2657, 2677, 2687, 2700, 2707, 2725, 2734, 2747, 2754, 2772, 2782, 2795, 2802, 2820, 2830, 2843, 2850, 2870, 2880, 2897, 2901, 2987, 3050, 3125, 3207, 3273, 3403, 3440, 3486, 3529, 3570, 3611, 3649, 3724, 3725, 3727, 4146, 4177]@{}
http://www.comp.hkbu.edu.hk/v1/?page=job_vacancies?=tc?=tc?=tc?=tc?=tc?=tc@[2154, 2172, 2438, 2491, 2713, 3013, 3020, 3040, 3050, 3063, 3070, 3090, 3101, 3114, 3121, 3141, 3151, 3164, 3171, 3189, 3198, 3211, 3218, 3236, 3246, 3259, 3266, 3284, 3294, 3307, 3314, 3334, 3344, 3361, 3365, 3451, 3514, 3589, 3671, 3737, 3867, 3904, 3950, 3993, 4034, 4075, 4113, 4188, 4189, 4191, 4571, 4577, 4599, 4631, 4683, 4716, 4752, 4786, 4873, 4959, 4985, 5021, 5049, 5085, 5579, 5582, 5607, 5654, 5879, 6116, 6169, 6195, 6211, 6250, 6276, 6291, 6327, 6353, 6367, 6475, 6584, 6733, 6755, 6769]@{}
http://www.comp.hkbu.edu.hk/v1/?page=job_vacancies?=sc?=tc?=tc?=tc?=tc?=tc@[2154, 2172, 2438, 2491, 2713, 3013, 3020, 3040, 3050, 3063, 3070, 3090, 3101, 3114, 3121, 3141, 3151, 3164, 3171, 3189, 3198, 3211, 3218, 3236, 3246, 3259, 3266, 3284, 3294, 3307, 3314, 3334, 3344, 3361, 3365, 3451, 3514, 3589, 3671, 3737, 3867, 3904, 3950, 3993, 4034, 4075, 4113, 4187, 4188, 4190, 4570, 4576, 4598, 4630, 4682, 4715, 4751, 4785, 4872, 4958, 4984, 5020, 5048, 5084, 5578, 5581, 5606, 5653, 5878, 6115, 6168, 6194, 6208, 6248, 6274, 6288, 6329, 6355, 6371, 6483, 6592, 6681, 6703, 6717, 6750, 6772, 6786]@{}
http://www.comp.hkbu.edu.hk/v1/?page=sitemap?=tc?=tc?=tc?=tc?=tc?=tc@[2154, 2172, 2438, 2491, 2713, 3013, 3020, 3040, 3050, 3063, 3070, 3090, 3101, 3114, 3121, 3141, 3151, 3164, 3171, 3189, 3198, 3211, 3218, 3236, 3246, 3259, 3266, 3284, 3294, 3307, 3314, 3334, 3344, 3361, 3365, 3451, 3514, 3589, 3671, 3737, 3867, 3904, 3950, 3993, 4034, 4075, 4113, 4187, 4188, 4190, 4570, 4576, 4598, 4630, 4684, 4719, 4755, 4789, 4876, 4962, 4988, 5024, 5052, 5088, 5582, 5585, 5610, 5657, 5882, 6119, 6172, 6198, 6214, 6251, 6277, 6291, 6323, 6349, 6363, 6472, 6581, 6670, 6692, 6707, 6742, 6764, 6778]@{}
http://www.comp.hkbu.edu.hk/v1/?page=sitemap?=sc?=tc?=tc?=tc?=tc?=tc@[2154, 2172, 2438, 2491, 2713, 3013, 3020, 3040, 3050, 3063, 3070, 3090, 3101, 3114, 3121, 3141, 3151, 3164, 3171, 3189, 3198, 3211, 3218, 3236, 3246, 3259, 3266, 3284, 3294, 3307, 3314, 3334, 3344, 3361, 3365, 3451, 3514, 3589, 3671, 3737, 3867, 3904, 3950, 3993, 4034, 4075, 4113, 4188, 4189, 4191, 4571, 4577, 4599, 4631, 4697, 4737, 4773, 4807, 4894, 4980, 5006, 5042, 5070, 5106, 5600, 5603, 5628, 5675, 5900, 6137, 6190, 6216, 6231, 6272, 6298, 6312, 6342, 6368, 6382, 6491, 6600, 6689, 6711, 6725, 6755, 6777, 6793]@{}
http://www.comp.hkbu.edu.hk/v1/?page=home?=tc?=tc?=tc?=tc@[2154, 2172, 2438, 2491, 2713, 3009, 3016, 3036, 3046, 3059, 3066, 3086, 3097, 3110, 3117, 3137, 3147, 3160, 3167, 3185, 3194, 3207, 3214, 3232, 3242, 3255, 3262, 3280, 3290, 3303, 3310, 3330, 3340, 3357, 3361, 3447, 3510, 3585, 3667, 3733, 3863, 3900, 3946, 3989, 4030, 4071, 4109, 4184, 4185, 4187, 4567, 4573, 4595, 4627, 4683, 4718, 4754, 4788, 4875, 4961, 4987, 5023, 5051, 5087, 5581, 5584, 5609, 5656, 5881, 6118, 6171, 6197, 6211, 6250, 6276, 6291, 6325, 6351, 6365, 6473, 6582, 6671, 6693, 6707, 6744, 6766, 6781]@{}
http://www.comp.hkbu.edu.hk/~alumni/news/../news/../news/../news/../news/../news/../news/@[586, 597, 605, 615, 622, 623, 1342, 2036, 2525, 2890, 3114, 3189, 3471, 3645]@{}
http://www.comp.hkbu.edu.hk/~alumni/news/../scholarship/../news/../news/../news/../news/../news/@[586, 597, 605, 615, 622, 623, 1342, 2036, 2525, 2890, 3114, 3189, 3471, 3645]@{}
http://www.comp.hkbu.edu.hk/~alumni/news/../donation/../news/../news/../news/../news/../news/@[586, 597, 605, 615, 622, 623, 1342, 2036, 2525, 2890, 3114, 3189, 3471, 3645]@{}
http://www.comp.hkbu.edu.hk/v1/?page=job_vacancies?=tc?=tc?=tc?=tc?=tc?=tc?=tc@[2154, 2172, 2438, 2491, 2713, 3015, 3022, 3042, 3052, 3065, 3072, 3092, 3103, 3116, 3123, 3143, 3153, 3166, 3173, 3191, 3200, 3213, 3220, 3238, 3248, 3261, 3268, 3286, 3296, 3309, 3316, 3336, 3346, 3363, 3367, 3453, 3516, 3591, 3673, 3739, 3869, 3906, 3952, 3995, 4036, 4077, 4115, 4190, 4191, 4193, 4573, 4579, 4601, 4633, 4685, 4720, 4756, 4790, 4877, 4963, 4989, 5025, 5053, 5089, 5583, 5586, 5611, 5658, 5883, 6120, 6173, 6199, 6215, 6254, 6280, 6295, 6329, 6355, 6369, 6471, 6580, 6729, 6751, 6765]@{}
http://www.comp.hkbu.edu.hk/v1/?page=job_vacancies?=sc?=tc?=tc?=tc?=tc?=tc?=tc@[2154, 2172, 2438, 2491, 2713, 3015, 3022, 3042, 3052, 3065, 3072, 3092, 3103, 3116, 3123, 3143, 3153, 3166, 3173, 3191, 3200, 3213, 3220, 3238, 3248, 3261, 3268, 3286, 3296, 3309, 3316, 3336, 3346, 3363, 3367, 3453, 3516, 3591, 3673, 3739, 3869, 3906, 3952, 3995, 4036, 4077, 4115, 4190, 4191, 4193, 4573, 4579, 4601, 4633, 4683, 4717, 4753, 4787, 4874, 4960, 4986, 5022, 5050, 5086, 5580, 5583, 5608, 5655, 5880, 6117, 6170, 6196, 6212, 6249, 6275, 6289, 6322, 6348, 6363, 6471, 6580, 6669, 6691, 6705, 6751, 6773, 6788]@{}
http://www.comp.hkbu.edu.hk/v1/?page=sitemap?=tc?=tc?=tc?=tc?=tc?=tc?=tc@[2154, 2172, 2438, 2491, 2713, 3015, 3022, 3042, 3052, 3065, 3072, 3092, 3103, 3116, 3123, 3143, 3153, 3166, 3173, 3191, 3200, 3213, 3220, 3238, 3248, 3261, 3268, 3286, 3296, 3309, 3316, 3336, 3346, 3363, 3367, 3453, 3516, 3591, 3673, 3739, 3869, 3906, 3952, 3995, 4036, 4077, 4115, 4189, 4190, 4192, 4572, 4578, 4600, 4632, 4684, 4719, 4755, 4789, 4876, 4962, 4988, 5024, 5052, 5088, 5582, 5585, 5610, 5657, 5882, 6119, 6172, 6198, 6213, 6247, 6273, 6287, 6320, 6346, 6360, 6468, 6577, 6726, 6748, 6764]@{}
http://www.comp.hkbu.edu.hk/v1/?page=sitemap?=sc?=tc?=tc?=tc?=tc?=tc?=tc@[2154, 2172, 2438, 2491, 2713, 3015, 3022, 3042, 3052, 3065, 3072, 3092, 3103, 3116, 3123, 3143, 3153, 3166, 3173, 3191, 3200, 3213, 3220, 3238, 3248, 3261, 3268, 3286, 3296, 3309, 3316, 3336, 3346, 3363, 3367, 3453, 3516, 3591, 3673, 3739, 3869, 3906, 3952, 3995, 4036, 4077, 4115, 4189, 4190, 4192, 4572, 4578, 4600, 4632, 4688, 4721, 4757, 4791, 4878, 4964, 4990, 5026, 5054, 5090, 5584, 5587, 5612, 5659, 5884, 6121, 6174, 6200, 6214, 6248, 6274, 6290, 6329, 6355, 6371, 6483, 6592, 6681, 6703, 6719, 6756, 6778, 6792]@{}
http://www.comp.hkbu.edu.hk/v1/?page=home?=tc?=tc?=tc?=tc?=tc@[2154, 2172, 2438, 2491, 2713, 3011, 3018, 3038, 3048, 3061, 3068, 3088, 3099, 3112, 3119, 3139, 3149, 3162, 3169, 3187, 3196, 3209, 3216, 3234, 3244, 3257, 3264, 3282, 3292, 3305, 3312, 3332, 3342, 3359, 3363, 3449, 3512, 3587, 3669, 3735, 3865, 3902, 3948, 3991, 4032, 4073, 4111, 4186, 4187, 4189, 4569, 4575, 4597, 4629, 4681, 4721, 4757, 4791, 4878, 4964, 4990, 5026, 5054, 5090, 5584, 5587, 5612, 5659, 5884, 6121, 6174, 6200, 6214, 6253, 6279, 6293, 6329, 6355, 6371, 6477, 6586, 6675, 6697, 6711, 6757, 6779, 6795]@{}
http://www.comp.hkbu.edu.hk/~alumni/news/../news/../news/../news/../news/../news/../news/../news/@[586, 597, 605, 615, 622, 623, 1342, 2036, 2525, 2890, 3114, 3189, 3471, 3645]@{}
http://www.comp.hkbu.edu.hk/~alumni/news/../scholarship/../news/../news/../news/../news/../news/../news/@[586, 597, 605, 615, 622, 623, 1342, 2036, 2525, 2890, 3114, 3189, 3471, 3645]@{}
http://www.comp.hkbu.edu.hk/~alumni/news/../donation/../news/../news/../news/../news/../news/../news/@[586, 597, 605, 615, 622, 623, 1342, 2036, 2525, 2890, 3114, 3189, 3471, 3645]@{}
http://www.comp.hkbu.edu.hk/v1/?page=job_vacancies?=tc?=tc?=tc?=tc?=tc?=tc?=tc?=tc@[2154, 2172, 2438, 2491, 2713, 3017, 3024, 3044, 3054, 3067, 3074, 3094, 3105, 3118, 3125, 3145, 3155, 3168, 3175, 3193, 3202, 3215, 3222, 3240, 3250, 3263, 3270, 3288, 3298, 3311, 3318, 3338, 3348, 3365, 3369, 3455, 3518, 3593, 3675, 3741, 3871, 3908, 3954, 3997, 4038, 4079, 4117, 4192, 4193, 4195, 4575, 4581, 4603, 4635, 4701, 4736, 4772, 4806, 4893, 4979, 5005, 5041, 5069, 5105, 5599, 5602, 5627, 5674, 5899, 6136, 6189, 6215, 6229, 6268, 6294, 6310, 6349, 6375, 6389, 6491, 6600, 6689, 6711, 6725, 6769, 6791, 6807]@{}
http://www.comp.hkbu.edu.hk/v1/?page=job_vacancies?=sc?=tc?=tc?=tc?=tc?=tc?=tc?=tc@[2154, 2172, 2438, 2491, 2713, 3017, 3024, 3044, 3054, 3067, 3074, 3094, 3105, 3118, 3125, 3145, 3155, 3168, 3175, 3193, 3202, 3215, 3222, 3240, 3250, 3263, 3270, 3288, 3298, 3311, 3318, 3338, 3348, 3365, 3369, 3455, 3518, 3593, 3675, 3741, 3871, 3908, 3954, 3997, 4038, 4079, 4117, 4192, 4193, 4195, 4575, 4581, 4603, 4635, 4687, 4720, 4756, 4790, 4877, 4963, 4989, 5025, 5053, 5089, 5583, 5586, 5611, 5658, 5883, 6120, 6173, 6199, 6215, 6254, 6280, 6295, 6336, 6362, 6376, 6487, 6596, 6685, 6707, 6721, 6751, 6773, 6787]@{}
http://www.comp.hkbu.edu.hk/v1/?page=sitemap?=tc?=tc?=tc?=tc?=tc?=tc?=tc?=tc@[2154, 2172, 2438, 2491, 2713, 3017, 3024, 3044, 3054, 3067, 3074, 3094, 3105, 3118, 3125, 3145, 3155, 3168, 3175, 3193, 3202, 3215, 3222, 3240, 3250, 3263, 3270, 3288, 3298, 3311, 3318, 3338, 3348, 3365, 3369, 3455, 3518, 3593, 3675, 3741, 3871, 3908, 3954, 3997, 4038, 4079, 4117, 4192, 4193, 4195, 4575, 4581, 4603, 4635, 4723, 4759, 4793, 4880, 4966, 4992, 5028, 5056, 5092, 5586, 5589, 5614, 5661, 5886, 6123, 6176, 6202, 6216, 6249, 6275, 6289, 6322, 6348, 6363, 6472, 6581, 6670, 6692, 6708, 6748, 6770, 6784]@{}
http://www.comp.hkbu.edu.hk/v1/?page=sitemap?=sc?=tc?=tc?=tc?=tc?=tc?=tc?=tc@[2154, 2172, 2438, 2491, 2713, 3017, 3024, 3044, 3054, 3067, 3074, 3094, 3105, 3118, 3125, 3145, 3155, 3168, 3175, 3193, 3202, 3215, 3222, 3240, 3250, 3263, 3270, 3288, 3298, 3311, 3318, 3338, 3348, 3365, 3369, 3455, 3518, 3593, 3675, 3741, 3871, 3908, 3954, 3997, 4038, 4079, 4117, 4192, 4193, 4195, 4575, 4581, 4603, 4635, 4701, 4737, 4773, 4807, 4894, 4980, 5006, 5042, 5070, 5106, 5600, 5603, 5628, 5675, 5900, 6137, 6190, 6216, 6232, 6272, 6298, 6312, 6345, 6371, 6387, 6498, 6607, 6756, 6778, 6792]@{}
http://www.comp.hkbu.edu.hk/v1/?page=sitemap@[1700, 1718, 1984, 2037, 2259, 2547, 2554, 2574, 2584, 2597, 2604, 2624, 2635, 2648, 2655, 2675, 2685, 2698, 2705, 2723, 2732, 2745, 2752, 2770, 2780, 2793, 2800, 2818, 2828, 2841, 2848, 2868, 2878, 2895, 2899, 2985, 3048, 3123, 3205, 3271, 3401, 3438, 3484, 3527, 3568, 3609, 3647, 3721, 3722, 3724]@{}
http://www.comp.hkbu.edu.hk/v1/?page=home?=tc?=tc?=tc?=tc?=tc?=tc@[2154, 2172, 2438, 2491, 2713, 3013, 3020, 3040, 3050, 3063, 3070, 3090, 3101, 3114, 3121, 3141, 3151, 3164, 3171, 3189, 3198, 3211, 3218, 3236, 3246, 3259, 3266, 3284, 3294, 3307, 3314, 3334, 3344, 3361, 3365, 3451, 3514, 3589, 3671, 3737, 3867, 3904, 3950, 3993, 4034, 4075, 4113, 4187, 4188, 4190, 4570, 4576, 4598, 4630, 4686, 4722, 4758, 4792, 4879, 4965, 4991, 5027, 5055, 5091, 5585, 5588, 5613, 5660, 5885, 6122, 6175, 6201, 6217, 6257, 6283, 6298, 6332, 6358, 6372, 6484, 6593, 6682, 6704, 6720, 6757, 6779, 6793]@{}
http://www.comp.hkbu.edu.hk/~alumni/news/../news/../news/../news/../news/../news/../news/../news/../news/@[586, 597, 605, 615, 622, 623, 1342, 2036, 2525, 2890, 3114, 3189, 3471, 3645]@{}
http://www.comp.hkbu.edu.hk/~alumni/news/../scholarship/../news/../news/../news/../news/../news/../news/../news/@[586, 597, 605, 615, 622, 623, 1342, 2036, 2525, 2890, 3114, 3189, 3471, 3645]@{}
http://www.comp.hkbu.edu.hk/~alumni/news/../donation/../news/../news/../news/../news/../news/../news/../news/@[586, 597, 605, 615, 622, 623, 1342, 2036, 2525, 2890, 3114, 3189, 3471, 3645]@{}
http://www.comp.hkbu.edu.hk/v1/?page=job_vacancies?=tc?=tc?=tc?=tc?=tc?=tc?=tc?=tc?=tc@[2154, 2172, 2438, 2491, 2713, 3019, 3026, 3046, 3056, 3069, 3076, 3096, 3107, 3120, 3127, 3147, 3157, 3170, 3177, 3195, 3204, 3217, 3224, 3242, 3252, 3265, 3272, 3290, 3300, 3313, 3320, 3340, 3350, 3367, 3371, 3457, 3520, 3595, 3677, 3743, 3873, 3910, 3956, 3999, 4040, 4081, 4119, 4194, 4195, 4197, 4577, 4583, 4605, 4637, 4703, 4736, 4772, 4806, 4893, 4979, 5005, 5041, 5069, 5105, 5599, 5602, 5627, 5674, 5899, 6136, 6189, 6215, 6229, 6265, 6291, 6306, 6342, 6368, 6382, 6490, 6599, 6688, 6710, 6725]@{}
http://www.comp.hkbu.edu.hk/v1/?page=job_vacancies?=sc?=tc?=tc?=tc?=tc?=tc?=tc?=tc?=tc@[2154, 2172, 2438, 2491, 2713, 3019, 3026, 3046, 3056, 3069, 3076, 3096, 3107, 3120, 3127, 3147, 3157, 3170, 3177, 3195, 3204, 3217, 3224, 3242, 3252, 3265, 3272, 3290, 3300, 3313, 3320, 3340, 3350, 3367, 3371, 3457, 3520, 3595, 3677, 3743, 3873, 3910, 3956, 3999, 4040, 4081, 4119, 4194, 4195, 4197, 4577, 4583, 4605, 4637, 4701, 4735, 4771, 4805, 4892, 4978, 5004, 5040, 5068, 5104, 5598, 5601, 5626, 5673, 5898, 6135, 6188, 6214, 6228, 6264, 6290, 6306, 6345, 6371, 6386, 6494, 6603, 6692, 6714, 6728, 6767, 6789, 6803]@{}
http://www.comp.hkbu.edu.hk/v1/?page=sitemap?=tc?=tc?=tc?=tc?=tc?=tc?=tc?=tc?=tc@[2154, 2172, 2438, 2491, 2713, 3019, 3026, 3046, 3056, 3069, 3076, 3096, 3107, 3120, 3127, 3147, 3157, 3170, 3177, 3195, 3204, 3217, 3224, 3242, 3252, 3265, 3272, 3290, 3300, 3313, 3320, 3340, 3350, 3367, 3371, 3457, 3520, 3595, 3677, 3743, 3873, 3910, 3956, 3999, 4040, 4081, 4119, 4193, 4194, 4196, 4576, 4582, 4604, 4636, 4686, 4720, 4756, 4790, 4877, 4963, 4989, 5025, 5053, 5089, 5583, 5586, 5611, 5658, 5883, 6120, 6173, 6199, 6215, 6254, 6280, 6295, 6330, 6356, 6370, 6472, 6581, 6730, 6752, 6767]@{}
http://www.comp.hkbu.edu.hk/v1/?page=sitemap?=sc?=tc?=tc?=tc?=tc?=tc?=tc?=tc?=tc@[2154, 2172, 2438, 2491, 2713, 3019, 3026, 3046, 3056, 3069, 3076, 3096, 3107, 3120, 3127, 3147, 3157, 3170, 3177, 3195, 3204, 3217, 3224, 3242, 3252, 3265, 3272, 3290, 3300, 3313, 3320, 3340, 3350, 3367, 3371, 3457, 3520, 3595, 3677, 3743, 3873, 3910, 3956, 3999, 4040, 4081, 4119, 4193, 4194, 4196, 4576, 4582, 4604, 4636, 4702, 4738, 4774, 4808, 4895, 4981, 5007, 5043, 5071, 5107, 5601, 5604, 5629, 5676, 5901, 6138, 6191, 6217, 6233, 6268, 6294, 6308, 6345, 6371, 6387, 6496, 6605, 6694, 6716, 6731]@{}
http://www.comp.hkbu.edu.hk/v1/?lang=tc@[2154, 2172, 2438, 2491, 2713, 2997, 3004, 3024, 3034, 3047, 3054, 3074, 3085, 3098, 3105, 3125, 3135, 3148, 3155, 3173, 3182, 3195, 3202, 3220, 3230, 3243, 3250, 3268, 3278, 3291, 3298, 3318, 3328, 3345, 3349, 3435, 3498, 3573, 3655, 3721, 3851, 3888, 3934, 3977, 4018, 4059, 4097, 4171, 4172, 4174, 4554, 4560, 4582, 4614, 4680, 4720, 4756, 4790, 4877, 4963, 4989, 5025, 5053, 5089, 5583, 5586, 5611, 5658, 5883, 6120, 6173, 6199, 6215, 6254, 6280, 6294, 6330, 6356, 6371, 6484, 6593, 6682, 6704, 6718, 6751, 6773, 6789]@{}
http://www.comp.hkbu.edu.hk/~alumni/news/@[586, 597, 605, 615, 622, 623, 1342, 2036, 2525, 2890, 3114, 3189, 3471, 3645]@{}
http://www.sci.hkbu.edu.hk/eng/page/?page=prospective-students@[73, 179, 611, 616, 722, 819, 967, 1136, 1201, 1212, 1894, 2333, 2369, 3433, 3446]@{}
http://www.sci.hkbu.edu.hk/eng/page/?page=current-students@[73, 179, 611, 616, 722, 819, 967, 1136, 1201, 1212, 1894, 2333, 2369, 3089, 3102]@{}
http://www.sci.hkbu.edu.hk/eng/page/@[73, 179, 611, 616, 722, 819, 967, 1136, 1201, 1212, 1894, 2333, 2380, 3192, 3205]@{}
http://www.sci.hkbu.edu.hk/eng/about-us/honorary-doctorate@[73, 179, 611, 616, 722, 819, 967, 1136, 1201, 1212, 1894, 2333, 2359, 2620, 3723, 3736]@{}
http://www.sci.hkbu.edu.hk/eng/about-us/distinguished-professorship/eng/page/?page=prospective-students@[73, 179, 611, 616, 722, 819, 967, 1136, 1201, 1212, 1894, 2333, 2388, 2391, 2394, 2400, 2409, 2418, 2427, 2436, 2453, 2518, 2521, 2538, 2748, 2764, 3012, 3050, 3055, 3804, 3820, 3832, 5426, 5456, 5486, 5516, 5546, 6619, 7888, 7901]@{}
http://www.sci.hkbu.edu.hk/eng/about-us/honorary-doctorate/eng/page/?page=prospective-students@[73, 179, 611, 616, 722, 819, 967, 1136, 1201, 1212, 1894, 2333, 2388, 2391, 2394, 2400, 2409, 2418, 2427, 2436, 2453, 2518, 2521, 2538, 2748, 2764, 3012, 3050, 3055, 3804, 3820, 3832, 5426, 5456, 5486, 5516, 5546, 6619, 7888, 7901]@{}
http://www.sci.hkbu.edu.hk/eng/about-us/distinguished-professor-of-science@[73, 179, 611, 616, 722, 819, 967, 1136, 1201, 1212, 1894, 2333, 2359, 2624, 3539, 3552]@{}
http://www.sci.hkbu.edu.hk/eng/about-us/dr-kennedy-wong-distinguished-visiting-professorship-scheme@[73, 179, 611, 616, 722, 819, 967, 1136, 1201, 1212, 1894, 2333, 2359, 2630, 3208, 3221]@{}
http://www.sci.hkbu.edu.hk/eng/about-us/distinguished-professor-of-science/eng/page/?page=prospective-students@[73, 179, 611, 616, 722, 819, 967, 1136, 1201, 1212, 1894, 2333, 2388, 2391, 2394, 2400, 2409, 2418, 2427, 2436, 2453, 2518, 2521, 2538, 2748, 2764, 3012, 3050, 3055, 3804, 3820, 3832, 5426, 5456, 5486, 5516, 5546, 6619, 7888, 7901]@{}
http://www.sci.hkbu.edu.hk/eng/about-us/dr-kennedy-wong-distinguished-visiting-professorship-scheme/eng/page/?page=prospective-students@[73, 179, 611, 616, 722, 819, 967, 1136, 1201, 1212, 1894, 2333, 2388, 2391, 2394, 2400, 2409, 2418, 2427, 2436, 2453, 2518, 2521, 2538, 2748, 2764, 3012, 3050, 3055, 3804, 3820, 3832, 5426, 5456, 5486, 5516, 5546, 6619, 7888, 7901]@{}
http://www.sci.hkbu.edu.hk/eng/page/eng/about-us/vision-mission@[73, 179, 611, 616, 722, 819, 967, 1136, 1201, 1212, 1894, 2333, 2388, 2391, 2394, 2400, 2409, 2418, 2427, 2436, 2453, 2518, 2521, 2538, 2748, 2764, 3012, 3050, 3055, 3804, 3820, 3832, 5426, 5456, 5486, 5516, 5546, 6619, 7888, 7901]@{}
http://www.sci.hkbu.edu.hk/eng/page/eng/about-us/faculty-advisory-committee@[73, 179, 611, 616, 722, 819, 967, 1136, 1201, 1212, 1894, 2333, 2388, 2391, 2394, 2400, 2409, 2418, 2427, 2436, 2453, 2518, 2521, 2538, 2748, 2764, 3012, 3050, 3055, 3804, 3820, 3832, 5426, 5456, 5486, 5516, 5546, 6619, 7888, 7901]@{}
http://www.sci.hkbu.edu.hk/eng@[73, 179, 611, 616, 722, 819, 967, 1136, 1201, 1212, 1894, 2333, 2388, 2391, 2394, 2400, 2409, 2418, 2427, 2436, 2453, 2518, 2521, 2538, 2748, 2764, 3012, 3050, 3055, 3804, 3820, 3832, 5426, 5456, 5486, 5516, 5546, 6619, 7888, 7901]@{}
http://www.sci.hkbu.edu.hk/eng/about-us/vision-mission@[73, 179, 611, 616, 722, 819, 967, 1136, 1201, 1212, 1894, 2333, 2359, 2620, 3112, 3125]@{}
http://www.sci.hkbu.edu.hk/eng/about-us/faculty-advisory-committee@[73, 179, 611, 616, 722, 819, 967, 1136, 1201, 1212, 1894, 2333, 2359, 2615, 3866, 3879]@{}
http://www.sci.hkbu.edu.hk/eng/about-us/vision-mission/eng/page/?page=prospective-students@[73, 179, 611, 616, 722, 819, 967, 1136, 1201, 1212, 1894, 2333, 2388, 2391, 2394, 2400, 2409, 2418, 2427, 2436, 2453, 2518, 2521, 2538, 2748, 2764, 3012, 3050, 3055, 3804, 3820, 3832, 5426, 5456, 5486, 5516, 5546, 6619, 7888, 7901]@{}
http://www.sci.hkbu.edu.hk/eng/about-us/faculty-advisory-committee/eng/page/?page=prospective-students@[73, 179, 611, 616, 722, 819, 967, 1136, 1201, 1212, 1894, 2333, 2388, 2391, 2394, 2400, 2409, 2418, 2427, 2436, 2453, 2518, 2521, 2538, 2748, 2764, 3012, 3050, 3055, 3804, 3820, 3832, 5426, 5456, 5486, 5516, 5546, 6619, 7888, 7901]@{}
http://www.sci.hkbu.edu.hk/eng/about-us/distinguished-professorship@[73, 179, 611, 616, 722, 819, 967, 1136, 1201, 1212, 1894, 2333, 2359, 2613, 2757, 2770]@{}
