http://www.comp.hkbu.edu.hk@[651, 780, 824, 858, 935, 956, 978, 1011, 1061, 1085, 1104, 1130, 1149, 1194, 1239, 1283, 1309, 1661, 1821, 1835, 1845, 2470, 2476, 2799, 2802, 3873, 3914, 3962, 4003, 4044, 4082, 4281, 5561, 5714, 5764, 5770, 5778, 5785, 5798, 6045, 6051, 6054]@{}
http://www.comp.hkbu.edu.hk/v1/?page=sci@[810, 2533, 2549, 2753, 2775, 3087, 3159, 3232, 3309, 3381, 3455, 3527, 3594, 3666, 3742, 3825, 3843, 4092, 8007]@{}
http://www.comp.hkbu.edu.hk/v1/?page=job_vacancies?=tc@[651, 780, 824, 858, 935, 956, 978, 1011, 1061, 1085, 1104, 1130, 1149, 1194, 1239, 1283, 1309, 1661, 1821, 1835, 1845, 2470, 2476, 2799, 2802, 3879, 3920, 3968, 4009, 4050, 4088, 4287, 5557, 5710, 5760, 5766, 5774, 5781, 5794, 6041, 6047, 6050]@{}
http://www.comp.hkbu.edu.hk/v1/?page=job_vacancies?=sc@[651, 780, 824, 858, 935, 956, 978, 1011, 1061, 1085, 1104, 1130, 1149, 1194, 1239, 1283, 1309, 1661, 1821, 1835, 1845, 2470, 2476, 2799, 2802, 3879, 3920, 3968, 4009, 4050, 4088, 4287, 5557, 5710, 5760, 5766, 5774, 5781, 5794, 6041, 6047, 6050]@{}
http://www.comp.hkbu.edu.hk/v1/?page=sitemap?=tc@[651, 780, 824, 858, 935, 956, 978, 1011, 1061, 1085, 1104, 1130, 1149, 1194, 1239, 1283, 1309, 1661, 1821, 1835, 1845, 2470, 2476, 2799, 2802, 3879, 3920, 3968, 4009, 4050, 4088, 4286, 5553, 5706, 5756, 5762, 5770, 5777, 5790, 6037, 6043, 6046]@{}
http://www.comp.hkbu.edu.hk/v1/?page=sitemap?=sc@[651, 780, 824, 858, 935, 956, 978, 1011, 1061, 1085, 1104, 1130, 1149, 1194, 1239, 1283, 1309, 1661, 1821, 1835, 1845, 2470, 2476, 2799, 2802, 3879, 3920, 3968, 4009, 4050, 4088, 4286, 5552, 5705, 5755, 5761, 5769, 5776, 5789, 6036, 6042, 6045]@{}
http://www.comp.hkbu.edu.hk/v1/?lang=sc@[651, 780, 824, 858, 935, 956, 978, 1011, 1061, 1085, 1104, 1130, 1149, 1194, 1239, 1283, 1309, 1661, 1821, 1835, 1845, 2470, 2476, 2799, 2802, 3873, 3914, 3962, 4003, 4044, 4082, 4281, 5548, 5701, 5751, 5757, 5765, 5772, 5785, 6032, 6038, 6041]@{}
http://www.comp.hkbu.edu.hk/v1/?page=job_vacancies?=tc?=tc@[651, 780, 824, 858, 935, 956, 978, 1011, 1061, 1085, 1104, 1130, 1149, 1194, 1239, 1283, 1309, 1661, 1821, 1835, 1845, 2470, 2476, 2799, 2802, 3881, 3922, 3970, 4011, 4052, 4090, 4288, 5554, 5707, 5757, 5763, 5771, 5778, 5791, 6038, 6044, 6047]@{}
http://www.comp.hkbu.edu.hk/v1/?page=job_vacancies?=sc?=tc@[651, 780, 824, 858, 935, 956, 978, 1011, 1061, 1085, 1104, 1130, 1149, 1194, 1239, 1283, 1309, 1661, 1821, 1835, 1845, 2470, 2476, 2799, 2802, 3881, 3922, 3970, 4011, 4052, 4090, 4288, 5564, 5717, 5767, 5773, 5781, 5788, 5801, 6048, 6054, 6057]@{}
http://www.comp.hkbu.edu.hk/v1/?page=sitemap?=tc?=tc@[651, 780, 824, 858, 935, 956, 978, 1011, 1061, 1085, 1104, 1130, 1149, 1194, 1239, 1283, 1309, 1661, 1821, 1835, 1845, 2470, 2476, 2799, 2802, 3881, 3922, 3970, 4011, 4052, 4090, 4288, 5554, 5707, 5757, 5763, 5771, 5778, 5791, 6038, 6044, 6047]@{}
http://www.comp.hkbu.edu.hk/v1/?page=sitemap?=sc?=tc@[651, 780, 824, 858, 935, 956, 978, 1011, 1061, 1085, 1104, 1130, 1149, 1194, 1239, 1283, 1309, 1661, 1821, 1835, 1845, 2470, 2476, 2799, 2802, 3881, 3922, 3970, 4011, 4052, 4090, 4288, 5568, 5721, 5771, 5777, 5785, 5792, 5805, 6052, 6058, 6061]@{}
http://www.comp.hkbu.edu.hk/v1/?page=home@[651, 780, 824, 858, 935, 956, 978, 1011, 1061, 1085, 1104, 1130, 1149, 1194, 1239, 1283, 1309, 1661, 1821, 1835, 1845, 2470, 2476, 2799, 2802, 3877, 3918, 3966, 4007, 4048, 4086, 4284, 5546, 5699, 5749, 5755, 5763, 5770, 5783, 6030, 6036, 6039]@{}
http://www.comp.hkbu.edu.hk/v1/?page=job_vacancies?=tc?=tc?=tc@[651, 780, 824, 858, 935, 956, 978, 1011, 1061, 1085, 1104, 1130, 1149, 1194, 1239, 1283, 1309, 1661, 1821, 1835, 1845, 2470, 2476, 2799, 2802, 3883, 3924, 3972, 4013, 4054, 4092, 4291, 5568, 5721, 5771, 5777, 5785, 5792, 5805, 6052, 6058, 6061]@{}
http://www.comp.hkbu.edu.hk/v1/?page=job_vacancies?=sc?=tc?=tc@[651, 780, 824, 858, 935, 956, 978, 1011, 1061, 1085, 1104, 1130, 1149, 1194, 1239, 1283, 1309, 1661, 1821, 1835, 1845, 2470, 2476, 2799, 2802, 3883, 3924, 3972, 4013, 4054, 4092, 4290, 5552, 5705, 5755, 5761, 5769, 5776, 5789, 6036, 6042, 6045]@{}
http://www.comp.hkbu.edu.hk/v1/?page=sitemap?=tc?=tc?=tc@[651, 780, 824, 858, 935, 956, 978, 1011, 1061, 1085, 1104, 1130, 1149, 1194, 1239, 1283, 1309, 1661, 1821, 1835, 1845, 2470, 2476, 2799, 2802, 3883, 3924, 3972, 4013, 4054, 4092, 4291, 5558, 5711, 5761, 5767, 5775, 5782, 5795, 6042, 6048, 6051]@{}
http://www.comp.hkbu.edu.hk/v1/?page=sitemap?=sc?=tc?=tc@[651, 780, 824, 858, 935, 956, 978, 1011, 1061, 1085, 1104, 1130, 1149, 1194, 1239, 1283, 1309, 1661, 1821, 1835, 1845, 2470, 2476, 2799, 2802, 3883, 3924, 3972, 4013, 4054, 4092, 4291, 5561, 5714, 5764, 5770, 5778, 5785, 5798, 6045, 6051, 6054]@{}
http://www.comp.hkbu.edu.hk/v1/?page=home?=tc@[651, 780, 824, 858, 935, 956, 978, 1011, 1061, 1085, 1104, 1130, 1149, 1194, 1239, 1283, 1309, 1661, 1821, 1835, 1845, 2470, 2476, 2799, 2802, 3879, 3920, 3968, 4009, 4050, 4088, 4286, 5556, 5709, 5759, 5765, 5773, 5780, 5793, 6040, 6046, 6049]@{}
http://www.comp.hkbu.edu.hk/v1/?page=job_vacancies?=tc?=tc?=tc?=tc@[651, 780, 824, 858, 935, 956, 978, 1011, 1061, 1085, 1104, 1130, 1149, 1194, 1239, 1283, 1309, 1661, 1821, 1835, 1845, 2470, 2476, 2799, 2802, 3885, 3926, 3974, 4015, 4056, 4094, 4293, 5569, 5722, 5772, 5778, 5786, 5793, 5806, 6053, 6059, 6062]@{}
http://www.comp.hkbu.edu.hk/v1/?page=job_vacancies?=sc?=tc?=tc?=tc@[651, 780, 824, 858, 935, 956, 978, 1011, 1061, 1085, 1104, 1130, 1149, 1194, 1239, 1283, 1309, 1661, 1821, 1835, 1845, 2470, 2476, 2799, 2802, 3885, 3926, 3974, 4015, 4056, 4094, 4293, 5570, 5723, 5773, 5779, 5787, 5794, 5807, 6054, 6060, 6063]@{}
http://www.comp.hkbu.edu.hk/v1/?page=sitemap?=tc?=tc?=tc?=tc@[651, 780, 824, 858, 935, 956, 978, 1011, 1061, 1085, 1104, 1130, 1149, 1194, 1239, 1283, 1309, 1661, 1821, 1835, 1845, 2470, 2476, 2799, 2802, 3885, 3926, 3974, 4015, 4056, 4094, 4292, 5558, 5711, 5761, 5767, 5775, 5782, 5795, 6042, 6048, 6051]@{}
http://www.comp.hkbu.edu.hk/v1/?page=sitemap?=sc?=tc?=tc?=tc@[651, 780, 824, 858, 935, 956, 978, 1011, 1061, 1085, 1104, 1130, 1149, 1194, 1239, 1283, 1309, 1661, 1821, 1835, 1845, 2470, 2476, 2799, 2802, 3885, 3926, 3974, 4015, 4056, 4094, 4292, 5569, 5722, 5772, 5778, 5786, 5793, 5806, 6053, 6059, 6062]@{}
http://www.comp.hkbu.edu.hk/v1/?page=home?=tc?=tc@[651, 780, 824, 858, 935, 956, 978, 1011, 1061, 1085, 1104, 1130, 1149, 1194, 1239, 1283, 1309, 1661, 1821, 1835, 1845, 2470, 2476, 2799, 2802, 3881, 3922, 3970, 4011, 4052, 4090, 4288, 5558, 5711, 5761, 5767, 5775, 5782, 5795, 6042, 6048, 6051]@{}
http://www.comp.hkbu.edu.hk/v1/?page=job_vacancies?=tc?=tc?=tc?=tc?=tc@[651, 780, 824, 858, 935, 956, 978, 1011, 1061, 1085, 1104, 1130, 1149, 1194, 1239, 1283, 1309, 1661, 1821, 1835, 1845, 2470, 2476, 2799, 2802, 3887, 3928, 3976, 4017, 4058, 4096, 4295, 5572, 5725, 5775, 5781, 5789, 5796, 5809, 6056, 6062, 6065]@{}
http://www.comp.hkbu.edu.hk/v1/?page=job_vacancies?=sc?=tc?=tc?=tc?=tc@[651, 780, 824, 858, 935, 956, 978, 1011, 1061, 1085, 1104, 1130, 1149, 1194, 1239, 1283, 1309, 1661, 1821, 1835, 1845, 2470, 2476, 2799, 2802, 3887, 3928, 3976, 4017, 4058, 4096, 4294, 5557, 5710, 5760, 5766, 5774, 5781, 5794, 6041, 6047, 6050]@{}
http://www.comp.hkbu.edu.hk/v1/?page=sitemap?=tc?=tc?=tc?=tc?=tc@[651, 780, 824, 858, 935, 956, 978, 1011, 1061, 1085, 1104, 1130, 1149, 1194, 1239, 1283, 1309, 1661, 1821, 1835, 1845, 2470, 2476, 2799, 2802, 3887, 3928, 3976, 4017, 4058, 4096, 4295, 5565, 5718, 5768, 5774, 5782, 5789, 5802, 6049, 6055, 6058]@{}
http://www.comp.hkbu.edu.hk/v1/?page=sitemap?=sc?=tc?=tc?=tc?=tc@[651, 780, 824, 858, 935, 956, 978, 1011, 1061, 1085, 1104, 1130, 1149, 1194, 1239, 1283, 1309, 1661, 1821, 1835, 1845, 2470, 2476, 2799, 2802, 3887, 3928, 3976, 4017, 4058, 4096, 4294, 5571, 5724, 5774, 5780, 5788, 5795, 5808, 6055, 6061, 6064]@{}
http://www.comp.hkbu.edu.hk/v1/?page=home?=tc?=tc?=tc@[651, 780, 824, 858, 935, 956, 978, 1011, 1061, 1085, 1104, 1130, 1149, 1194, 1239, 1283, 1309, 1661, 1821, 1835, 1845, 2470, 2476, 2799, 2802, 3883, 3924, 3972, 4013, 4054, 4092, 4290, 5556, 5709, 5759, 5765, 5773, 5780, 5793, 6040, 6046, 6049]@{}
http://www.comp.hkbu.edu.hk/v1/?page=job_vacancies@[199, 328, 372, 406, 483, 504, 526, 559, 609, 633, 652, 678, 697, 742, 787, 831, 857, 1209, 1369, 1383, 1393, 2018, 2024, 2347, 2350, 3425, 3466, 3514, 3555, 3596, 3634, 3833]@{}
http://www.comp.hkbu.edu.hk/v1/?page=job_vacancies?=tc?=tc?=tc?=tc?=tc?=tc@[651, 780, 824, 858, 935, 956, 978, 1011, 1061, 1085, 1104, 1130, 1149, 1194, 1239, 1283, 1309, 1661, 1821, 1835, 1845, 2470, 2476, 2799, 2802, 3889, 3930, 3978, 4019, 4060, 4098, 4297, 5560, 5713, 5763, 5769, 5777, 5784, 5797, 6044, 6050, 6053]@{}
http://www.comp.hkbu.edu.hk/v1/?page=job_vacancies?=sc?=tc?=tc?=tc?=tc?=tc@[651, 780, 824, 858, 935, 956, 978, 1011, 1061, 1085, 1104, 1130, 1149, 1194, 1239, 1283, 1309, 1661, 1821, 1835, 1845, 2470, 2476, 2799, 2802, 3889, 3930, 3978, 4019, 4060, 4098, 4296, 5559, 5712, 5762, 5768, 5776, 5783, 5796, 6043, 6049, 6052]@{}
http://www.comp.hkbu.edu.hk/v1/?page=sitemap?=tc?=tc?=tc?=tc?=tc?=tc@[651, 780, 824, 858, 935, 956, 978, 1011, 1061, 1085, 1104, 1130, 1149, 1194, 1239, 1283, 1309, 1661, 1821, 1835, 1845, 2470, 2476, 2799, 2802, 3889, 3930, 3978, 4019, 4060, 4098, 4296, 5563, 5716, 5766, 5772, 5780, 5787, 5800, 6047, 6053, 6056]@{}
http://www.comp.hkbu.edu.hk/v1/?page=sitemap?=sc?=tc?=tc?=tc?=tc?=tc@[651, 780, 824, 858, 935, 956, 978, 1011, 1061, 1085, 1104, 1130, 1149, 1194, 1239, 1283, 1309, 1661, 1821, 1835, 1845, 2470, 2476, 2799, 2802, 3889, 3930, 3978, 4019, 4060, 4098, 4297, 5581, 5734, 5784, 5790, 5798, 5805, 5818, 6065, 6071, 6074]@{}
http://www.comp.hkbu.edu.hk/v1/?page=home?=tc?=tc?=tc?=tc@[651, 780, 824, 858, 935, 956, 978, 1011, 1061, 1085, 1104, 1130, 1149, 1194, 1239, 1283, 1309, 1661, 1821, 1835, 1845, 2470, 2476, 2799, 2802, 3885, 3926, 3974, 4015, 4056, 4094, 4293, 5562, 5715, 5765, 5771, 5779, 5786, 5799, 6046, 6052, 6055]@{}
http://www.comp.hkbu.edu.hk/v1/?page=job_vacancies?=tc?=tc?=tc?=tc?=tc?=tc?=tc@[651, 780, 824, 858, 935, 956, 978, 1011, 1061, 1085, 1104, 1130, 1149, 1194, 1239, 1283, 1309, 1661, 1821, 1835, 1845, 2470, 2476, 2799, 2802, 3891, 3932, 3980, 4021, 4062, 4100, 4299, 5564, 5717, 5767, 5773, 5781, 5788, 5801, 6048, 6054, 6057]@{}
http://www.comp.hkbu.edu.hk/v1/?page=job_vacancies?=sc?=tc?=tc?=tc?=tc?=tc?=tc@[651, 780, 824, 858, 935, 956, 978, 1011, 1061, 1085, 1104, 1130, 1149, 1194, 1239, 1283, 1309, 1661, 1821, 1835, 1845, 2470, 2476, 2799, 2802, 3891, 3932, 3980, 4021, 4062, 4100, 4299, 5561, 5714, 5764, 5770, 5778, 5785, 5798, 6045, 6051, 6054]@{}
http://www.comp.hkbu.edu.hk/v1/?page=sitemap?=tc?=tc?=tc?=tc?=tc?=tc?=tc@[651, 780, 824, 858, 935, 956, 978, 1011, 1061, 1085, 1104, 1130, 1149, 1194, 1239, 1283, 1309, 1661, 1821, 1835, 1845, 2470, 2476, 2799, 2802, 3891, 3932, 3980, 4021, 4062, 4100, 4298, 5563, 5716, 5766, 5772, 5780, 5787, 5800, 6047, 6053, 6056]@{}
http://www.comp.hkbu.edu.hk/v1/?page=sitemap?=sc?=tc?=tc?=tc?=tc?=tc?=tc@[651, 780, 824, 858, 935, 956, 978, 1011, 1061, 1085, 1104, 1130, 1149, 1194, 1239, 1283, 1309, 1661, 1821, 1835, 1845, 2470, 2476, 2799, 2802, 3891, 3932, 3980, 4021, 4062, 4100, 4298, 5565, 5718, 5768, 5774, 5782, 5789, 5802, 6049, 6055, 6058]@{}
http://www.comp.hkbu.edu.hk/v1/?page=home?=tc?=tc?=tc?=tc?=tc@[651, 780, 824, 858, 935, 956, 978, 1011, 1061, 1085, 1104, 1130, 1149, 1194, 1239, 1283, 1309, 1661, 1821, 1835, 1845, 2470, 2476, 2799, 2802, 3887, 3928, 3976, 4017, 4058, 4096, 4295, 5565, 5718, 5768, 5774, 5782, 5789, 5802, 6049, 6055, 6058]@{}
http://www.comp.hkbu.edu.hk/v1/?page=job_vacancies?=tc?=tc?=tc?=tc?=tc?=tc?=tc?=tc@[651, 780, 824, 858, 935, 956, 978, 1011, 1061, 1085, 1104, 1130, 1149, 1194, 1239, 1283, 1309, 1661, 1821, 1835, 1845, 2470, 2476, 2799, 2802, 3893, 3934, 3982, 4023, 4064, 4102, 4301, 5580, 5733, 5783, 5789, 5797, 5804, 5817, 6064, 6070, 6073]@{}
http://www.comp.hkbu.edu.hk/v1/?page=job_vacancies?=sc?=tc?=tc?=tc?=tc?=tc?=tc?=tc@[651, 780, 824, 858, 935, 956, 978, 1011, 1061, 1085, 1104, 1130, 1149, 1194, 1239, 1283, 1309, 1661, 1821, 1835, 1845, 2470, 2476, 2799, 2802, 3893, 3934, 3982, 4023, 4064, 4102, 4301, 5564, 5717, 5767, 5773, 5781, 5788, 5801, 6048, 6054, 6057]@{}
http://www.comp.hkbu.edu.hk/v1/?page=sitemap?=tc?=tc?=tc?=tc?=tc?=tc?=tc?=tc@[651, 780, 824, 858, 935, 956, 978, 1011, 1061, 1085, 1104, 1130, 1149, 1194, 1239, 1283, 1309, 1661, 1821, 1835, 1845, 2470, 2476, 2799, 2802, 3893, 3934, 3982, 4023, 4064, 4102, 4301, 5567, 5720, 5770, 5776, 5784, 5791, 5804, 6051, 6057, 6060]@{}
http://www.comp.hkbu.edu.hk/v1/?page=sitemap?=sc?=tc?=tc?=tc?=tc?=tc?=tc?=tc@[651, 780, 824, 858, 935, 956, 978, 1011, 1061, 1085, 1104, 1130, 1149, 1194, 1239, 1283, 1309, 1661, 1821, 1835, 1845, 2470, 2476, 2799, 2802, 3893, 3934, 3982, 4023, 4064, 4102, 4301, 5581, 5734, 5784, 5790, 5798, 5805, 5818, 6065, 6071, 6074]@{}
http://www.comp.hkbu.edu.hk/v1/?page=sitemap@[197, 326, 370, 404, 481, 502, 524, 557, 607, 631, 650, 676, 695, 740, 785, 829, 855, 1207, 1367, 1381, 1391, 2016, 2022, 2345, 2348, 3423, 3464, 3512, 3553, 3594, 3632, 3830]@{}
http://www.comp.hkbu.edu.hk/v1/?page=home?=tc?=tc?=tc?=tc?=tc?=tc@[651, 780, 824, 858, 935, 956, 978, 1011, 1061, 1085, 1104, 1130, 1149, 1194, 1239, 1283, 1309, 1661, 1821, 1835, 1845, 2470, 2476, 2799, 2802, 3889, 3930, 3978, 4019, 4060, 4098, 4296, 5566, 5719, 5769, 5775, 5783, 5790, 5803, 6050, 6056, 6059]@{}
http://www.comp.hkbu.edu.hk/v1/?page=job_vacancies?=tc?=tc?=tc?=tc?=tc?=tc?=tc?=tc?=tc@[651, 780, 824, 858, 935, 956, 978, 1011, 1061, 1085, 1104, 1130, 1149, 1194, 1239, 1283, 1309, 1661, 1821, 1835, 1845, 2470, 2476, 2799, 2802, 3895, 3936, 3984, 4025, 4066, 4104, 4303, 5580, 5733, 5783, 5789, 5797, 5804, 5817, 6064, 6070, 6073]@{}
http://www.comp.hkbu.edu.hk/v1/?page=job_vacancies?=sc?=tc?=tc?=tc?=tc?=tc?=tc?=tc?=tc@[651, 780, 824, 858, 935, 956, 978, 1011, 1061, 1085, 1104, 1130, 1149, 1194, 1239, 1283, 1309, 1661, 1821, 1835, 1845, 2470, 2476, 2799, 2802, 3895, 3936, 3984, 4025, 4066, 4104, 4303, 5579, 5732, 5782, 5788, 5796, 5803, 5816, 6063, 6069, 6072]@{}
http://www.comp.hkbu.edu.hk/v1/?page=sitemap?=tc?=tc?=tc?=tc?=tc?=tc?=tc?=tc?=tc@[651, 780, 824, 858, 935, 956, 978, 1011, 1061, 1085, 1104, 1130, 1149, 1194, 1239, 1283, 1309, 1661, 1821, 1835, 1845, 2470, 2476, 2799, 2802, 3895, 3936, 3984, 4025, 4066, 4104, 4302, 5564, 5717, 5767, 5773, 5781, 5788, 5801, 6048, 6054, 6057]@{}
http://www.comp.hkbu.edu.hk/v1/?page=sitemap?=sc?=tc?=tc?=tc?=tc?=tc?=tc?=tc?=tc@[651, 780, 824, 858, 935, 956, 978, 1011, 1061, 1085, 1104, 1130, 1149, 1194, 1239, 1283, 1309, 1661, 1821, 1835, 1845, 2470, 2476, 2799, 2802, 3895, 3936, 3984, 4025, 4066, 4104, 4302, 5582, 5735, 5785, 5791, 5799, 5806, 5819, 6066, 6072, 6075]@{}
http://www.comp.hkbu.edu.hk/v1/?lang=tc@[651, 780, 824, 858, 935, 956, 978, 1011, 1061, 1085, 1104, 1130, 1149, 1194, 1239, 1283, 1309, 1661, 1821, 1835, 1845, 2470, 2476, 2799, 2802, 3873, 3914, 3962, 4003, 4044, 4082, 4280, 5564, 5717, 5767, 5773, 5781, 5788, 5801, 6048, 6054, 6057]@{}
http://www.sci.hkbu.edu.hk/eng/page/?page=prospective-students@[810, 2372, 2393, 3138, 3150, 3303, 3552]@{}
http://www.sci.hkbu.edu.hk/eng/page/?page=current-students@[810, 2372, 2386, 3208]@{}
http://www.sci.hkbu.edu.hk/eng/page/@[810, 2383, 3062, 3311]@{}
http://www.sci.hkbu.edu.hk/eng/about-us/honorary-doctorate@[810, 2416, 2436, 2439, 2447, 2471, 2474, 2482, 2512, 2515, 2523, 2545, 2548, 2623, 2660, 2724, 2804, 2883, 2964, 3043, 3123, 3202, 3281, 3842]@{}
http://www.sci.hkbu.edu.hk/eng/about-us/distinguished-professorship/eng/page/?page=prospective-students@[810, 2533, 2549, 2753, 2775, 3087, 3159, 3232, 3309, 3381, 3455, 3527, 3594, 3666, 3742, 3825, 3843, 4092, 8007]@{}
http://www.sci.hkbu.edu.hk/eng/about-us/honorary-doctorate/eng/page/?page=prospective-students@[810, 2533, 2549, 2753, 2775, 3087, 3159, 3232, 3309, 3381, 3455, 3527, 3594, 3666, 3742, 3825, 3843, 4092, 8007]@{}
http://www.sci.hkbu.edu.hk/eng/about-us/distinguished-professor-of-science@[810, 2416, 2436, 2439, 2447, 2471, 2474, 2482, 2512, 2515, 2523, 2545, 2548, 2627, 2738, 2824, 2924, 3002, 3093, 3173, 3250, 3271, 3347, 3658]@{}
http://www.sci.hkbu.edu.hk/eng/about-us/dr-kennedy-wong-distinguished-visiting-professorship-scheme@[810, 2416, 2436, 2439, 2447, 2471, 2474, 2482, 2512, 2515, 2523, 2545, 2548, 2633, 2672, 2784, 2893, 2993, 3327]@{}
http://www.sci.hkbu.edu.hk/eng/about-us/distinguished-professor-of-science/eng/page/?page=prospective-students@[810, 2533, 2549, 2753, 2775, 3087, 3159, 3232, 3309, 3381, 3455, 3527, 3594, 3666, 3742, 3825, 3843, 4092, 8007]@{}
http://www.sci.hkbu.edu.hk/eng/about-us/dr-kennedy-wong-distinguished-visiting-professorship-scheme/eng/page/?page=prospective-students@[810, 2533, 2549, 2753, 2775, 3087, 3159, 3232, 3309, 3381, 3455, 3527, 3594, 3666, 3742, 3825, 3843, 4092, 8007]@{}
http://www.sci.hkbu.edu.hk/eng/page/eng/about-us/vision-mission@[810, 2533, 2549, 2753, 2775, 3087, 3159, 3232, 3309, 3381, 3455, 3527, 3594, 3666, 3742, 3825, 3843, 4092, 8007]@{}
http://www.sci.hkbu.edu.hk/eng/page/eng/about-us/faculty-advisory-committee@[810, 2533, 2549, 2753, 2775, 3087, 3159, 3232, 3309, 3381, 3455, 3527, 3594, 3666, 3742, 3825, 3843, 4092, 8007]@{}
http://www.sci.hkbu.edu.hk/eng@[810, 2533, 2549, 2753, 2775, 3087, 3159, 3232, 3309, 3381, 3455, 3527, 3594, 3666, 3742, 3825, 3843, 4092, 8007]@{}
http://www.sci.hkbu.edu.hk/eng/about-us/vision-mission@[810, 2416, 2436, 2439, 2447, 2471, 2474, 2482, 2512, 2515, 2523, 2545, 2548, 2623, 2645, 2982, 3231]@{}
http://www.sci.hkbu.edu.hk/eng/about-us/faculty-advisory-committee@[810, 2416, 2436, 2439, 2447, 2471, 2474, 2482, 2512, 2515, 2523, 2545, 2548, 2618, 2691, 3985]@{}
http://www.sci.hkbu.edu.hk/eng/about-us/vision-mission/eng/page/?page=prospective-students@[810, 2533, 2549, 2753, 2775, 3087, 3159, 3232, 3309, 3381, 3455, 3527, 3594, 3666, 3742, 3825, 3843, 4092, 8007]@{}
http://www.sci.hkbu.edu.hk/eng/about-us/faculty-advisory-committee/eng/page/?page=prospective-students@[810, 2533, 2549, 2753, 2775, 3087, 3159, 3232, 3309, 3381, 3455, 3527, 3594, 3666, 3742, 3825, 3843, 4092, 8007]@{}
http://www.sci.hkbu.edu.hk/eng/about-us/distinguished-professorship@[810, 2416, 2436, 2439, 2447, 2471, 2474, 2482, 2512, 2515, 2523, 2545, 2548, 2616, 2876]@{}
