http://www.comp.hkbu.edu.hk@[234, 1689, 4923, 4934, 5112, 5123, 5681, 5692, 6133, 6144, 6427, 6437, 6639, 6650]@{}
http://www.comp.hkbu.edu.hk/v1/?page=job_vacancies?=tc@[234, 1689, 4919, 4930, 5108, 5119, 5677, 5688, 6129, 6140, 6406, 6416, 6618, 6629]@{}
http://www.comp.hkbu.edu.hk/v1/?page=job_vacancies?=sc@[234, 1689, 4919, 4930, 5108, 5119, 5677, 5688, 6129, 6140, 6417, 6427, 6629, 6640]@{}
http://www.comp.hkbu.edu.hk/v1/?page=sitemap?=tc@[234, 1689, 4915, 4926, 5104, 5115, 5673, 5684, 6125, 6136, 6409, 6419, 6621, 6632]@{}
http://www.comp.hkbu.edu.hk/v1/?page=sitemap?=sc@[234, 1689, 4914, 4925, 5103, 5114, 5672, 5683, 6124, 6135, 6416, 6426, 6628, 6639]@{}
http://www.comp.hkbu.edu.hk/v1/?lang=sc@[234, 1689, 4910, 4921, 5099, 5110, 5668, 5679, 6120, 6131, 6408, 6418, 6620, 6631]@{}
http://www.comp.hkbu.edu.hk/~alumni/news/../news/@[826, 903, 1050, 1100, 1188, 1270, 1307, 1345, 1396, 1474, 1525, 1606, 1663, 1742, 1795, 1850, 1908, 1965, 2039, 2124, 2181, 2260, 2309, 2399, 2454, 2528, 2586, 2640, 2728, 2808, 2893, 2992, 3117, 3192, 3283, 3372, 3474, 3564, 3648, 3740, 3840, 3947, 4059, 4169, 4298, 4390, 4442, 4480, 4542, 4608, 4672, 4749, 4814, 4834, 4899, 4916, 4975, 4993]@{}
http://www.comp.hkbu.edu.hk/v1/?page=job_vacancies?=tc?=tc@[234, 1689, 4916, 4927, 5105, 5116, 5674, 5685, 6126, 6137, 6415, 6425, 6627, 6638]@{}
http://www.comp.hkbu.edu.hk/v1/?page=job_vacancies?=sc?=tc@[234, 1689, 4926, 4937, 5115, 5126, 5684, 5695, 6136, 6147, 6434, 6444, 6646, 6657]@{}
http://www.comp.hkbu.edu.hk/v1/?page=sitemap?=tc?=tc@[234, 1689, 4916, 4927, 5105, 5116, 5674, 5685, 6126, 6137, 6411, 6421, 6623, 6634]@{}
http://www.comp.hkbu.edu.hk/v1/?page=sitemap?=sc?=tc@[234, 1689, 4930, 4941, 5119, 5130, 5688, 5699, 6140, 6151, 6428, 6438, 6640, 6651]@{}
http://www.comp.hkbu.edu.hk/v1/?page=home@[234, 1689, 4908, 4919, 5097, 5108, 5666, 5677, 6118, 6129, 6404, 6414, 6616, 6627]@{}
http://www.comp.hkbu.edu.hk/~alumni/news/../news/../news/@[826, 903, 1050, 1100, 1188, 1270, 1307, 1345, 1396, 1474, 1525, 1606, 1663, 1742, 1795, 1850, 1908, 1965, 2039, 2124, 2181, 2260, 2309, 2399, 2454, 2528, 2586, 2640, 2728, 2808, 2893, 2992, 3117, 3192, 3283, 3372, 3474, 3564, 3648, 3740, 3840, 3947, 4059, 4169, 4298, 4390, 4442, 4480, 4542, 4608, 4672, 4749, 4814, 4834, 4899, 4916, 4975, 4993]@{}
http://www.comp.hkbu.edu.hk/~alumni/news/../scholarship/../news/@[826, 903, 1050, 1100, 1188, 1270, 1307, 1345, 1396, 1474, 1525, 1606, 1663, 1742, 1795, 1850, 1908, 1965, 2039, 2124, 2181, 2260, 2309, 2399, 2454, 2528, 2586, 2640, 2728, 2808, 2893, 2992, 3117, 3192, 3283, 3372, 3474, 3564, 3648, 3740, 3840, 3947, 4059, 4169, 4298, 4390, 4442, 4480, 4542, 4608, 4672, 4749, 4814, 4834, 4899, 4916, 4975, 4993]@{}
http://www.comp.hkbu.edu.hk/~alumni/news/../donation/../news/@[826, 903, 1050, 1100, 1188, 1270, 1307, 1345, 1396, 1474, 1525, 1606, 1663, 1742, 1795, 1850, 1908, 1965, 2039, 2124, 2181, 2260, 2309, 2399, 2454, 2528, 2586, 2640, 2728, 2808, 2893, 2992, 3117, 3192, 3283, 3372, 3474, 3564, 3648, 3740, 3840, 3947, 4059, 4169, 4298, 4390, 4442, 4480, 4542, 4608, 4672, 4749, 4814, 4834, 4899, 4916, 4975, 4993]@{}
http://www.comp.hkbu.edu.hk/v1/?page=job_vacancies?=tc?=tc?=tc@[234, 1689, 4930, 4941, 5119, 5130, 5688, 5699, 6140, 6151, 6431, 6441, 6643, 6654]@{}
http://www.comp.hkbu.edu.hk/v1/?page=job_vacancies?=sc?=tc?=tc@[234, 1689, 4914, 4925, 5103, 5114, 5672, 5683, 6124, 6135, 6416, 6426, 6628, 6639]@{}
http://www.comp.hkbu.edu.hk/v1/?page=sitemap?=tc?=tc?=tc@[234, 1689, 4920, 4931, 5109, 5120, 5678, 5689, 6130, 6141, 6423, 6433, 6635, 6646]@{}
http://www.comp.hkbu.edu.hk/v1/?page=sitemap?=sc?=tc?=tc@[234, 1689, 4923, 4934, 5112, 5123, 5681, 5692, 6133, 6144, 6424, 6434, 6636, 6647]@{}
http://www.comp.hkbu.edu.hk/v1/?page=home?=tc@[234, 1689, 4918, 4929, 5107, 5118, 5676, 5687, 6128, 6139, 6420, 6430, 6632, 6643]@{}
http://www.comp.hkbu.edu.hk/~alumni/news/../news/../news/../news/@[826, 903, 1050, 1100, 1188, 1270, 1307, 1345, 1396, 1474, 1525, 1606, 1663, 1742, 1795, 1850, 1908, 1965, 2039, 2124, 2181, 2260, 2309, 2399, 2454, 2528, 2586, 2640, 2728, 2808, 2893, 2992, 3117, 3192, 3283, 3372, 3474, 3564, 3648, 3740, 3840, 3947, 4059, 4169, 4298, 4390, 4442, 4480, 4542, 4608, 4672, 4749, 4814, 4834, 4899, 4916, 4975, 4993]@{}
http://www.comp.hkbu.edu.hk/~alumni/news/../scholarship/../news/../news/@[826, 903, 1050, 1100, 1188, 1270, 1307, 1345, 1396, 1474, 1525, 1606, 1663, 1742, 1795, 1850, 1908, 1965, 2039, 2124, 2181, 2260, 2309, 2399, 2454, 2528, 2586, 2640, 2728, 2808, 2893, 2992, 3117, 3192, 3283, 3372, 3474, 3564, 3648, 3740, 3840, 3947, 4059, 4169, 4298, 4390, 4442, 4480, 4542, 4608, 4672, 4749, 4814, 4834, 4899, 4916, 4975, 4993]@{}
http://www.comp.hkbu.edu.hk/~alumni/news/../donation/../news/../news/@[826, 903, 1050, 1100, 1188, 1270, 1307, 1345, 1396, 1474, 1525, 1606, 1663, 1742, 1795, 1850, 1908, 1965, 2039, 2124, 2181, 2260, 2309, 2399, 2454, 2528, 2586, 2640, 2728, 2808, 2893, 2992, 3117, 3192, 3283, 3372, 3474, 3564, 3648, 3740, 3840, 3947, 4059, 4169, 4298, 4390, 4442, 4480, 4542, 4608, 4672, 4749, 4814, 4834, 4899, 4916, 4975, 4993]@{}
http://www.comp.hkbu.edu.hk/v1/?page=job_vacancies?=tc?=tc?=tc?=tc@[234, 1689, 4931, 4942, 5120, 5131, 5689, 5700, 6141, 6152, 6428, 6438, 6640, 6651]@{}
http://www.comp.hkbu.edu.hk/v1/?page=job_vacancies?=sc?=tc?=tc?=tc@[234, 1689, 4932, 4943, 5121, 5132, 5690, 5701, 6142, 6153, 6421, 6431, 6633, 6644]@{}
http://www.comp.hkbu.edu.hk/v1/?page=sitemap?=tc?=tc?=tc?=tc@[234, 1689, 4920, 4931, 5109, 5120, 5678, 5689, 6130, 6141, 6422, 6432, 6634, 6645]@{}
http://www.comp.hkbu.edu.hk/v1/?page=sitemap?=sc?=tc?=tc?=tc@[234, 1689, 4931, 4942, 5120, 5131, 5689, 5700, 6141, 6152, 6433, 6443, 6645, 6656]@{}
http://www.comp.hkbu.edu.hk/v1/?page=home?=tc?=tc@[234, 1689, 4920, 4931, 5109, 5120, 5678, 5689, 6130, 6141, 6426, 6436, 6638, 6649]@{}
http://www.comp.hkbu.edu.hk/~alumni/news/../news/../news/../news/../news/@[826, 903, 1050, 1100, 1188, 1270, 1307, 1345, 1396, 1474, 1525, 1606, 1663, 1742, 1795, 1850, 1908, 1965, 2039, 2124, 2181, 2260, 2309, 2399, 2454, 2528, 2586, 2640, 2728, 2808, 2893, 2992, 3117, 3192, 3283, 3372, 3474, 3564, 3648, 3740, 3840, 3947, 4059, 4169, 4298, 4390, 4442, 4480, 4542, 4608, 4672, 4749, 4814, 4834, 4899, 4916, 4975, 4993]@{}
http://www.comp.hkbu.edu.hk/~alumni/news/../scholarship/../news/../news/../news/@[826, 903, 1050, 1100, 1188, 1270, 1307, 1345, 1396, 1474, 1525, 1606, 1663, 1742, 1795, 1850, 1908, 1965, 2039, 2124, 2181, 2260, 2309, 2399, 2454, 2528, 2586, 2640, 2728, 2808, 2893, 2992, 3117, 3192, 3283, 3372, 3474, 3564, 3648, 3740, 3840, 3947, 4059, 4169, 4298, 4390, 4442, 4480, 4542, 4608, 4672, 4749, 4814, 4834, 4899, 4916, 4975, 4993]@{}
http://www.comp.hkbu.edu.hk/~alumni/news/../donation/../news/../news/../news/@[826, 903, 1050, 1100, 1188, 1270, 1307, 1345, 1396, 1474, 1525, 1606, 1663, 1742, 1795, 1850, 1908, 1965, 2039, 2124, 2181, 2260, 2309, 2399, 2454, 2528, 2586, 2640, 2728, 2808, 2893, 2992, 3117, 3192, 3283, 3372, 3474, 3564, 3648, 3740, 3840, 3947, 4059, 4169, 4298, 4390, 4442, 4480, 4542, 4608, 4672, 4749, 4814, 4834, 4899, 4916, 4975, 4993]@{}
http://www.comp.hkbu.edu.hk/v1/?page=job_vacancies?=tc?=tc?=tc?=tc?=tc@[234, 1689, 4934, 4945, 5123, 5134, 5692, 5703, 6144, 6155, 6430, 6440, 6642, 6653]@{}
http://www.comp.hkbu.edu.hk/v1/?page=job_vacancies?=sc?=tc?=tc?=tc?=tc@[234, 1689, 4919, 4930, 5108, 5119, 5677, 5688, 6129, 6140, 6426, 6436, 6638, 6649]@{}
http://www.comp.hkbu.edu.hk/v1/?page=sitemap?=tc?=tc?=tc?=tc?=tc@[234, 1689, 4927, 4938, 5116, 5127, 5685, 5696, 6137, 6148, 6426, 6436, 6638, 6649]@{}
http://www.comp.hkbu.edu.hk/v1/?page=sitemap?=sc?=tc?=tc?=tc?=tc@[234, 1689, 4933, 4944, 5122, 5133, 5691, 5702, 6143, 6154, 6434, 6444, 6646, 6657]@{}
http://www.comp.hkbu.edu.hk/v1/?page=home?=tc?=tc?=tc@[234, 1689, 4918, 4929, 5107, 5118, 5676, 5687, 6128, 6139, 6424, 6434, 6636, 6647]@{}
http://www.comp.hkbu.edu.hk/~alumni/news/../news/../news/../news/../news/../news/@[826, 903, 1050, 1100, 1188, 1270, 1307, 1345, 1396, 1474, 1525, 1606, 1663, 1742, 1795, 1850, 1908, 1965, 2039, 2124, 2181, 2260, 2309, 2399, 2454, 2528, 2586, 2640, 2728, 2808, 2893, 2992, 3117, 3192, 3283, 3372, 3474, 3564, 3648, 3740, 3840, 3947, 4059, 4169, 4298, 4390, 4442, 4480, 4542, 4608, 4672, 4749, 4814, 4834, 4899, 4916, 4975, 4993]@{}
http://www.comp.hkbu.edu.hk/~alumni/news/../scholarship/../news/../news/../news/../news/@[826, 903, 1050, 1100, 1188, 1270, 1307, 1345, 1396, 1474, 1525, 1606, 1663, 1742, 1795, 1850, 1908, 1965, 2039, 2124, 2181, 2260, 2309, 2399, 2454, 2528, 2586, 2640, 2728, 2808, 2893, 2992, 3117, 3192, 3283, 3372, 3474, 3564, 3648, 3740, 3840, 3947, 4059, 4169, 4298, 4390, 4442, 4480, 4542, 4608, 4672, 4749, 4814, 4834, 4899, 4916, 4975, 4993]@{}
http://www.comp.hkbu.edu.hk/~alumni/news/../donation/../news/../news/../news/../news/@[826, 903, 1050, 1100, 1188, 1270, 1307, 1345, 1396, 1474, 1525, 1606, 1663, 1742, 1795, 1850, 1908, 1965, 2039, 2124, 2181, 2260, 2309, 2399, 2454, 2528, 2586, 2640, 2728, 2808, 2893, 2992, 3117, 3192, 3283, 3372, 3474, 3564, 3648, 3740, 3840, 3947, 4059, 4169, 4298, 4390, 4442, 4480, 4542, 4608, 4672, 4749, 4814, 4834, 4899, 4916, 4975, 4993]@{}
http://www.comp.hkbu.edu.hk/v1/?page=job_vacancies@[1237]@{}
http://www.comp.hkbu.edu.hk/v1/?page=job_vacancies?=tc?=tc?=tc?=tc?=tc?=tc@[234, 1689, 4922, 4933, 5111, 5122, 5680, 5691, 6132, 6143, 6424, 6434, 6636, 6647]@{}
http://www.comp.hkbu.edu.hk/v1/?page=job_vacancies?=sc?=tc?=tc?=tc?=tc?=tc@[234, 1689, 4921, 4932, 5110, 5121, 5679, 5690, 6131, 6142, 6432, 6442, 6644, 6655]@{}
http://www.comp.hkbu.edu.hk/v1/?page=sitemap?=tc?=tc?=tc?=tc?=tc?=tc@[234, 1689, 4925, 4936, 5114, 5125, 5683, 5694, 6135, 6146, 6421, 6431, 6633, 6644]@{}
http://www.comp.hkbu.edu.hk/v1/?page=sitemap?=sc?=tc?=tc?=tc?=tc?=tc@[234, 1689, 4943, 4954, 5132, 5143, 5701, 5712, 6153, 6164, 6440, 6450, 6652, 6663]@{}
http://www.comp.hkbu.edu.hk/v1/?page=home?=tc?=tc?=tc?=tc@[234, 1689, 4924, 4935, 5113, 5124, 5682, 5693, 6134, 6145, 6422, 6432, 6634, 6645]@{}
http://www.comp.hkbu.edu.hk/~alumni/news/../news/../news/../news/../news/../news/../news/@[826, 903, 1050, 1100, 1188, 1270, 1307, 1345, 1396, 1474, 1525, 1606, 1663, 1742, 1795, 1850, 1908, 1965, 2039, 2124, 2181, 2260, 2309, 2399, 2454, 2528, 2586, 2640, 2728, 2808, 2893, 2992, 3117, 3192, 3283, 3372, 3474, 3564, 3648, 3740, 3840, 3947, 4059, 4169, 4298, 4390, 4442, 4480, 4542, 4608, 4672, 4749, 4814, 4834, 4899, 4916, 4975, 4993]@{}
http://www.comp.hkbu.edu.hk/~alumni/news/../scholarship/../news/../news/../news/../news/../news/@[826, 903, 1050, 1100, 1188, 1270, 1307, 1345, 1396, 1474, 1525, 1606, 1663, 1742, 1795, 1850, 1908, 1965, 2039, 2124, 2181, 2260, 2309, 2399, 2454, 2528, 2586, 2640, 2728, 2808, 2893, 2992, 3117, 3192, 3283, 3372, 3474, 3564, 3648, 3740, 3840, 3947, 4059, 4169, 4298, 4390, 4442, 4480, 4542, 4608, 4672, 4749, 4814, 4834, 4899, 4916, 4975, 4993]@{}
http://www.comp.hkbu.edu.hk/~alumni/news/../donation/../news/../news/../news/../news/../news/@[826, 903, 1050, 1100, 1188, 1270, 1307, 1345, 1396, 1474, 1525, 1606, 1663, 1742, 1795, 1850, 1908, 1965, 2039, 2124, 2181, 2260, 2309, 2399, 2454, 2528, 2586, 2640, 2728, 2808, 2893, 2992, 3117, 3192, 3283, 3372, 3474, 3564, 3648, 3740, 3840, 3947, 4059, 4169, 4298, 4390, 4442, 4480, 4542, 4608, 4672, 4749, 4814, 4834, 4899, 4916, 4975, 4993]@{}
http://www.comp.hkbu.edu.hk/v1/?page=job_vacancies?=tc?=tc?=tc?=tc?=tc?=tc?=tc@[234, 1689, 4926, 4937, 5115, 5126, 5684, 5695, 6136, 6147, 6420, 6430, 6632, 6643]@{}
http://www.comp.hkbu.edu.hk/v1/?page=job_vacancies?=sc?=tc?=tc?=tc?=tc?=tc?=tc@[234, 1689, 4923, 4934, 5112, 5123, 5681, 5692, 6133, 6144, 6420, 6430, 6632, 6643]@{}
http://www.comp.hkbu.edu.hk/v1/?page=sitemap?=tc?=tc?=tc?=tc?=tc?=tc?=tc@[234, 1689, 4925, 4936, 5114, 5125, 5683, 5694, 6135, 6146, 6417, 6427, 6629, 6640]@{}
http://www.comp.hkbu.edu.hk/v1/?page=sitemap?=sc?=tc?=tc?=tc?=tc?=tc?=tc@[234, 1689, 4927, 4938, 5116, 5127, 5685, 5696, 6137, 6148, 6432, 6442, 6644, 6655]@{}
http://www.comp.hkbu.edu.hk/v1/?page=home?=tc?=tc?=tc?=tc?=tc@[234, 1689, 4927, 4938, 5116, 5127, 5685, 5696, 6137, 6148, 6426, 6436, 6638, 6649]@{}
http://www.comp.hkbu.edu.hk/~alumni/news/../news/../news/../news/../news/../news/../news/../news/@[826, 903, 1050, 1100, 1188, 1270, 1307, 1345, 1396, 1474, 1525, 1606, 1663, 1742, 1795, 1850, 1908, 1965, 2039, 2124, 2181, 2260, 2309, 2399, 2454, 2528, 2586, 2640, 2728, 2808, 2893, 2992, 3117, 3192, 3283, 3372, 3474, 3564, 3648, 3740, 3840, 3947, 4059, 4169, 4298, 4390, 4442, 4480, 4542, 4608, 4672, 4749, 4814, 4834, 4899, 4916, 4975, 4993]@{}
http://www.comp.hkbu.edu.hk/~alumni/news/../scholarship/../news/../news/../news/../news/../news/../news/@[826, 903, 1050, 1100, 1188, 1270, 1307, 1345, 1396, 1474, 1525, 1606, 1663, 1742, 1795, 1850, 1908, 1965, 2039, 2124, 2181, 2260, 2309, 2399, 2454, 2528, 2586, 2640, 2728, 2808, 2893, 2992, 3117, 3192, 3283, 3372, 3474, 3564, 3648, 3740, 3840, 3947, 4059, 4169, 4298, 4390, 4442, 4480, 4542, 4608, 4672, 4749, 4814, 4834, 4899, 4916, 4975, 4993]@{}
http://www.comp.hkbu.edu.hk/~alumni/news/../donation/../news/../news/../news/../news/../news/../news/@[826, 903, 1050, 1100, 1188, 1270, 1307, 1345, 1396, 1474, 1525, 1606, 1663, 1742, 1795, 1850, 1908, 1965, 2039, 2124, 2181, 2260, 2309, 2399, 2454, 2528, 2586, 2640, 2728, 2808, 2893, 2992, 3117, 3192, 3283, 3372, 3474, 3564, 3648, 3740, 3840, 3947, 4059, 4169, 4298, 4390, 4442, 4480, 4542, 4608, 4672, 4749, 4814, 4834, 4899, 4916, 4975, 4993]@{}
http://www.comp.hkbu.edu.hk/v1/?page=job_vacancies?=tc?=tc?=tc?=tc?=tc?=tc?=tc?=tc@[234, 1689, 4942, 4953, 5131, 5142, 5700, 5711, 6152, 6163, 6440, 6450, 6652, 6663]@{}
http://www.comp.hkbu.edu.hk/v1/?page=job_vacancies?=sc?=tc?=tc?=tc?=tc?=tc?=tc?=tc@[234, 1689, 4926, 4937, 5115, 5126, 5684, 5695, 6136, 6147, 6436, 6446, 6648, 6659]@{}
http://www.comp.hkbu.edu.hk/v1/?page=sitemap?=tc?=tc?=tc?=tc?=tc?=tc?=tc?=tc@[234, 1689, 4929, 4940, 5118, 5129, 5687, 5698, 6139, 6150, 6421, 6431, 6633, 6644]@{}
http://www.comp.hkbu.edu.hk/v1/?page=sitemap?=sc?=tc?=tc?=tc?=tc?=tc?=tc?=tc@[234, 1689, 4943, 4954, 5132, 5143, 5701, 5712, 6153, 6164, 6447, 6457, 6659, 6670]@{}
http://www.comp.hkbu.edu.hk/v1/?page=sitemap@[1235]@{}
http://www.comp.hkbu.edu.hk/v1/?page=home?=tc?=tc?=tc?=tc?=tc?=tc@[234, 1689, 4928, 4939, 5117, 5128, 5686, 5697, 6138, 6149, 6433, 6443, 6645, 6656]@{}
http://www.comp.hkbu.edu.hk/~alumni/news/../news/../news/../news/../news/../news/../news/../news/../news/@[826, 903, 1050, 1100, 1188, 1270, 1307, 1345, 1396, 1474, 1525, 1606, 1663, 1742, 1795, 1850, 1908, 1965, 2039, 2124, 2181, 2260, 2309, 2399, 2454, 2528, 2586, 2640, 2728, 2808, 2893, 2992, 3117, 3192, 3283, 3372, 3474, 3564, 3648, 3740, 3840, 3947, 4059, 4169, 4298, 4390, 4442, 4480, 4542, 4608, 4672, 4749, 4814, 4834, 4899, 4916, 4975, 4993]@{}
http://www.comp.hkbu.edu.hk/~alumni/news/../scholarship/../news/../news/../news/../news/../news/../news/../news/@[826, 903, 1050, 1100, 1188, 1270, 1307, 1345, 1396, 1474, 1525, 1606, 1663, 1742, 1795, 1850, 1908, 1965, 2039, 2124, 2181, 2260, 2309, 2399, 2454, 2528, 2586, 2640, 2728, 2808, 2893, 2992, 3117, 3192, 3283, 3372, 3474, 3564, 3648, 3740, 3840, 3947, 4059, 4169, 4298, 4390, 4442, 4480, 4542, 4608, 4672, 4749, 4814, 4834, 4899, 4916, 4975, 4993]@{}
http://www.comp.hkbu.edu.hk/~alumni/news/../donation/../news/../news/../news/../news/../news/../news/../news/@[826, 903, 1050, 1100, 1188, 1270, 1307, 1345, 1396, 1474, 1525, 1606, 1663, 1742, 1795, 1850, 1908, 1965, 2039, 2124, 2181, 2260, 2309, 2399, 2454, 2528, 2586, 2640, 2728, 2808, 2893, 2992, 3117, 3192, 3283, 3372, 3474, 3564, 3648, 3740, 3840, 3947, 4059, 4169, 4298, 4390, 4442, 4480, 4542, 4608, 4672, 4749, 4814, 4834, 4899, 4916, 4975, 4993]@{}
http://www.comp.hkbu.edu.hk/v1/?page=job_vacancies?=tc?=tc?=tc?=tc?=tc?=tc?=tc?=tc?=tc@[234, 1689, 4942, 4953, 5131, 5142, 5700, 5711, 6152, 6163, 6439, 6449, 6651, 6662]@{}
http://www.comp.hkbu.edu.hk/v1/?page=job_vacancies?=sc?=tc?=tc?=tc?=tc?=tc?=tc?=tc?=tc@[234, 1689, 4941, 4952, 5130, 5141, 5699, 5710, 6151, 6162, 6443, 6453, 6655, 6666]@{}
http://www.comp.hkbu.edu.hk/v1/?page=sitemap?=tc?=tc?=tc?=tc?=tc?=tc?=tc?=tc?=tc@[234, 1689, 4926, 4937, 5115, 5126, 5684, 5695, 6136, 6147, 6421, 6431, 6633, 6644]@{}
http://www.comp.hkbu.edu.hk/v1/?page=sitemap?=sc?=tc?=tc?=tc?=tc?=tc?=tc?=tc?=tc@[234, 1689, 4944, 4955, 5133, 5144, 5702, 5713, 6154, 6165, 6445, 6455, 6657, 6668]@{}
http://www.comp.hkbu.edu.hk/v1/?lang=tc@[234, 1689, 4926, 4937, 5115, 5126, 5684, 5695, 6136, 6147, 6433, 6443, 6645, 6656]@{}
http://www.comp.hkbu.edu.hk/~alumni/news/@[826, 903, 1050, 1100, 1188, 1270, 1307, 1345, 1396, 1474, 1525, 1606, 1663, 1742, 1795, 1850, 1908, 1965, 2039, 2124, 2181, 2260, 2309, 2399, 2454, 2528, 2586, 2640, 2728, 2808, 2893, 2992, 3117, 3192, 3283, 3372, 3474, 3564, 3648, 3740, 3840, 3947, 4059, 4169, 4298, 4390, 4442, 4480, 4542, 4608, 4672, 4749, 4814, 4834, 4899, 4916, 4975, 4993]@{}
