http://www.comp.hkbu.edu.hk@[2785, 2787, 2826, 2827, 2828, 2829, 2840, 2841, 2842, 2843, 2854, 2855, 2856, 2857, 2868, 2869, 2870, 2871, 2882, 2883, 2884, 2885, 2895, 2896, 2897, 2898, 2907, 2908, 2909, 2910, 2927, 2929, 2930, 2931, 2937, 2951, 3370, 3420, 3421, 3456, 3483, 3484, 3519, 3558, 3559, 3594, 3640, 3641, 3676, 3706, 3707, 3742, 3777, 3778, 4543]@{}
http://www.comp.hkbu.edu.hk/v1/?page=job_vacancies?=tc@[2785, 2787, 2826, 2827, 2828, 2829, 2840, 2841, 2842, 2843, 2854, 2855, 2856, 2857, 2868, 2869, 2870, 2871, 2882, 2883, 2884, 2885, 2895, 2896, 2897, 2898, 2907, 2908, 2909, 2910, 2927, 2929, 2930, 2931, 2937, 2954, 3376, 3426, 3427, 3462, 3489, 3490, 3525, 3564, 3565, 3600, 3646, 3647, 3682, 3712, 3713, 3748, 3783, 3784, 4549]@{}
http://www.comp.hkbu.edu.hk/v1/?page=job_vacancies?=sc@[2785, 2787, 2826, 2827, 2828, 2829, 2840, 2841, 2842, 2843, 2854, 2855, 2856, 2857, 2868, 2869, 2870, 2871, 2882, 2883, 2884, 2885, 2895, 2896, 2897, 2898, 2907, 2908, 2909, 2910, 2927, 2929, 2930, 2931, 2937, 2954, 3376, 3426, 3427, 3462, 3489, 3490, 3525, 3564, 3565, 3600, 3646, 3647, 3682, 3712, 3713, 3748, 3783, 3784, 4549]@{}
http://www.comp.hkbu.edu.hk/v1/?page=sitemap?=tc@[2785, 2787, 2826, 2827, 2828, 2829, 2840, 2841, 2842, 2843, 2854, 2855, 2856, 2857, 2868, 2869, 2870, 2871, 2882, 2883, 2884, 2885, 2895, 2896, 2897, 2898, 2907, 2908, 2909, 2910, 2927, 2929, 2930, 2931, 2937, 2954, 3376, 3426, 3427, 3462, 3489, 3490, 3525, 3564, 3565, 3600, 3646, 3647, 3682, 3712, 3713, 3748, 3783, 3784, 4548]@{}
http://www.comp.hkbu.edu.hk/v1/?page=sitemap?=sc@[2785, 2787, 2826, 2827, 2828, 2829, 2840, 2841, 2842, 2843, 2854, 2855, 2856, 2857, 2868, 2869, 2870, 2871, 2882, 2883, 2884, 2885, 2895, 2896, 2897, 2898, 2907, 2908, 2909, 2910, 2927, 2929, 2930, 2931, 2937, 2954, 3376, 3426, 3427, 3462, 3489, 3490, 3525, 3564, 3565, 3600, 3646, 3647, 3682, 3712, 3713, 3748, 3783, 3784, 4548]@{}
http://www.comp.hkbu.edu.hk/v1/?lang=sc@[2785, 2787, 2826, 2827, 2828, 2829, 2840, 2841, 2842, 2843, 2854, 2855, 2856, 2857, 2868, 2869, 2870, 2871, 2882, 2883, 2884, 2885, 2895, 2896, 2897, 2898, 2907, 2908, 2909, 2910, 2927, 2929, 2930, 2931, 2937, 2951, 3370, 3420, 3421, 3456, 3483, 3484, 3519, 3558, 3559, 3594, 3640, 3641, 3676, 3706, 3707, 3742, 3777, 3778, 4543]@{}
http://www.comp.hkbu.edu.hk/~alumni/news/../news/@[5018, 5019, 5020, 5021, 5032]@{}
http://www.comp.hkbu.edu.hk/~alumni/news/../scholarship/@[852, 853, 854, 855]@{}
http://www.comp.hkbu.edu.hk/~alumni/news/../donation/@[1340, 1341, 1342, 1343, 1354]@{}
http://www.comp.hkbu.edu.hk/v1/?page=job_vacancies?=tc?=tc@[2785, 2787, 2826, 2827, 2828, 2829, 2840, 2841, 2842, 2843, 2854, 2855, 2856, 2857, 2868, 2869, 2870, 2871, 2882, 2883, 2884, 2885, 2895, 2896, 2897, 2898, 2907, 2908, 2909, 2910, 2927, 2929, 2930, 2931, 2937, 2955, 3378, 3428, 3429, 3464, 3491, 3492, 3527, 3566, 3567, 3602, 3648, 3649, 3684, 3714, 3715, 3750, 3785, 3786, 4550]@{}
http://www.comp.hkbu.edu.hk/v1/?page=job_vacancies?=sc?=tc@[2785, 2787, 2826, 2827, 2828, 2829, 2840, 2841, 2842, 2843, 2854, 2855, 2856, 2857, 2868, 2869, 2870, 2871, 2882, 2883, 2884, 2885, 2895, 2896, 2897, 2898, 2907, 2908, 2909, 2910, 2927, 2929, 2930, 2931, 2937, 2955, 3378, 3428, 3429, 3464, 3491, 3492, 3527, 3566, 3567, 3602, 3648, 3649, 3684, 3714, 3715, 3750, 3785, 3786, 4550]@{}
http://www.comp.hkbu.edu.hk/v1/?page=sitemap?=tc?=tc@[2785, 2787, 2826, 2827, 2828, 2829, 2840, 2841, 2842, 2843, 2854, 2855, 2856, 2857, 2868, 2869, 2870, 2871, 2882, 2883, 2884, 2885, 2895, 2896, 2897, 2898, 2907, 2908, 2909, 2910, 2927, 2929, 2930, 2931, 2937, 2955, 3378, 3428, 3429, 3464, 3491, 3492, 3527, 3566, 3567, 3602, 3648, 3649, 3684, 3714, 3715, 3750, 3785, 3786, 4550]@{}
http://www.comp.hkbu.edu.hk/v1/?page=sitemap?=sc?=tc@[2785, 2787, 2826, 2827, 2828, 2829, 2840, 2841, 2842, 2843, 2854, 2855, 2856, 2857, 2868, 2869, 2870, 2871, 2882, 2883, 2884, 2885, 2895, 2896, 2897, 2898, 2907, 2908, 2909, 2910, 2927, 2929, 2930, 2931, 2937, 2955, 3378, 3428, 3429, 3464, 3491, 3492, 3527, 3566, 3567, 3602, 3648, 3649, 3684, 3714, 3715, 3750, 3785, 3786, 4550]@{}
http://www.comp.hkbu.edu.hk/v1/?page=home@[2785, 2787, 2826, 2827, 2828, 2829, 2840, 2841, 2842, 2843, 2854, 2855, 2856, 2857, 2868, 2869, 2870, 2871, 2882, 2883, 2884, 2885, 2895, 2896, 2897, 2898, 2907, 2908, 2909, 2910, 2927, 2929, 2930, 2931, 2937, 2953, 3374, 3424, 3425, 3460, 3487, 3488, 3523, 3562, 3563, 3598, 3644, 3645, 3680, 3710, 3711, 3746, 3781, 3782, 4546]@{}
http://www.comp.hkbu.edu.hk/~alumni/news/../news/../news/@[5018, 5019, 5020, 5021, 5032]@{}
http://www.comp.hkbu.edu.hk/~alumni/news/../scholarship/../news/@[5018, 5019, 5020, 5021, 5032]@{}
http://www.comp.hkbu.edu.hk/~alumni/news/../donation/../news/@[5018, 5019, 5020, 5021, 5032]@{}
http://www.comp.hkbu.edu.hk/v1/?page=job_vacancies?=tc?=tc?=tc@[2785, 2787, 2826, 2827, 2828, 2829, 2840, 2841, 2842, 2843, 2854, 2855, 2856, 2857, 2868, 2869, 2870, 2871, 2882, 2883, 2884, 2885, 2895, 2896, 2897, 2898, 2907, 2908, 2909, 2910, 2927, 2929, 2930, 2931, 2937, 2956, 3380, 3430, 3431, 3466, 3493, 3494, 3529, 3568, 3569, 3604, 3650, 3651, 3686, 3716, 3717, 3752, 3787, 3788, 4553]@{}
http://www.comp.hkbu.edu.hk/v1/?page=job_vacancies?=sc?=tc?=tc@[2785, 2787, 2826, 2827, 2828, 2829, 2840, 2841, 2842, 2843, 2854, 2855, 2856, 2857, 2868, 2869, 2870, 2871, 2882, 2883, 2884, 2885, 2895, 2896, 2897, 2898, 2907, 2908, 2909, 2910, 2927, 2929, 2930, 2931, 2937, 2956, 3380, 3430, 3431, 3466, 3493, 3494, 3529, 3568, 3569, 3604, 3650, 3651, 3686, 3716, 3717, 3752, 3787, 3788, 4552]@{}
http://www.comp.hkbu.edu.hk/v1/?page=sitemap?=tc?=tc?=tc@[2785, 2787, 2826, 2827, 2828, 2829, 2840, 2841, 2842, 2843, 2854, 2855, 2856, 2857, 2868, 2869, 2870, 2871, 2882, 2883, 2884, 2885, 2895, 2896, 2897, 2898, 2907, 2908, 2909, 2910, 2927, 2929, 2930, 2931, 2937, 2956, 3380, 3430, 3431, 3466, 3493, 3494, 3529, 3568, 3569, 3604, 3650, 3651, 3686, 3716, 3717, 3752, 3787, 3788, 4553]@{}
http://www.comp.hkbu.edu.hk/v1/?page=sitemap?=sc?=tc?=tc@[2785, 2787, 2826, 2827, 2828, 2829, 2840, 2841, 2842, 2843, 2854, 2855, 2856, 2857, 2868, 2869, 2870, 2871, 2882, 2883, 2884, 2885, 2895, 2896, 2897, 2898, 2907, 2908, 2909, 2910, 2927, 2929, 2930, 2931, 2937, 2956, 3380, 3430, 3431, 3466, 3493, 3494, 3529, 3568, 3569, 3604, 3650, 3651, 3686, 3716, 3717, 3752, 3787, 3788, 4553]@{}
http://www.comp.hkbu.edu.hk/v1/?page=home?=tc@[2785, 2787, 2826, 2827, 2828, 2829, 2840, 2841, 2842, 2843, 2854, 2855, 2856, 2857, 2868, 2869, 2870, 2871, 2882, 2883, 2884, 2885, 2895, 2896, 2897, 2898, 2907, 2908, 2909, 2910, 2927, 2929, 2930, 2931, 2937, 2954, 3376, 3426, 3427, 3462, 3489, 3490, 3525, 3564, 3565, 3600, 3646, 3647, 3682, 3712, 3713, 3748, 3783, 3784, 4548]@{}
http://www.comp.hkbu.edu.hk/~alumni/news/../news/../news/../news/@[5018, 5019, 5020, 5021, 5032]@{}
http://www.comp.hkbu.edu.hk/~alumni/news/../scholarship/../news/../news/@[5018, 5019, 5020, 5021, 5032]@{}
http://www.comp.hkbu.edu.hk/~alumni/news/../donation/../news/../news/@[5018, 5019, 5020, 5021, 5032]@{}
http://www.comp.hkbu.edu.hk/v1/?page=job_vacancies?=tc?=tc?=tc?=tc@[2785, 2787, 2826, 2827, 2828, 2829, 2840, 2841, 2842, 2843, 2854, 2855, 2856, 2857, 2868, 2869, 2870, 2871, 2882, 2883, 2884, 2885, 2895, 2896, 2897, 2898, 2907, 2908, 2909, 2910, 2927, 2929, 2930, 2931, 2937, 2957, 3382, 3432, 3433, 3468, 3495, 3496, 3531, 3570, 3571, 3606, 3652, 3653, 3688, 3718, 3719, 3754, 3789, 3790, 4555]@{}
http://www.comp.hkbu.edu.hk/v1/?page=job_vacancies?=sc?=tc?=tc?=tc@[2785, 2787, 2826, 2827, 2828, 2829, 2840, 2841, 2842, 2843, 2854, 2855, 2856, 2857, 2868, 2869, 2870, 2871, 2882, 2883, 2884, 2885, 2895, 2896, 2897, 2898, 2907, 2908, 2909, 2910, 2927, 2929, 2930, 2931, 2937, 2957, 3382, 3432, 3433, 3468, 3495, 3496, 3531, 3570, 3571, 3606, 3652, 3653, 3688, 3718, 3719, 3754, 3789, 3790, 4555]@{}
http://www.comp.hkbu.edu.hk/v1/?page=sitemap?=tc?=tc?=tc?=tc@[2785, 2787, 2826, 2827, 2828, 2829, 2840, 2841, 2842, 2843, 2854, 2855, 2856, 2857, 2868, 2869, 2870, 2871, 2882, 2883, 2884, 2885, 2895, 2896, 2897, 2898, 2907, 2908, 2909, 2910, 2927, 2929, 2930, 2931, 2937, 2957, 3382, 3432, 3433, 3468, 3495, 3496, 3531, 3570, 3571, 3606, 3652, 3653, 3688, 3718, 3719, 3754, 3789, 3790, 4554]@{}
http://www.comp.hkbu.edu.hk/v1/?page=sitemap?=sc?=tc?=tc?=tc@[2785, 2787, 2826, 2827, 2828, 2829, 2840, 2841, 2842, 2843, 2854, 2855, 2856, 2857, 2868, 2869, 2870, 2871, 2882, 2883, 2884, 2885, 2895, 2896, 2897, 2898, 2907, 2908, 2909, 2910, 2927, 2929, 2930, 2931, 2937, 2957, 3382, 3432, 3433, 3468, 3495, 3496, 3531, 3570, 3571, 3606, 3652, 3653, 3688, 3718, 3719, 3754, 3789, 3790, 4554]@{}
http://www.comp.hkbu.edu.hk/v1/?page=home?=tc?=tc@[2785, 2787, 2826, 2827, 2828, 2829, 2840, 2841, 2842, 2843, 2854, 2855, 2856, 2857, 2868, 2869, 2870, 2871, 2882, 2883, 2884, 2885, 2895, 2896, 2897, 2898, 2907, 2908, 2909, 2910, 2927, 2929, 2930, 2931, 2937, 2955, 3378, 3428, 3429, 3464, 3491, 3492, 3527, 3566, 3567, 3602, 3648, 3649, 3684, 3714, 3715, 3750, 3785, 3786, 4550]@{}
http://www.comp.hkbu.edu.hk/~alumni/news/../news/../news/../news/../news/@[5018, 5019, 5020, 5021, 5032]@{}
http://www.comp.hkbu.edu.hk/v1/?page=alumni@[54, 65]@{}
http://www.comp.hkbu.edu.hk/~alumni/news/../scholarship/../news/../news/../news/@[5018, 5019, 5020, 5021, 5032]@{}
http://www.comp.hkbu.edu.hk/~alumni/news/../donation/../news/../news/../news/@[5018, 5019, 5020, 5021, 5032]@{}
http://www.comp.hkbu.edu.hk/v1/?page=job_vacancies?=tc?=tc?=tc?=tc?=tc@[2785, 2787, 2826, 2827, 2828, 2829, 2840, 2841, 2842, 2843, 2854, 2855, 2856, 2857, 2868, 2869, 2870, 2871, 2882, 2883, 2884, 2885, 2895, 2896, 2897, 2898, 2907, 2908, 2909, 2910, 2927, 2929, 2930, 2931, 2937, 2958, 3384, 3434, 3435, 3470, 3497, 3498, 3533, 3572, 3573, 3608, 3654, 3655, 3690, 3720, 3721, 3756, 3791, 3792, 4557]@{}
http://www.comp.hkbu.edu.hk/v1/?page=job_vacancies?=sc?=tc?=tc?=tc?=tc@[2785, 2787, 2826, 2827, 2828, 2829, 2840, 2841, 2842, 2843, 2854, 2855, 2856, 2857, 2868, 2869, 2870, 2871, 2882, 2883, 2884, 2885, 2895, 2896, 2897, 2898, 2907, 2908, 2909, 2910, 2927, 2929, 2930, 2931, 2937, 2958, 3384, 3434, 3435, 3470, 3497, 3498, 3533, 3572, 3573, 3608, 3654, 3655, 3690, 3720, 3721, 3756, 3791, 3792, 4556]@{}
http://www.comp.hkbu.edu.hk/v1/?page=sitemap?=tc?=tc?=tc?=tc?=tc@[2785, 2787, 2826, 2827, 2828, 2829, 2840, 2841, 2842, 2843, 2854, 2855, 2856, 2857, 2868, 2869, 2870, 2871, 2882, 2883, 2884, 2885, 2895, 2896, 2897, 2898, 2907, 2908, 2909, 2910, 2927, 2929, 2930, 2931, 2937, 2958, 3384, 3434, 3435, 3470, 3497, 3498, 3533, 3572, 3573, 3608, 3654, 3655, 3690, 3720, 3721, 3756, 3791, 3792, 4557]@{}
http://www.comp.hkbu.edu.hk/v1/?page=sitemap?=sc?=tc?=tc?=tc?=tc@[2785, 2787, 2826, 2827, 2828, 2829, 2840, 2841, 2842, 2843, 2854, 2855, 2856, 2857, 2868, 2869, 2870, 2871, 2882, 2883, 2884, 2885, 2895, 2896, 2897, 2898, 2907, 2908, 2909, 2910, 2927, 2929, 2930, 2931, 2937, 2958, 3384, 3434, 3435, 3470, 3497, 3498, 3533, 3572, 3573, 3608, 3654, 3655, 3690, 3720, 3721, 3756, 3791, 3792, 4556]@{}
http://www.comp.hkbu.edu.hk/v1/?page=home?=tc?=tc?=tc@[2785, 2787, 2826, 2827, 2828, 2829, 2840, 2841, 2842, 2843, 2854, 2855, 2856, 2857, 2868, 2869, 2870, 2871, 2882, 2883, 2884, 2885, 2895, 2896, 2897, 2898, 2907, 2908, 2909, 2910, 2927, 2929, 2930, 2931, 2937, 2956, 3380, 3430, 3431, 3466, 3493, 3494, 3529, 3568, 3569, 3604, 3650, 3651, 3686, 3716, 3717, 3752, 3787, 3788, 4552]@{}
http://www.comp.hkbu.edu.hk/~alumni/news/../news/../news/../news/../news/../news/@[5018, 5019, 5020, 5021, 5032]@{}
http://www.comp.hkbu.edu.hk/~alumni/news/../scholarship/../news/../news/../news/../news/@[5018, 5019, 5020, 5021, 5032]@{}
http://www.comp.hkbu.edu.hk/~alumni/news/../donation/../news/../news/../news/../news/@[5018, 5019, 5020, 5021, 5032]@{}
http://www.comp.hkbu.edu.hk/v1/?page=job_vacancies@[2333, 2335, 2374, 2375, 2376, 2377, 2388, 2389, 2390, 2391, 2402, 2403, 2404, 2405, 2416, 2417, 2418, 2419, 2430, 2431, 2432, 2433, 2443, 2444, 2445, 2446, 2455, 2456, 2457, 2458, 2475, 2477, 2478, 2479, 2485, 2501, 2922, 2972, 2973, 3008, 3035, 3036, 3071, 3110, 3111, 3146, 3192, 3193, 3228, 3258, 3259, 3294, 3329, 3330, 4095]@{}
http://www.comp.hkbu.edu.hk/v1/?page=job_vacancies?=tc?=tc?=tc?=tc?=tc?=tc@[2785, 2787, 2826, 2827, 2828, 2829, 2840, 2841, 2842, 2843, 2854, 2855, 2856, 2857, 2868, 2869, 2870, 2871, 2882, 2883, 2884, 2885, 2895, 2896, 2897, 2898, 2907, 2908, 2909, 2910, 2927, 2929, 2930, 2931, 2937, 2959, 3386, 3436, 3437, 3472, 3499, 3500, 3535, 3574, 3575, 3610, 3656, 3657, 3692, 3722, 3723, 3758, 3793, 3794, 4559]@{}
http://www.comp.hkbu.edu.hk/v1/?page=job_vacancies?=sc?=tc?=tc?=tc?=tc?=tc@[2785, 2787, 2826, 2827, 2828, 2829, 2840, 2841, 2842, 2843, 2854, 2855, 2856, 2857, 2868, 2869, 2870, 2871, 2882, 2883, 2884, 2885, 2895, 2896, 2897, 2898, 2907, 2908, 2909, 2910, 2927, 2929, 2930, 2931, 2937, 2959, 3386, 3436, 3437, 3472, 3499, 3500, 3535, 3574, 3575, 3610, 3656, 3657, 3692, 3722, 3723, 3758, 3793, 3794, 4558]@{}
http://www.comp.hkbu.edu.hk/v1/?page=sitemap?=tc?=tc?=tc?=tc?=tc?=tc@[2785, 2787, 2826, 2827, 2828, 2829, 2840, 2841, 2842, 2843, 2854, 2855, 2856, 2857, 2868, 2869, 2870, 2871, 2882, 2883, 2884, 2885, 2895, 2896, 2897, 2898, 2907, 2908, 2909, 2910, 2927, 2929, 2930, 2931, 2937, 2959, 3386, 3436, 3437, 3472, 3499, 3500, 3535, 3574, 3575, 3610, 3656, 3657, 3692, 3722, 3723, 3758, 3793, 3794, 4558]@{}
http://www.comp.hkbu.edu.hk/v1/?page=sitemap?=sc?=tc?=tc?=tc?=tc?=tc@[2785, 2787, 2826, 2827, 2828, 2829, 2840, 2841, 2842, 2843, 2854, 2855, 2856, 2857, 2868, 2869, 2870, 2871, 2882, 2883, 2884, 2885, 2895, 2896, 2897, 2898, 2907, 2908, 2909, 2910, 2927, 2929, 2930, 2931, 2937, 2959, 3386, 3436, 3437, 3472, 3499, 3500, 3535, 3574, 3575, 3610, 3656, 3657, 3692, 3722, 3723, 3758, 3793, 3794, 4559]@{}
http://www.comp.hkbu.edu.hk/v1/?page=home?=tc?=tc?=tc?=tc@[2785, 2787, 2826, 2827, 2828, 2829, 2840, 2841, 2842, 2843, 2854, 2855, 2856, 2857, 2868, 2869, 2870, 2871, 2882, 2883, 2884, 2885, 2895, 2896, 2897, 2898, 2907, 2908, 2909, 2910, 2927, 2929, 2930, 2931, 2937, 2957, 3382, 3432, 3433, 3468, 3495, 3496, 3531, 3570, 3571, 3606, 3652, 3653, 3688, 3718, 3719, 3754, 3789, 3790, 4555]@{}
http://www.comp.hkbu.edu.hk/~alumni/news/../news/../news/../news/../news/../news/../news/@[5018, 5019, 5020, 5021, 5032]@{}
http://www.comp.hkbu.edu.hk/~alumni/news/../scholarship/../news/../news/../news/../news/../news/@[5018, 5019, 5020, 5021, 5032]@{}
http://www.comp.hkbu.edu.hk/~alumni/news/../donation/../news/../news/../news/../news/../news/@[5018, 5019, 5020, 5021, 5032]@{}
http://www.comp.hkbu.edu.hk/v1/?page=job_vacancies?=tc?=tc?=tc?=tc?=tc?=tc?=tc@[2785, 2787, 2826, 2827, 2828, 2829, 2840, 2841, 2842, 2843, 2854, 2855, 2856, 2857, 2868, 2869, 2870, 2871, 2882, 2883, 2884, 2885, 2895, 2896, 2897, 2898, 2907, 2908, 2909, 2910, 2927, 2929, 2930, 2931, 2937, 2960, 3388, 3438, 3439, 3474, 3501, 3502, 3537, 3576, 3577, 3612, 3658, 3659, 3694, 3724, 3725, 3760, 3795, 3796, 4561]@{}
http://www.comp.hkbu.edu.hk/v1/?page=job_vacancies?=sc?=tc?=tc?=tc?=tc?=tc?=tc@[2785, 2787, 2826, 2827, 2828, 2829, 2840, 2841, 2842, 2843, 2854, 2855, 2856, 2857, 2868, 2869, 2870, 2871, 2882, 2883, 2884, 2885, 2895, 2896, 2897, 2898, 2907, 2908, 2909, 2910, 2927, 2929, 2930, 2931, 2937, 2960, 3388, 3438, 3439, 3474, 3501, 3502, 3537, 3576, 3577, 3612, 3658, 3659, 3694, 3724, 3725, 3760, 3795, 3796, 4561]@{}
http://www.comp.hkbu.edu.hk/v1/?page=sitemap?=tc?=tc?=tc?=tc?=tc?=tc?=tc@[2785, 2787, 2826, 2827, 2828, 2829, 2840, 2841, 2842, 2843, 2854, 2855, 2856, 2857, 2868, 2869, 2870, 2871, 2882, 2883, 2884, 2885, 2895, 2896, 2897, 2898, 2907, 2908, 2909, 2910, 2927, 2929, 2930, 2931, 2937, 2960, 3388, 3438, 3439, 3474, 3501, 3502, 3537, 3576, 3577, 3612, 3658, 3659, 3694, 3724, 3725, 3760, 3795, 3796, 4560]@{}
http://www.comp.hkbu.edu.hk/v1/?page=sitemap?=sc?=tc?=tc?=tc?=tc?=tc?=tc@[2785, 2787, 2826, 2827, 2828, 2829, 2840, 2841, 2842, 2843, 2854, 2855, 2856, 2857, 2868, 2869, 2870, 2871, 2882, 2883, 2884, 2885, 2895, 2896, 2897, 2898, 2907, 2908, 2909, 2910, 2927, 2929, 2930, 2931, 2937, 2960, 3388, 3438, 3439, 3474, 3501, 3502, 3537, 3576, 3577, 3612, 3658, 3659, 3694, 3724, 3725, 3760, 3795, 3796, 4560]@{}
http://www.comp.hkbu.edu.hk/v1/?page=home?=tc?=tc?=tc?=tc?=tc@[2785, 2787, 2826, 2827, 2828, 2829, 2840, 2841, 2842, 2843, 2854, 2855, 2856, 2857, 2868, 2869, 2870, 2871, 2882, 2883, 2884, 2885, 2895, 2896, 2897, 2898, 2907, 2908, 2909, 2910, 2927, 2929, 2930, 2931, 2937, 2958, 3384, 3434, 3435, 3470, 3497, 3498, 3533, 3572, 3573, 3608, 3654, 3655, 3690, 3720, 3721, 3756, 3791, 3792, 4557]@{}
http://www.comp.hkbu.edu.hk/~alumni/news/../news/../news/../news/../news/../news/../news/../news/@[5018, 5019, 5020, 5021, 5032]@{}
http://www.comp.hkbu.edu.hk/~alumni/news/../scholarship/../news/../news/../news/../news/../news/../news/@[5018, 5019, 5020, 5021, 5032]@{}
http://www.comp.hkbu.edu.hk/~alumni/news/../donation/../news/../news/../news/../news/../news/../news/@[5018, 5019, 5020, 5021, 5032]@{}
http://www.comp.hkbu.edu.hk/v1/?page=job_vacancies?=tc?=tc?=tc?=tc?=tc?=tc?=tc?=tc@[2785, 2787, 2826, 2827, 2828, 2829, 2840, 2841, 2842, 2843, 2854, 2855, 2856, 2857, 2868, 2869, 2870, 2871, 2882, 2883, 2884, 2885, 2895, 2896, 2897, 2898, 2907, 2908, 2909, 2910, 2927, 2929, 2930, 2931, 2937, 2961, 3390, 3440, 3441, 3476, 3503, 3504, 3539, 3578, 3579, 3614, 3660, 3661, 3696, 3726, 3727, 3762, 3797, 3798, 4563]@{}
http://www.comp.hkbu.edu.hk/v1/?page=job_vacancies?=sc?=tc?=tc?=tc?=tc?=tc?=tc?=tc@[2785, 2787, 2826, 2827, 2828, 2829, 2840, 2841, 2842, 2843, 2854, 2855, 2856, 2857, 2868, 2869, 2870, 2871, 2882, 2883, 2884, 2885, 2895, 2896, 2897, 2898, 2907, 2908, 2909, 2910, 2927, 2929, 2930, 2931, 2937, 2961, 3390, 3440, 3441, 3476, 3503, 3504, 3539, 3578, 3579, 3614, 3660, 3661, 3696, 3726, 3727, 3762, 3797, 3798, 4563]@{}
http://www.comp.hkbu.edu.hk/v1/?page=sitemap?=tc?=tc?=tc?=tc?=tc?=tc?=tc?=tc@[2785, 2787, 2826, 2827, 2828, 2829, 2840, 2841, 2842, 2843, 2854, 2855, 2856, 2857, 2868, 2869, 2870, 2871, 2882, 2883, 2884, 2885, 2895, 2896, 2897, 2898, 2907, 2908, 2909, 2910, 2927, 2929, 2930, 2931, 2937, 2961, 3390, 3440, 3441, 3476, 3503, 3504, 3539, 3578, 3579, 3614, 3660, 3661, 3696, 3726, 3727, 3762, 3797, 3798, 4563]@{}
http://www.comp.hkbu.edu.hk/v1/?page=sitemap?=sc?=tc?=tc?=tc?=tc?=tc?=tc?=tc@[2785, 2787, 2826, 2827, 2828, 2829, 2840, 2841, 2842, 2843, 2854, 2855, 2856, 2857, 2868, 2869, 2870, 2871, 2882, 2883, 2884, 2885, 2895, 2896, 2897, 2898, 2907, 2908, 2909, 2910, 2927, 2929, 2930, 2931, 2937, 2961, 3390, 3440, 3441, 3476, 3503, 3504, 3539, 3578, 3579, 3614, 3660, 3661, 3696, 3726, 3727, 3762, 3797, 3798, 4563]@{}
http://www.comp.hkbu.edu.hk/v1/?page=sitemap@[2331, 2333, 2372, 2373, 2374, 2375, 2386, 2387, 2388, 2389, 2400, 2401, 2402, 2403, 2414, 2415, 2416, 2417, 2428, 2429, 2430, 2431, 2441, 2442, 2443, 2444, 2453, 2454, 2455, 2456, 2473, 2475, 2476, 2477, 2483, 2499, 2920, 2970, 2971, 3006, 3033, 3034, 3069, 3108, 3109, 3144, 3190, 3191, 3226, 3256, 3257, 3292, 3327, 3328, 4092]@{}
http://www.comp.hkbu.edu.hk/v1/?page=home?=tc?=tc?=tc?=tc?=tc?=tc@[2785, 2787, 2826, 2827, 2828, 2829, 2840, 2841, 2842, 2843, 2854, 2855, 2856, 2857, 2868, 2869, 2870, 2871, 2882, 2883, 2884, 2885, 2895, 2896, 2897, 2898, 2907, 2908, 2909, 2910, 2927, 2929, 2930, 2931, 2937, 2959, 3386, 3436, 3437, 3472, 3499, 3500, 3535, 3574, 3575, 3610, 3656, 3657, 3692, 3722, 3723, 3758, 3793, 3794, 4558]@{}
http://www.comp.hkbu.edu.hk/~alumni/news/../news/../news/../news/../news/../news/../news/../news/../news/@[5018, 5019, 5020, 5021, 5032]@{}
http://www.comp.hkbu.edu.hk/~alumni/news/../scholarship/../news/../news/../news/../news/../news/../news/../news/@[5018, 5019, 5020, 5021, 5032]@{}
http://www.comp.hkbu.edu.hk/~alumni/news/../donation/../news/../news/../news/../news/../news/../news/../news/@[5018, 5019, 5020, 5021, 5032]@{}
http://www.comp.hkbu.edu.hk/v1/?page=job_vacancies?=tc?=tc?=tc?=tc?=tc?=tc?=tc?=tc?=tc@[2785, 2787, 2826, 2827, 2828, 2829, 2840, 2841, 2842, 2843, 2854, 2855, 2856, 2857, 2868, 2869, 2870, 2871, 2882, 2883, 2884, 2885, 2895, 2896, 2897, 2898, 2907, 2908, 2909, 2910, 2927, 2929, 2930, 2931, 2937, 2962, 3392, 3442, 3443, 3478, 3505, 3506, 3541, 3580, 3581, 3616, 3662, 3663, 3698, 3728, 3729, 3764, 3799, 3800, 4565]@{}
http://www.comp.hkbu.edu.hk/v1/?page=job_vacancies?=sc?=tc?=tc?=tc?=tc?=tc?=tc?=tc?=tc@[2785, 2787, 2826, 2827, 2828, 2829, 2840, 2841, 2842, 2843, 2854, 2855, 2856, 2857, 2868, 2869, 2870, 2871, 2882, 2883, 2884, 2885, 2895, 2896, 2897, 2898, 2907, 2908, 2909, 2910, 2927, 2929, 2930, 2931, 2937, 2962, 3392, 3442, 3443, 3478, 3505, 3506, 3541, 3580, 3581, 3616, 3662, 3663, 3698, 3728, 3729, 3764, 3799, 3800, 4565]@{}
http://www.comp.hkbu.edu.hk/v1/?page=sitemap?=tc?=tc?=tc?=tc?=tc?=tc?=tc?=tc?=tc@[2785, 2787, 2826, 2827, 2828, 2829, 2840, 2841, 2842, 2843, 2854, 2855, 2856, 2857, 2868, 2869, 2870, 2871, 2882, 2883, 2884, 2885, 2895, 2896, 2897, 2898, 2907, 2908, 2909, 2910, 2927, 2929, 2930, 2931, 2937, 2962, 3392, 3442, 3443, 3478, 3505, 3506, 3541, 3580, 3581, 3616, 3662, 3663, 3698, 3728, 3729, 3764, 3799, 3800, 4564]@{}
http://www.comp.hkbu.edu.hk/v1/?page=sitemap?=sc?=tc?=tc?=tc?=tc?=tc?=tc?=tc?=tc@[2785, 2787, 2826, 2827, 2828, 2829, 2840, 2841, 2842, 2843, 2854, 2855, 2856, 2857, 2868, 2869, 2870, 2871, 2882, 2883, 2884, 2885, 2895, 2896, 2897, 2898, 2907, 2908, 2909, 2910, 2927, 2929, 2930, 2931, 2937, 2962, 3392, 3442, 3443, 3478, 3505, 3506, 3541, 3580, 3581, 3616, 3662, 3663, 3698, 3728, 3729, 3764, 3799, 3800, 4564]@{}
http://www.comp.hkbu.edu.hk/v1/?lang=tc@[2785, 2787, 2826, 2827, 2828, 2829, 2840, 2841, 2842, 2843, 2854, 2855, 2856, 2857, 2868, 2869, 2870, 2871, 2882, 2883, 2884, 2885, 2895, 2896, 2897, 2898, 2907, 2908, 2909, 2910, 2927, 2929, 2930, 2931, 2937, 2951, 3370, 3420, 3421, 3456, 3483, 3484, 3519, 3558, 3559, 3594, 3640, 3641, 3676, 3706, 3707, 3742, 3777, 3778, 4542]@{}
http://www.comp.hkbu.edu.hk/~alumni/news/@[5018, 5019, 5020, 5021, 5032]@{}
http://www.sci.hkbu.edu.hk/eng/page/?page=prospective-students@[2785, 2790, 2836, 2841, 2890, 2895, 2958, 2963, 3085, 3090, 3130, 3306]@{}
http://www.sci.hkbu.edu.hk/eng/page/?page=current-students@[2913, 2928]@{}
http://www.sci.hkbu.edu.hk/eng/page/@[2465, 2466, 2507, 3050, 3052, 3065]@{}
http://www.sci.hkbu.edu.hk/eng/about-us/honorary-doctorate@[3593, 3596]@{}
http://www.sci.hkbu.edu.hk/eng/about-us/distinguished-professor-of-science@[2713]@{}
http://www.sci.hkbu.edu.hk/eng/about-us/dr-kennedy-wong-distinguished-visiting-professorship-scheme@[3063, 3075, 3078, 3081]@{}
http://www.sci.hkbu.edu.hk/eng/about-us/vision-mission@[2733, 2914, 2985]@{}
http://www.sci.hkbu.edu.hk/eng/about-us/faculty-advisory-committee@[2681, 2774, 2786, 2860, 2912, 2991, 3058, 3130, 3216, 3299, 3378, 3415, 3442, 3474, 3495, 3518, 3575, 3600, 3654, 3733, 3736, 3739]@{}
