http://www.comp.hkbu.edu.hk@[2550, 2581, 2611, 2822, 2836, 2850, 2864, 2878, 3621, 3633, 3693, 3701, 4514, 4643, 4718, 4754, 4817, 5616, 6064, 6864, 6956]@{}
http://www.comp.hkbu.edu.hk/v1/?page=sci@[834, 1169, 1387, 1400, 1413, 1431, 1445, 6237, 6240, 7197, 7207, 7211, 7215, 7235, 7239, 7243, 7819, 8021, 8036, 8051, 8065, 8239]@{}
http://www.comp.hkbu.edu.hk/v1/?page=job_vacancies?=tc@[2550, 2581, 2611, 2822, 2836, 2850, 2864, 2878, 3627, 3639, 3699, 3707, 4520, 4714, 4750, 4813, 5612, 6060, 6840, 6932]@{}
http://www.comp.hkbu.edu.hk/v1/?page=job_vacancies?=sc@[2550, 2581, 2611, 2822, 2836, 2850, 2864, 2878, 3627, 3639, 3699, 3707, 4520, 4677, 4714, 4750, 4813, 5612, 6060, 6849, 6941]@{}
http://www.comp.hkbu.edu.hk/v1/?page=sitemap?=tc@[2550, 2581, 2611, 2822, 2836, 2850, 2864, 2878, 3627, 3639, 3699, 3707, 4519, 4710, 4746, 4809, 5608, 6056, 6852, 6944]@{}
http://www.comp.hkbu.edu.hk/v1/?page=sitemap?=sc@[2550, 2581, 2611, 2822, 2836, 2850, 2864, 2878, 3627, 3639, 3699, 3707, 4519, 4672, 4709, 4745, 4808, 5607, 6055, 6867, 6959]@{}
http://www.comp.hkbu.edu.hk/v1/?lang=sc@[2550, 2581, 2611, 2822, 2836, 2850, 2864, 2878, 3621, 3633, 3693, 3701, 4514, 4705, 4741, 4804, 5603, 6051, 6833, 6925]@{}
http://www.comp.hkbu.edu.hk/~alumni/news/../news/@[289, 355, 443, 502, 534, 662, 824, 901, 1048, 1098, 1157, 1170, 1186, 1268, 1343, 1394, 1472, 1523, 1604, 1661, 1740, 1793, 1848, 1906, 1963, 2037, 2122, 2179, 2258, 2307, 2397, 2452, 2526, 2584, 2638, 2726, 2806, 2891, 2990, 3115, 3190, 3281, 3370, 3472, 3562, 3646, 3738, 3838, 3945, 4035, 4057, 4167, 4296, 4388, 4478, 4540, 4606, 4670, 4747, 4832, 4914, 4991]@{}
http://www.comp.hkbu.edu.hk/~alumni/news/../scholarship/@[289, 355, 443, 502, 534]@{}
http://www.comp.hkbu.edu.hk/~alumni/news/../donation/@[289, 355, 443, 502, 534]@{}
http://www.comp.hkbu.edu.hk/v1/?page=job_vacancies?=tc?=tc@[2550, 2581, 2611, 2822, 2836, 2850, 2864, 2878, 3629, 3641, 3701, 3709, 4521, 4711, 4747, 4810, 5609, 6057, 6854, 6946]@{}
http://www.comp.hkbu.edu.hk/v1/?page=job_vacancies?=sc?=tc@[2550, 2581, 2611, 2822, 2836, 2850, 2864, 2878, 3629, 3641, 3701, 3709, 4521, 4650, 4721, 4757, 4820, 5619, 6067, 6883, 6975]@{}
http://www.comp.hkbu.edu.hk/v1/?page=sitemap?=tc?=tc@[2550, 2581, 2611, 2822, 2836, 2850, 2864, 2878, 3629, 3641, 3701, 3709, 4521, 4711, 4747, 4810, 5609, 6057, 6845, 6937]@{}
http://www.comp.hkbu.edu.hk/v1/?page=sitemap?=sc?=tc@[2550, 2581, 2611, 2822, 2836, 2850, 2864, 2878, 3629, 3641, 3701, 3709, 4521, 4650, 4725, 4761, 4824, 5623, 6071, 6872, 6964]@{}
http://www.comp.hkbu.edu.hk/v1/?page=home@[2550, 2581, 2611, 2822, 2836, 2850, 2864, 2878, 3625, 3637, 3697, 3705, 4517, 4703, 4739, 4802, 5601, 6049, 6837, 6929]@{}
http://www.comp.hkbu.edu.hk/~alumni/news/../news/../news/@[289, 355, 443, 502, 534, 662, 824, 901, 1048, 1098, 1157, 1170, 1186, 1268, 1343, 1394, 1472, 1523, 1604, 1661, 1740, 1793, 1848, 1906, 1963, 2037, 2122, 2179, 2258, 2307, 2397, 2452, 2526, 2584, 2638, 2726, 2806, 2891, 2990, 3115, 3190, 3281, 3370, 3472, 3562, 3646, 3738, 3838, 3945, 4035, 4057, 4167, 4296, 4388, 4478, 4540, 4606, 4670, 4747, 4832, 4914, 4991]@{}
http://www.comp.hkbu.edu.hk/~alumni/news/../scholarship/../news/@[289, 355, 443, 502, 534, 662, 824, 901, 1048, 1098, 1157, 1170, 1186, 1268, 1343, 1394, 1472, 1523, 1604, 1661, 1740, 1793, 1848, 1906, 1963, 2037, 2122, 2179, 2258, 2307, 2397, 2452, 2526, 2584, 2638, 2726, 2806, 2891, 2990, 3115, 3190, 3281, 3370, 3472, 3562, 3646, 3738, 3838, 3945, 4035, 4057, 4167, 4296, 4388, 4478, 4540, 4606, 4670, 4747, 4832, 4914, 4991]@{}
http://www.comp.hkbu.edu.hk/~alumni/news/../donation/../news/@[289, 355, 443, 502, 534, 662, 824, 901, 1048, 1098, 1157, 1170, 1186, 1268, 1343, 1394, 1472, 1523, 1604, 1661, 1740, 1793, 1848, 1906, 1963, 2037, 2122, 2179, 2258, 2307, 2397, 2452, 2526, 2584, 2638, 2726, 2806, 2891, 2990, 3115, 3190, 3281, 3370, 3472, 3562, 3646, 3738, 3838, 3945, 4035, 4057, 4167, 4296, 4388, 4478, 4540, 4606, 4670, 4747, 4832, 4914, 4991]@{}
http://www.comp.hkbu.edu.hk/v1/?page=job_vacancies?=tc?=tc?=tc@[2550, 2581, 2611, 2822, 2836, 2850, 2864, 2878, 3631, 3643, 3703, 3711, 4524, 4653, 4725, 4761, 4824, 5623, 6071, 6880, 6972]@{}
http://www.comp.hkbu.edu.hk/v1/?page=job_vacancies?=sc?=tc?=tc@[2550, 2581, 2611, 2822, 2836, 2850, 2864, 2878, 3631, 3643, 3703, 3711, 4523, 4709, 4745, 4808, 5607, 6055, 6849, 6941]@{}
http://www.comp.hkbu.edu.hk/v1/?page=sitemap?=tc?=tc?=tc@[2550, 2581, 2611, 2822, 2836, 2850, 2864, 2878, 3631, 3643, 3703, 3711, 4524, 4715, 4751, 4814, 5613, 6061, 6877, 6969]@{}
http://www.comp.hkbu.edu.hk/v1/?page=sitemap?=sc?=tc?=tc@[2550, 2581, 2611, 2822, 2836, 2850, 2864, 2878, 3631, 3643, 3703, 3711, 4524, 4681, 4718, 4754, 4817, 5616, 6064, 6880, 6972]@{}
http://www.comp.hkbu.edu.hk/v1/?page=home?=tc@[2550, 2581, 2611, 2822, 2836, 2850, 2864, 2878, 3627, 3639, 3699, 3707, 4519, 4713, 4749, 4812, 5611, 6059, 6865, 6957]@{}
http://www.comp.hkbu.edu.hk/~alumni/news/../news/../news/../news/@[289, 355, 443, 502, 534, 662, 824, 901, 1048, 1098, 1157, 1170, 1186, 1268, 1343, 1394, 1472, 1523, 1604, 1661, 1740, 1793, 1848, 1906, 1963, 2037, 2122, 2179, 2258, 2307, 2397, 2452, 2526, 2584, 2638, 2726, 2806, 2891, 2990, 3115, 3190, 3281, 3370, 3472, 3562, 3646, 3738, 3838, 3945, 4035, 4057, 4167, 4296, 4388, 4478, 4540, 4606, 4670, 4747, 4832, 4914, 4991]@{}
http://www.comp.hkbu.edu.hk/~alumni/news/../scholarship/../news/../news/@[289, 355, 443, 502, 534, 662, 824, 901, 1048, 1098, 1157, 1170, 1186, 1268, 1343, 1394, 1472, 1523, 1604, 1661, 1740, 1793, 1848, 1906, 1963, 2037, 2122, 2179, 2258, 2307, 2397, 2452, 2526, 2584, 2638, 2726, 2806, 2891, 2990, 3115, 3190, 3281, 3370, 3472, 3562, 3646, 3738, 3838, 3945, 4035, 4057, 4167, 4296, 4388, 4478, 4540, 4606, 4670, 4747, 4832, 4914, 4991]@{}
http://www.comp.hkbu.edu.hk/~alumni/news/../donation/../news/../news/@[289, 355, 443, 502, 534, 662, 824, 901, 1048, 1098, 1157, 1170, 1186, 1268, 1343, 1394, 1472, 1523, 1604, 1661, 1740, 1793, 1848, 1906, 1963, 2037, 2122, 2179, 2258, 2307, 2397, 2452, 2526, 2584, 2638, 2726, 2806, 2891, 2990, 3115, 3190, 3281, 3370, 3472, 3562, 3646, 3738, 3838, 3945, 4035, 4057, 4167, 4296, 4388, 4478, 4540, 4606, 4670, 4747, 4832, 4914, 4991]@{}
http://www.comp.hkbu.edu.hk/v1/?page=job_vacancies?=tc?=tc?=tc?=tc@[2550, 2581, 2611, 2822, 2836, 2850, 2864, 2878, 3633, 3645, 3705, 3713, 4526, 4655, 4726, 4762, 4825, 5624, 6072, 6860, 6952]@{}
http://www.comp.hkbu.edu.hk/v1/?page=job_vacancies?=sc?=tc?=tc?=tc@[2550, 2581, 2611, 2822, 2836, 2850, 2864, 2878, 3633, 3645, 3705, 3713, 4526, 4655, 4727, 4763, 4826, 5625, 6073, 6848, 6940]@{}
http://www.comp.hkbu.edu.hk/v1/?page=sitemap?=tc?=tc?=tc?=tc@[2550, 2581, 2611, 2822, 2836, 2850, 2864, 2878, 3633, 3645, 3705, 3713, 4525, 4715, 4751, 4814, 5613, 6061, 6866, 6958]@{}
http://www.comp.hkbu.edu.hk/v1/?page=sitemap?=sc?=tc?=tc?=tc@[2550, 2581, 2611, 2822, 2836, 2850, 2864, 2878, 3633, 3645, 3705, 3713, 4525, 4654, 4726, 4762, 4825, 5624, 6072, 6874, 6966]@{}
http://www.comp.hkbu.edu.hk/v1/?page=home?=tc?=tc@[2550, 2581, 2611, 2822, 2836, 2850, 2864, 2878, 3629, 3641, 3701, 3709, 4521, 4678, 4715, 4751, 4814, 5613, 6061, 6848, 6940]@{}
http://www.comp.hkbu.edu.hk/~alumni/news/../news/../news/../news/../news/@[289, 355, 443, 502, 534, 662, 824, 901, 1048, 1098, 1157, 1170, 1186, 1268, 1343, 1394, 1472, 1523, 1604, 1661, 1740, 1793, 1848, 1906, 1963, 2037, 2122, 2179, 2258, 2307, 2397, 2452, 2526, 2584, 2638, 2726, 2806, 2891, 2990, 3115, 3190, 3281, 3370, 3472, 3562, 3646, 3738, 3838, 3945, 4035, 4057, 4167, 4296, 4388, 4478, 4540, 4606, 4670, 4747, 4832, 4914, 4991]@{}
http://www.comp.hkbu.edu.hk/~alumni/news/../scholarship/../news/../news/../news/@[289, 355, 443, 502, 534, 662, 824, 901, 1048, 1098, 1157, 1170, 1186, 1268, 1343, 1394, 1472, 1523, 1604, 1661, 1740, 1793, 1848, 1906, 1963, 2037, 2122, 2179, 2258, 2307, 2397, 2452, 2526, 2584, 2638, 2726, 2806, 2891, 2990, 3115, 3190, 3281, 3370, 3472, 3562, 3646, 3738, 3838, 3945, 4035, 4057, 4167, 4296, 4388, 4478, 4540, 4606, 4670, 4747, 4832, 4914, 4991]@{}
http://www.comp.hkbu.edu.hk/~alumni/news/../donation/../news/../news/../news/@[289, 355, 443, 502, 534, 662, 824, 901, 1048, 1098, 1157, 1170, 1186, 1268, 1343, 1394, 1472, 1523, 1604, 1661, 1740, 1793, 1848, 1906, 1963, 2037, 2122, 2179, 2258, 2307, 2397, 2452, 2526, 2584, 2638, 2726, 2806, 2891, 2990, 3115, 3190, 3281, 3370, 3472, 3562, 3646, 3738, 3838, 3945, 4035, 4057, 4167, 4296, 4388, 4478, 4540, 4606, 4670, 4747, 4832, 4914, 4991]@{}
http://www.comp.hkbu.edu.hk/v1/?page=job_vacancies?=tc?=tc?=tc?=tc?=tc@[2550, 2581, 2611, 2822, 2836, 2850, 2864, 2878, 3635, 3647, 3707, 3715, 4528, 4657, 4729, 4765, 4828, 5627, 6075, 6855, 6947]@{}
http://www.comp.hkbu.edu.hk/v1/?page=job_vacancies?=sc?=tc?=tc?=tc?=tc@[2550, 2581, 2611, 2822, 2836, 2850, 2864, 2878, 3635, 3647, 3707, 3715, 4527, 4714, 4750, 4813, 5612, 6060, 6857, 6949]@{}
http://www.comp.hkbu.edu.hk/v1/?page=sitemap?=tc?=tc?=tc?=tc?=tc@[2550, 2581, 2611, 2822, 2836, 2850, 2864, 2878, 3635, 3647, 3707, 3715, 4528, 4722, 4758, 4821, 5620, 6068, 6877, 6969]@{}
http://www.comp.hkbu.edu.hk/v1/?page=sitemap?=sc?=tc?=tc?=tc?=tc@[2550, 2581, 2611, 2822, 2836, 2850, 2864, 2878, 3635, 3647, 3707, 3715, 4527, 4656, 4728, 4764, 4827, 5626, 6074, 6862, 6954]@{}
http://www.comp.hkbu.edu.hk/v1/?page=home?=tc?=tc?=tc@[2550, 2581, 2611, 2822, 2836, 2850, 2864, 2878, 3631, 3643, 3703, 3711, 4523, 4676, 4713, 4749, 4812, 5611, 6059, 6862, 6954]@{}
http://www.comp.hkbu.edu.hk/~alumni/news/../news/../news/../news/../news/../news/@[289, 355, 443, 502, 534, 662, 824, 901, 1048, 1098, 1157, 1170, 1186, 1268, 1343, 1394, 1472, 1523, 1604, 1661, 1740, 1793, 1848, 1906, 1963, 2037, 2122, 2179, 2258, 2307, 2397, 2452, 2526, 2584, 2638, 2726, 2806, 2891, 2990, 3115, 3190, 3281, 3370, 3472, 3562, 3646, 3738, 3838, 3945, 4035, 4057, 4167, 4296, 4388, 4478, 4540, 4606, 4670, 4747, 4832, 4914, 4991]@{}
http://www.comp.hkbu.edu.hk/~alumni/news/../scholarship/../news/../news/../news/../news/@[289, 355, 443, 502, 534, 662, 824, 901, 1048, 1098, 1157, 1170, 1186, 1268, 1343, 1394, 1472, 1523, 1604, 1661, 1740, 1793, 1848, 1906, 1963, 2037, 2122, 2179, 2258, 2307, 2397, 2452, 2526, 2584, 2638, 2726, 2806, 2891, 2990, 3115, 3190, 3281, 3370, 3472, 3562, 3646, 3738, 3838, 3945, 4035, 4057, 4167, 4296, 4388, 4478, 4540, 4606, 4670, 4747, 4832, 4914, 4991]@{}
http://www.comp.hkbu.edu.hk/~alumni/news/../donation/../news/../news/../news/../news/@[289, 355, 443, 502, 534, 662, 824, 901, 1048, 1098, 1157, 1170, 1186, 1268, 1343, 1394, 1472, 1523, 1604, 1661, 1740, 1793, 1848, 1906, 1963, 2037, 2122, 2179, 2258, 2307, 2397, 2452, 2526, 2584, 2638, 2726, 2806, 2891, 2990, 3115, 3190, 3281, 3370, 3472, 3562, 3646, 3738, 3838, 3945, 4035, 4057, 4167, 4296, 4388, 4478, 4540, 4606, 4670, 4747, 4832, 4914, 4991]@{}
http://www.comp.hkbu.edu.hk/v1/?page=job_vacancies@[2098, 2129, 2159, 2370, 2384, 2398, 2412, 2426, 3173, 3185, 3245, 3253, 4066, 4253, 4266, 4305, 4375, 4467]@{}
http://www.comp.hkbu.edu.hk/v1/?page=job_vacancies?=tc?=tc?=tc?=tc?=tc?=tc@[2550, 2581, 2611, 2822, 2836, 2850, 2864, 2878, 3637, 3649, 3709, 3717, 4530, 4717, 4753, 4816, 5615, 6063, 6852, 6944]@{}
http://www.comp.hkbu.edu.hk/v1/?page=job_vacancies?=sc?=tc?=tc?=tc?=tc?=tc@[2550, 2581, 2611, 2822, 2836, 2850, 2864, 2878, 3637, 3649, 3709, 3717, 4529, 4716, 4752, 4815, 5614, 6062, 6879, 6971]@{}
http://www.comp.hkbu.edu.hk/v1/?page=sitemap?=tc?=tc?=tc?=tc?=tc?=tc@[2550, 2581, 2611, 2822, 2836, 2850, 2864, 2878, 3637, 3649, 3709, 3717, 4529, 4720, 4756, 4819, 5618, 6066, 6869, 6961]@{}
http://www.comp.hkbu.edu.hk/v1/?page=sitemap?=sc?=tc?=tc?=tc?=tc?=tc@[2550, 2581, 2611, 2822, 2836, 2850, 2864, 2878, 3637, 3649, 3709, 3717, 4530, 4659, 4738, 4774, 4837, 5636, 6084, 6879, 6971]@{}
http://www.comp.hkbu.edu.hk/v1/?page=home?=tc?=tc?=tc?=tc@[2550, 2581, 2611, 2822, 2836, 2850, 2864, 2878, 3633, 3645, 3705, 3713, 4526, 4719, 4755, 4818, 5617, 6065, 6863, 6955]@{}
http://www.comp.hkbu.edu.hk/~alumni/news/../news/../news/../news/../news/../news/../news/@[289, 355, 443, 502, 534, 662, 824, 901, 1048, 1098, 1157, 1170, 1186, 1268, 1343, 1394, 1472, 1523, 1604, 1661, 1740, 1793, 1848, 1906, 1963, 2037, 2122, 2179, 2258, 2307, 2397, 2452, 2526, 2584, 2638, 2726, 2806, 2891, 2990, 3115, 3190, 3281, 3370, 3472, 3562, 3646, 3738, 3838, 3945, 4035, 4057, 4167, 4296, 4388, 4478, 4540, 4606, 4670, 4747, 4832, 4914, 4991]@{}
http://www.comp.hkbu.edu.hk/~alumni/news/../scholarship/../news/../news/../news/../news/../news/@[289, 355, 443, 502, 534, 662, 824, 901, 1048, 1098, 1157, 1170, 1186, 1268, 1343, 1394, 1472, 1523, 1604, 1661, 1740, 1793, 1848, 1906, 1963, 2037, 2122, 2179, 2258, 2307, 2397, 2452, 2526, 2584, 2638, 2726, 2806, 2891, 2990, 3115, 3190, 3281, 3370, 3472, 3562, 3646, 3738, 3838, 3945, 4035, 4057, 4167, 4296, 4388, 4478, 4540, 4606, 4670, 4747, 4832, 4914, 4991]@{}
http://www.comp.hkbu.edu.hk/~alumni/news/../donation/../news/../news/../news/../news/../news/@[289, 355, 443, 502, 534, 662, 824, 901, 1048, 1098, 1157, 1170, 1186, 1268, 1343, 1394, 1472, 1523, 1604, 1661, 1740, 1793, 1848, 1906, 1963, 2037, 2122, 2179, 2258, 2307, 2397, 2452, 2526, 2584, 2638, 2726, 2806, 2891, 2990, 3115, 3190, 3281, 3370, 3472, 3562, 3646, 3738, 3838, 3945, 4035, 4057, 4167, 4296, 4388, 4478, 4540, 4606, 4670, 4747, 4832, 4914, 4991]@{}
http://www.comp.hkbu.edu.hk/v1/?page=job_vacancies?=tc?=tc?=tc?=tc?=tc?=tc?=tc@[2550, 2581, 2611, 2822, 2836, 2850, 2864, 2878, 3639, 3651, 3711, 3719, 4532, 4721, 4757, 4820, 5619, 6067, 6851, 6943]@{}
http://www.comp.hkbu.edu.hk/v1/?page=job_vacancies?=sc?=tc?=tc?=tc?=tc?=tc?=tc@[2550, 2581, 2611, 2822, 2836, 2850, 2864, 2878, 3639, 3651, 3711, 3719, 4532, 4718, 4754, 4817, 5616, 6064, 6871, 6963]@{}
http://www.comp.hkbu.edu.hk/v1/?page=sitemap?=tc?=tc?=tc?=tc?=tc?=tc?=tc@[2550, 2581, 2611, 2822, 2836, 2850, 2864, 2878, 3639, 3651, 3711, 3719, 4531, 4720, 4756, 4819, 5618, 6066, 6851, 6943]@{}
http://www.comp.hkbu.edu.hk/v1/?page=sitemap?=sc?=tc?=tc?=tc?=tc?=tc?=tc@[2550, 2581, 2611, 2822, 2836, 2850, 2864, 2878, 3639, 3651, 3711, 3719, 4531, 4722, 4758, 4821, 5620, 6068, 6872, 6964]@{}
http://www.comp.hkbu.edu.hk/v1/?page=home?=tc?=tc?=tc?=tc?=tc@[2550, 2581, 2611, 2822, 2836, 2850, 2864, 2878, 3635, 3647, 3707, 3715, 4528, 4722, 4758, 4821, 5620, 6068, 6876, 6968]@{}
http://www.comp.hkbu.edu.hk/~alumni/news/../news/../news/../news/../news/../news/../news/../news/@[289, 355, 443, 502, 534, 662, 824, 901, 1048, 1098, 1157, 1170, 1186, 1268, 1343, 1394, 1472, 1523, 1604, 1661, 1740, 1793, 1848, 1906, 1963, 2037, 2122, 2179, 2258, 2307, 2397, 2452, 2526, 2584, 2638, 2726, 2806, 2891, 2990, 3115, 3190, 3281, 3370, 3472, 3562, 3646, 3738, 3838, 3945, 4035, 4057, 4167, 4296, 4388, 4478, 4540, 4606, 4670, 4747, 4832, 4914, 4991]@{}
http://www.comp.hkbu.edu.hk/~alumni/news/../scholarship/../news/../news/../news/../news/../news/../news/@[289, 355, 443, 502, 534, 662, 824, 901, 1048, 1098, 1157, 1170, 1186, 1268, 1343, 1394, 1472, 1523, 1604, 1661, 1740, 1793, 1848, 1906, 1963, 2037, 2122, 2179, 2258, 2307, 2397, 2452, 2526, 2584, 2638, 2726, 2806, 2891, 2990, 3115, 3190, 3281, 3370, 3472, 3562, 3646, 3738, 3838, 3945, 4035, 4057, 4167, 4296, 4388, 4478, 4540, 4606, 4670, 4747, 4832, 4914, 4991]@{}
http://www.comp.hkbu.edu.hk/~alumni/news/../donation/../news/../news/../news/../news/../news/../news/@[289, 355, 443, 502, 534, 662, 824, 901, 1048, 1098, 1157, 1170, 1186, 1268, 1343, 1394, 1472, 1523, 1604, 1661, 1740, 1793, 1848, 1906, 1963, 2037, 2122, 2179, 2258, 2307, 2397, 2452, 2526, 2584, 2638, 2726, 2806, 2891, 2990, 3115, 3190, 3281, 3370, 3472, 3562, 3646, 3738, 3838, 3945, 4035, 4057, 4167, 4296, 4388, 4478, 4540, 4606, 4670, 4747, 4832, 4914, 4991]@{}
http://www.comp.hkbu.edu.hk/v1/?page=job_vacancies?=tc?=tc?=tc?=tc?=tc?=tc?=tc?=tc@[2550, 2581, 2611, 2822, 2836, 2850, 2864, 2878, 3641, 3653, 3713, 3721, 4534, 4663, 4737, 4773, 4836, 5635, 6083, 6894, 6986]@{}
http://www.comp.hkbu.edu.hk/v1/?page=job_vacancies?=sc?=tc?=tc?=tc?=tc?=tc?=tc?=tc@[2550, 2581, 2611, 2822, 2836, 2850, 2864, 2878, 3641, 3653, 3713, 3721, 4534, 4721, 4757, 4820, 5619, 6067, 6873, 6965]@{}
http://www.comp.hkbu.edu.hk/v1/?page=sitemap?=tc?=tc?=tc?=tc?=tc?=tc?=tc?=tc@[2550, 2581, 2611, 2822, 2836, 2850, 2864, 2878, 3641, 3653, 3713, 3721, 4534, 4687, 4724, 4760, 4823, 5622, 6070, 6864, 6956]@{}
http://www.comp.hkbu.edu.hk/v1/?page=sitemap?=sc?=tc?=tc?=tc?=tc?=tc?=tc?=tc@[2550, 2581, 2611, 2822, 2836, 2850, 2864, 2878, 3641, 3653, 3713, 3721, 4534, 4663, 4738, 4774, 4837, 5636, 6084, 6872, 6964]@{}
http://www.comp.hkbu.edu.hk/v1/?page=sitemap@[2096, 2127, 2157, 2368, 2382, 2396, 2410, 2424, 3171, 3183, 3243, 3251, 4063, 4406, 4489, 4565, 4590, 4609, 4679, 4763, 4831, 4845, 4860, 4876, 5140, 5172, 5277, 5289, 5302, 5380, 5390, 5490, 5519, 5532, 5735, 5827]@{}
http://www.comp.hkbu.edu.hk/v1/?page=home?=tc?=tc?=tc?=tc?=tc?=tc@[2550, 2581, 2611, 2822, 2836, 2850, 2864, 2878, 3637, 3649, 3709, 3717, 4529, 4723, 4759, 4822, 5621, 6069, 6872, 6964]@{}
http://www.comp.hkbu.edu.hk/~alumni/news/../news/../news/../news/../news/../news/../news/../news/../news/@[289, 355, 443, 502, 534, 662, 824, 901, 1048, 1098, 1157, 1170, 1186, 1268, 1343, 1394, 1472, 1523, 1604, 1661, 1740, 1793, 1848, 1906, 1963, 2037, 2122, 2179, 2258, 2307, 2397, 2452, 2526, 2584, 2638, 2726, 2806, 2891, 2990, 3115, 3190, 3281, 3370, 3472, 3562, 3646, 3738, 3838, 3945, 4035, 4057, 4167, 4296, 4388, 4478, 4540, 4606, 4670, 4747, 4832, 4914, 4991]@{}
http://www.comp.hkbu.edu.hk/~alumni/news/../scholarship/../news/../news/../news/../news/../news/../news/../news/@[289, 355, 443, 502, 534, 662, 824, 901, 1048, 1098, 1157, 1170, 1186, 1268, 1343, 1394, 1472, 1523, 1604, 1661, 1740, 1793, 1848, 1906, 1963, 2037, 2122, 2179, 2258, 2307, 2397, 2452, 2526, 2584, 2638, 2726, 2806, 2891, 2990, 3115, 3190, 3281, 3370, 3472, 3562, 3646, 3738, 3838, 3945, 4035, 4057, 4167, 4296, 4388, 4478, 4540, 4606, 4670, 4747, 4832, 4914, 4991]@{}
http://www.comp.hkbu.edu.hk/~alumni/news/../donation/../news/../news/../news/../news/../news/../news/../news/@[289, 355, 443, 502, 534, 662, 824, 901, 1048, 1098, 1157, 1170, 1186, 1268, 1343, 1394, 1472, 1523, 1604, 1661, 1740, 1793, 1848, 1906, 1963, 2037, 2122, 2179, 2258, 2307, 2397, 2452, 2526, 2584, 2638, 2726, 2806, 2891, 2990, 3115, 3190, 3281, 3370, 3472, 3562, 3646, 3738, 3838, 3945, 4035, 4057, 4167, 4296, 4388, 4478, 4540, 4606, 4670, 4747, 4832, 4914, 4991]@{}
http://www.comp.hkbu.edu.hk/v1/?page=job_vacancies?=tc?=tc?=tc?=tc?=tc?=tc?=tc?=tc?=tc@[2550, 2581, 2611, 2822, 2836, 2850, 2864, 2878, 3643, 3655, 3715, 3723, 4536, 4665, 4737, 4773, 4836, 5635, 6083, 6868, 6960]@{}
http://www.comp.hkbu.edu.hk/v1/?page=job_vacancies?=sc?=tc?=tc?=tc?=tc?=tc?=tc?=tc?=tc@[2550, 2581, 2611, 2822, 2836, 2850, 2864, 2878, 3643, 3655, 3715, 3723, 4536, 4665, 4736, 4772, 4835, 5634, 6082, 6880, 6972]@{}
http://www.comp.hkbu.edu.hk/v1/?page=sitemap?=tc?=tc?=tc?=tc?=tc?=tc?=tc?=tc?=tc@[2550, 2581, 2611, 2822, 2836, 2850, 2864, 2878, 3643, 3655, 3715, 3723, 4535, 4721, 4757, 4820, 5619, 6067, 6848, 6940]@{}
http://www.comp.hkbu.edu.hk/v1/?page=sitemap?=sc?=tc?=tc?=tc?=tc?=tc?=tc?=tc?=tc@[2550, 2581, 2611, 2822, 2836, 2850, 2864, 2878, 3643, 3655, 3715, 3723, 4535, 4664, 4739, 4775, 4838, 5637, 6085, 6874, 6966]@{}
http://www.comp.hkbu.edu.hk/v1/?lang=tc@[2550, 2581, 2611, 2822, 2836, 2850, 2864, 2878, 3621, 3633, 3693, 3701, 4513, 4642, 4721, 4757, 4820, 5619, 6067, 6876, 6968]@{}
http://www.comp.hkbu.edu.hk/~alumni/news/@[289, 355, 443, 502, 534, 662, 824, 901, 1048, 1098, 1157, 1170, 1186, 1268, 1343, 1394, 1472, 1523, 1604, 1661, 1740, 1793, 1848, 1906, 1963, 2037, 2122, 2179, 2258, 2307, 2397, 2452, 2526, 2584, 2638, 2726, 2806, 2891, 2990, 3115, 3190, 3281, 3370, 3472, 3562, 3646, 3738, 3838, 3945, 4035, 4057, 4167, 4296, 4388, 4478, 4540, 4606, 4670, 4747, 4832, 4914, 4991]@{}
http://www.sci.hkbu.edu.hk/eng/page/?page=prospective-students@[834, 1169, 1387, 1400, 1413, 1431, 1445, 2596, 2733, 2934, 3004, 3192, 3264, 3364, 3566, 3581, 3596, 3610, 3784]@{}
http://www.sci.hkbu.edu.hk/eng/page/?page=current-students@[834, 1169, 1387, 1400, 1413, 1431, 1445, 2658, 2961, 3020, 3222, 3237, 3252, 3266, 3440]@{}
http://www.sci.hkbu.edu.hk/eng/page/@[834, 1169, 1387, 1400, 1413, 1431, 1445, 3123, 3325, 3340, 3355, 3369, 3543]@{}
http://www.sci.hkbu.edu.hk/eng/about-us/honorary-doctorate@[834, 1169, 1387, 1400, 1413, 1431, 1445, 2695, 2759, 2839, 2918, 2999, 3078, 3158, 3237, 3316, 3654, 3856, 3871, 3886, 3900, 4074]@{}
http://www.sci.hkbu.edu.hk/eng/about-us/distinguished-professorship/eng/page/?page=prospective-students@[834, 1169, 1387, 1400, 1413, 1431, 1445, 6237, 6240, 7197, 7207, 7211, 7215, 7235, 7239, 7243, 7819, 8021, 8036, 8051, 8065, 8239]@{}
http://www.sci.hkbu.edu.hk/eng/about-us/honorary-doctorate/eng/page/?page=prospective-students@[834, 1169, 1387, 1400, 1413, 1431, 1445, 6237, 6240, 7197, 7207, 7211, 7215, 7235, 7239, 7243, 7819, 8021, 8036, 8051, 8065, 8239]@{}
http://www.sci.hkbu.edu.hk/eng/about-us/distinguished-professor-of-science@[834, 1169, 1387, 1400, 1413, 1431, 1445, 3470, 3672, 3687, 3702, 3716, 3890]@{}
http://www.sci.hkbu.edu.hk/eng/about-us/dr-kennedy-wong-distinguished-visiting-professorship-scheme@[834, 1169, 1387, 1400, 1413, 1431, 1445, 3139, 3341, 3356, 3371, 3385, 3559]@{}
http://www.sci.hkbu.edu.hk/eng/about-us/distinguished-professor-of-science/eng/page/?page=prospective-students@[834, 1169, 1387, 1400, 1413, 1431, 1445, 6237, 6240, 7197, 7207, 7211, 7215, 7235, 7239, 7243, 7819, 8021, 8036, 8051, 8065, 8239]@{}
http://www.sci.hkbu.edu.hk/eng/about-us/dr-kennedy-wong-distinguished-visiting-professorship-scheme/eng/page/?page=prospective-students@[834, 1169, 1387, 1400, 1413, 1431, 1445, 6237, 6240, 7197, 7207, 7211, 7215, 7235, 7239, 7243, 7819, 8021, 8036, 8051, 8065, 8239]@{}
http://www.sci.hkbu.edu.hk/eng/page/eng/about-us/vision-mission@[834, 1169, 1387, 1400, 1413, 1431, 1445, 6237, 6240, 7197, 7207, 7211, 7215, 7235, 7239, 7243, 7819, 8021, 8036, 8051, 8065, 8239]@{}
http://www.sci.hkbu.edu.hk/eng/page/eng/about-us/faculty-advisory-committee@[834, 1169, 1387, 1400, 1413, 1431, 1445, 6237, 6240, 7197, 7207, 7211, 7215, 7235, 7239, 7243, 7819, 8021, 8036, 8051, 8065, 8239]@{}
http://www.sci.hkbu.edu.hk/eng@[834, 1169, 1387, 1400, 1413, 1431, 1445, 6237, 6240, 7197, 7207, 7211, 7215, 7235, 7239, 7243, 7819, 8021, 8036, 8051, 8065, 8239]@{}
http://www.sci.hkbu.edu.hk/eng/about-us/vision-mission@[834, 1169, 1387, 1400, 1413, 1431, 1445, 3043, 3245, 3260, 3275, 3289, 3463]@{}
http://www.sci.hkbu.edu.hk/eng/about-us/faculty-advisory-committee@[834, 1169, 1387, 1400, 1413, 1431, 1445, 3797, 3999, 4014, 4029, 4043, 4217]@{}
http://www.sci.hkbu.edu.hk/eng/about-us/vision-mission/eng/page/?page=prospective-students@[834, 1169, 1387, 1400, 1413, 1431, 1445, 6237, 6240, 7197, 7207, 7211, 7215, 7235, 7239, 7243, 7819, 8021, 8036, 8051, 8065, 8239]@{}
http://www.sci.hkbu.edu.hk/eng/about-us/faculty-advisory-committee/eng/page/?page=prospective-students@[834, 1169, 1387, 1400, 1413, 1431, 1445, 6237, 6240, 7197, 7207, 7211, 7215, 7235, 7239, 7243, 7819, 8021, 8036, 8051, 8065, 8239]@{}
http://www.sci.hkbu.edu.hk/eng/about-us/distinguished-professorship@[834, 1169, 1387, 1400, 1413, 1431, 1445, 2688, 2890, 2905, 2920, 2934, 3108]@{}
