http://www.comp.hkbu.edu.hk@[649, 670, 687, 876, 1324, 1342, 1348, 1353, 1407, 1418, 1430, 1436, 1441, 4914, 4920, 4921, 4936, 5104, 5109, 5110, 5125, 5673, 5678, 5679, 5694, 6125, 6130, 6131, 6146, 6420, 6424, 6425, 6439, 6631, 6636, 6637, 6652]@{}
http://www.comp.hkbu.edu.hk/v1/?page=sci@[6128]@{}
http://www.comp.hkbu.edu.hk/v1/?page=job_vacancies?=tc@[649, 670, 687, 876, 1324, 1342, 1348, 1353, 1407, 1418, 1430, 1436, 1441, 4910, 4916, 4917, 4932, 5100, 5105, 5106, 5121, 5669, 5674, 5675, 5690, 6121, 6126, 6127, 6142, 6399, 6403, 6404, 6418, 6610, 6615, 6616, 6631]@{}
http://www.comp.hkbu.edu.hk/v1/?page=job_vacancies?=sc@[649, 670, 687, 876, 1324, 1342, 1348, 1353, 1407, 1418, 1430, 1436, 1441, 4910, 4916, 4917, 4932, 5100, 5105, 5106, 5121, 5669, 5674, 5675, 5690, 6121, 6126, 6127, 6142, 6410, 6414, 6415, 6429, 6621, 6626, 6627, 6642]@{}
http://www.comp.hkbu.edu.hk/v1/?page=sitemap?=tc@[649, 670, 687, 876, 1324, 1342, 1348, 1353, 1407, 1418, 1430, 1436, 1441, 4906, 4912, 4913, 4928, 5096, 5101, 5102, 5117, 5665, 5670, 5671, 5686, 6117, 6122, 6123, 6138, 6402, 6406, 6407, 6421, 6613, 6618, 6619, 6634]@{}
http://www.comp.hkbu.edu.hk/v1/?page=sitemap?=sc@[649, 670, 687, 876, 1324, 1342, 1348, 1353, 1407, 1418, 1430, 1436, 1441, 4905, 4911, 4912, 4927, 5095, 5100, 5101, 5116, 5664, 5669, 5670, 5685, 6116, 6121, 6122, 6137, 6409, 6413, 6414, 6428, 6620, 6625, 6626, 6641]@{}
http://www.comp.hkbu.edu.hk/v1/?lang=sc@[649, 670, 687, 876, 1324, 1342, 1348, 1353, 1407, 1418, 1430, 1436, 1441, 4901, 4907, 4908, 4923, 5091, 5096, 5097, 5112, 5660, 5665, 5666, 5681, 6112, 6117, 6118, 6133, 6401, 6405, 6406, 6420, 6612, 6617, 6618, 6633]@{}
http://www.comp.hkbu.edu.hk/~alumni/news/../donation/@[662, 664, 667, 670, 671, 674, 695, 697, 700, 703, 704, 707, 727, 729, 732, 735, 736, 739, 760, 762, 765, 768, 769, 772, 793, 795, 798, 801, 802, 805, 838, 840, 843, 846, 847, 850, 883, 885, 888, 891, 892, 895, 928, 930, 933, 936, 937, 940, 978, 980, 983, 986, 987, 990, 1199, 1201, 1204, 1207, 1208, 1211]@{}
http://www.comp.hkbu.edu.hk/v1/?page=job_vacancies?=tc?=tc@[649, 670, 687, 876, 1324, 1342, 1348, 1353, 1407, 1418, 1430, 1436, 1441, 4907, 4913, 4914, 4929, 5097, 5102, 5103, 5118, 5666, 5671, 5672, 5687, 6118, 6123, 6124, 6139, 6408, 6412, 6413, 6427, 6619, 6624, 6625, 6640]@{}
http://www.comp.hkbu.edu.hk/v1/?page=job_vacancies?=sc?=tc@[649, 670, 687, 876, 1324, 1342, 1348, 1353, 1407, 1418, 1430, 1436, 1441, 4917, 4923, 4924, 4939, 5107, 5112, 5113, 5128, 5676, 5681, 5682, 5697, 6128, 6133, 6134, 6149, 6427, 6431, 6432, 6446, 6638, 6643, 6644, 6659]@{}
http://www.comp.hkbu.edu.hk/v1/?page=sitemap?=tc?=tc@[649, 670, 687, 876, 1324, 1342, 1348, 1353, 1407, 1418, 1430, 1436, 1441, 4907, 4913, 4914, 4929, 5097, 5102, 5103, 5118, 5666, 5671, 5672, 5687, 6118, 6123, 6124, 6139, 6404, 6408, 6409, 6423, 6615, 6620, 6621, 6636]@{}
http://www.comp.hkbu.edu.hk/v1/?page=sitemap?=sc?=tc@[649, 670, 687, 876, 1324, 1342, 1348, 1353, 1407, 1418, 1430, 1436, 1441, 4921, 4927, 4928, 4943, 5111, 5116, 5117, 5132, 5680, 5685, 5686, 5701, 6132, 6137, 6138, 6153, 6421, 6425, 6426, 6440, 6632, 6637, 6638, 6653]@{}
http://www.comp.hkbu.edu.hk/v1/?page=home@[649, 670, 687, 876, 1324, 1342, 1348, 1353, 1407, 1418, 1430, 1436, 1441, 4899, 4905, 4906, 4921, 5089, 5094, 5095, 5110, 5658, 5663, 5664, 5679, 6110, 6115, 6116, 6131, 6397, 6401, 6402, 6416, 6608, 6613, 6614, 6629]@{}
http://www.comp.hkbu.edu.hk/v1/?page=job_vacancies?=tc?=tc?=tc@[649, 670, 687, 876, 1324, 1342, 1348, 1353, 1407, 1418, 1430, 1436, 1441, 4921, 4927, 4928, 4943, 5111, 5116, 5117, 5132, 5680, 5685, 5686, 5701, 6132, 6137, 6138, 6153, 6424, 6428, 6429, 6443, 6635, 6640, 6641, 6656]@{}
http://www.comp.hkbu.edu.hk/v1/?page=job_vacancies?=sc?=tc?=tc@[649, 670, 687, 876, 1324, 1342, 1348, 1353, 1407, 1418, 1430, 1436, 1441, 4905, 4911, 4912, 4927, 5095, 5100, 5101, 5116, 5664, 5669, 5670, 5685, 6116, 6121, 6122, 6137, 6409, 6413, 6414, 6428, 6620, 6625, 6626, 6641]@{}
http://www.comp.hkbu.edu.hk/v1/?page=sitemap?=tc?=tc?=tc@[649, 670, 687, 876, 1324, 1342, 1348, 1353, 1407, 1418, 1430, 1436, 1441, 4911, 4917, 4918, 4933, 5101, 5106, 5107, 5122, 5670, 5675, 5676, 5691, 6122, 6127, 6128, 6143, 6416, 6420, 6421, 6435, 6627, 6632, 6633, 6648]@{}
http://www.comp.hkbu.edu.hk/v1/?page=sitemap?=sc?=tc?=tc@[649, 670, 687, 876, 1324, 1342, 1348, 1353, 1407, 1418, 1430, 1436, 1441, 4914, 4920, 4921, 4936, 5104, 5109, 5110, 5125, 5673, 5678, 5679, 5694, 6125, 6130, 6131, 6146, 6417, 6421, 6422, 6436, 6628, 6633, 6634, 6649]@{}
http://www.comp.hkbu.edu.hk/v1/?page=home?=tc@[649, 670, 687, 876, 1324, 1342, 1348, 1353, 1407, 1418, 1430, 1436, 1441, 4909, 4915, 4916, 4931, 5099, 5104, 5105, 5120, 5668, 5673, 5674, 5689, 6120, 6125, 6126, 6141, 6413, 6417, 6418, 6432, 6624, 6629, 6630, 6645]@{}
http://www.comp.hkbu.edu.hk/v1/?page=job_vacancies?=tc?=tc?=tc?=tc@[649, 670, 687, 876, 1324, 1342, 1348, 1353, 1407, 1418, 1430, 1436, 1441, 4922, 4928, 4929, 4944, 5112, 5117, 5118, 5133, 5681, 5686, 5687, 5702, 6133, 6138, 6139, 6154, 6421, 6425, 6426, 6440, 6632, 6637, 6638, 6653]@{}
http://www.comp.hkbu.edu.hk/v1/?page=job_vacancies?=sc?=tc?=tc?=tc@[649, 670, 687, 876, 1324, 1342, 1348, 1353, 1407, 1418, 1430, 1436, 1441, 4923, 4929, 4930, 4945, 5113, 5118, 5119, 5134, 5682, 5687, 5688, 5703, 6134, 6139, 6140, 6155, 6414, 6418, 6419, 6433, 6625, 6630, 6631, 6646]@{}
http://www.comp.hkbu.edu.hk/v1/?page=sitemap?=tc?=tc?=tc?=tc@[649, 670, 687, 876, 1324, 1342, 1348, 1353, 1407, 1418, 1430, 1436, 1441, 4911, 4917, 4918, 4933, 5101, 5106, 5107, 5122, 5670, 5675, 5676, 5691, 6122, 6127, 6128, 6143, 6415, 6419, 6420, 6434, 6626, 6631, 6632, 6647]@{}
http://www.comp.hkbu.edu.hk/v1/?page=sitemap?=sc?=tc?=tc?=tc@[649, 670, 687, 876, 1324, 1342, 1348, 1353, 1407, 1418, 1430, 1436, 1441, 4922, 4928, 4929, 4944, 5112, 5117, 5118, 5133, 5681, 5686, 5687, 5702, 6133, 6138, 6139, 6154, 6426, 6430, 6431, 6445, 6637, 6642, 6643, 6658]@{}
http://www.comp.hkbu.edu.hk/v1/?page=home?=tc?=tc@[649, 670, 687, 876, 1324, 1342, 1348, 1353, 1407, 1418, 1430, 1436, 1441, 4911, 4917, 4918, 4933, 5101, 5106, 5107, 5122, 5670, 5675, 5676, 5691, 6122, 6127, 6128, 6143, 6419, 6423, 6424, 6438, 6630, 6635, 6636, 6651]@{}
http://www.comp.hkbu.edu.hk/v1/?page=job_vacancies?=tc?=tc?=tc?=tc?=tc@[649, 670, 687, 876, 1324, 1342, 1348, 1353, 1407, 1418, 1430, 1436, 1441, 4925, 4931, 4932, 4947, 5115, 5120, 5121, 5136, 5684, 5689, 5690, 5705, 6136, 6141, 6142, 6157, 6423, 6427, 6428, 6442, 6634, 6639, 6640, 6655]@{}
http://www.comp.hkbu.edu.hk/v1/?page=job_vacancies?=sc?=tc?=tc?=tc?=tc@[649, 670, 687, 876, 1324, 1342, 1348, 1353, 1407, 1418, 1430, 1436, 1441, 4910, 4916, 4917, 4932, 5100, 5105, 5106, 5121, 5669, 5674, 5675, 5690, 6121, 6126, 6127, 6142, 6419, 6423, 6424, 6438, 6630, 6635, 6636, 6651]@{}
http://www.comp.hkbu.edu.hk/v1/?page=sitemap?=tc?=tc?=tc?=tc?=tc@[649, 670, 687, 876, 1324, 1342, 1348, 1353, 1407, 1418, 1430, 1436, 1441, 4918, 4924, 4925, 4940, 5108, 5113, 5114, 5129, 5677, 5682, 5683, 5698, 6129, 6134, 6135, 6150, 6419, 6423, 6424, 6438, 6630, 6635, 6636, 6651]@{}
http://www.comp.hkbu.edu.hk/v1/?page=sitemap?=sc?=tc?=tc?=tc?=tc@[649, 670, 687, 876, 1324, 1342, 1348, 1353, 1407, 1418, 1430, 1436, 1441, 4924, 4930, 4931, 4946, 5114, 5119, 5120, 5135, 5683, 5688, 5689, 5704, 6135, 6140, 6141, 6156, 6427, 6431, 6432, 6446, 6638, 6643, 6644, 6659]@{}
http://www.comp.hkbu.edu.hk/v1/?page=home?=tc?=tc?=tc@[649, 670, 687, 876, 1324, 1342, 1348, 1353, 1407, 1418, 1430, 1436, 1441, 4909, 4915, 4916, 4931, 5099, 5104, 5105, 5120, 5668, 5673, 5674, 5689, 6120, 6125, 6126, 6141, 6417, 6421, 6422, 6436, 6628, 6633, 6634, 6649]@{}
http://www.comp.hkbu.edu.hk/v1/?page=job_vacancies@[197, 218, 235, 424, 872, 890, 896, 901, 955, 966, 978, 984, 989]@{}
http://www.comp.hkbu.edu.hk/v1/?page=job_vacancies?=tc?=tc?=tc?=tc?=tc?=tc@[649, 670, 687, 876, 1324, 1342, 1348, 1353, 1407, 1418, 1430, 1436, 1441, 4913, 4919, 4920, 4935, 5103, 5108, 5109, 5124, 5672, 5677, 5678, 5693, 6124, 6129, 6130, 6145, 6417, 6421, 6422, 6436, 6628, 6633, 6634, 6649]@{}
http://www.comp.hkbu.edu.hk/v1/?page=job_vacancies?=sc?=tc?=tc?=tc?=tc?=tc@[649, 670, 687, 876, 1324, 1342, 1348, 1353, 1407, 1418, 1430, 1436, 1441, 4912, 4918, 4919, 4934, 5102, 5107, 5108, 5123, 5671, 5676, 5677, 5692, 6123, 6128, 6129, 6144, 6425, 6429, 6430, 6444, 6636, 6641, 6642, 6657]@{}
http://www.comp.hkbu.edu.hk/v1/?page=sitemap?=tc?=tc?=tc?=tc?=tc?=tc@[649, 670, 687, 876, 1324, 1342, 1348, 1353, 1407, 1418, 1430, 1436, 1441, 4916, 4922, 4923, 4938, 5106, 5111, 5112, 5127, 5675, 5680, 5681, 5696, 6127, 6132, 6133, 6148, 6414, 6418, 6419, 6433, 6625, 6630, 6631, 6646]@{}
http://www.comp.hkbu.edu.hk/v1/?page=sitemap?=sc?=tc?=tc?=tc?=tc?=tc@[649, 670, 687, 876, 1324, 1342, 1348, 1353, 1407, 1418, 1430, 1436, 1441, 4934, 4940, 4941, 4956, 5124, 5129, 5130, 5145, 5693, 5698, 5699, 5714, 6145, 6150, 6151, 6166, 6433, 6437, 6438, 6452, 6644, 6649, 6650, 6665]@{}
http://www.comp.hkbu.edu.hk/v1/?page=home?=tc?=tc?=tc?=tc@[649, 670, 687, 876, 1324, 1342, 1348, 1353, 1407, 1418, 1430, 1436, 1441, 4915, 4921, 4922, 4937, 5105, 5110, 5111, 5126, 5674, 5679, 5680, 5695, 6126, 6131, 6132, 6147, 6415, 6419, 6420, 6434, 6626, 6631, 6632, 6647]@{}
http://www.comp.hkbu.edu.hk/v1/?page=job_vacancies?=tc?=tc?=tc?=tc?=tc?=tc?=tc@[649, 670, 687, 876, 1324, 1342, 1348, 1353, 1407, 1418, 1430, 1436, 1441, 4917, 4923, 4924, 4939, 5107, 5112, 5113, 5128, 5676, 5681, 5682, 5697, 6128, 6133, 6134, 6149, 6413, 6417, 6418, 6432, 6624, 6629, 6630, 6645]@{}
http://www.comp.hkbu.edu.hk/v1/?page=job_vacancies?=sc?=tc?=tc?=tc?=tc?=tc?=tc@[649, 670, 687, 876, 1324, 1342, 1348, 1353, 1407, 1418, 1430, 1436, 1441, 4914, 4920, 4921, 4936, 5104, 5109, 5110, 5125, 5673, 5678, 5679, 5694, 6125, 6130, 6131, 6146, 6413, 6417, 6418, 6432, 6624, 6629, 6630, 6645]@{}
http://www.comp.hkbu.edu.hk/v1/?page=sitemap?=tc?=tc?=tc?=tc?=tc?=tc?=tc@[649, 670, 687, 876, 1324, 1342, 1348, 1353, 1407, 1418, 1430, 1436, 1441, 4916, 4922, 4923, 4938, 5106, 5111, 5112, 5127, 5675, 5680, 5681, 5696, 6127, 6132, 6133, 6148, 6410, 6414, 6415, 6429, 6621, 6626, 6627, 6642]@{}
http://www.comp.hkbu.edu.hk/v1/?page=sitemap?=sc?=tc?=tc?=tc?=tc?=tc?=tc@[649, 670, 687, 876, 1324, 1342, 1348, 1353, 1407, 1418, 1430, 1436, 1441, 4918, 4924, 4925, 4940, 5108, 5113, 5114, 5129, 5677, 5682, 5683, 5698, 6129, 6134, 6135, 6150, 6425, 6429, 6430, 6444, 6636, 6641, 6642, 6657]@{}
http://www.comp.hkbu.edu.hk/v1/?page=home?=tc?=tc?=tc?=tc?=tc@[649, 670, 687, 876, 1324, 1342, 1348, 1353, 1407, 1418, 1430, 1436, 1441, 4918, 4924, 4925, 4940, 5108, 5113, 5114, 5129, 5677, 5682, 5683, 5698, 6129, 6134, 6135, 6150, 6419, 6423, 6424, 6438, 6630, 6635, 6636, 6651]@{}
http://www.comp.hkbu.edu.hk/v1/?page=job_vacancies?=tc?=tc?=tc?=tc?=tc?=tc?=tc?=tc@[649, 670, 687, 876, 1324, 1342, 1348, 1353, 1407, 1418, 1430, 1436, 1441, 4933, 4939, 4940, 4955, 5123, 5128, 5129, 5144, 5692, 5697, 5698, 5713, 6144, 6149, 6150, 6165, 6433, 6437, 6438, 6452, 6644, 6649, 6650, 6665]@{}
http://www.comp.hkbu.edu.hk/v1/?page=job_vacancies?=sc?=tc?=tc?=tc?=tc?=tc?=tc?=tc@[649, 670, 687, 876, 1324, 1342, 1348, 1353, 1407, 1418, 1430, 1436, 1441, 4917, 4923, 4924, 4939, 5107, 5112, 5113, 5128, 5676, 5681, 5682, 5697, 6128, 6133, 6134, 6149, 6429, 6433, 6434, 6448, 6640, 6645, 6646, 6661]@{}
http://www.comp.hkbu.edu.hk/v1/?page=sitemap?=tc?=tc?=tc?=tc?=tc?=tc?=tc?=tc@[649, 670, 687, 876, 1324, 1342, 1348, 1353, 1407, 1418, 1430, 1436, 1441, 4920, 4926, 4927, 4942, 5110, 5115, 5116, 5131, 5679, 5684, 5685, 5700, 6131, 6136, 6137, 6152, 6414, 6418, 6419, 6433, 6625, 6630, 6631, 6646]@{}
http://www.comp.hkbu.edu.hk/v1/?page=sitemap?=sc?=tc?=tc?=tc?=tc?=tc?=tc?=tc@[649, 670, 687, 876, 1324, 1342, 1348, 1353, 1407, 1418, 1430, 1436, 1441, 4934, 4940, 4941, 4956, 5124, 5129, 5130, 5145, 5693, 5698, 5699, 5714, 6145, 6150, 6151, 6166, 6440, 6444, 6445, 6459, 6651, 6656, 6657, 6672]@{}
http://www.comp.hkbu.edu.hk/v1/?page=sitemap@[195, 216, 233, 422, 870, 888, 894, 899, 953, 964, 976, 982, 987]@{}
http://www.comp.hkbu.edu.hk/v1/?page=home?=tc?=tc?=tc?=tc?=tc?=tc@[649, 670, 687, 876, 1324, 1342, 1348, 1353, 1407, 1418, 1430, 1436, 1441, 4919, 4925, 4926, 4941, 5109, 5114, 5115, 5130, 5678, 5683, 5684, 5699, 6130, 6135, 6136, 6151, 6426, 6430, 6431, 6445, 6637, 6642, 6643, 6658]@{}
http://www.comp.hkbu.edu.hk/v1/?page=job_vacancies?=tc?=tc?=tc?=tc?=tc?=tc?=tc?=tc?=tc@[649, 670, 687, 876, 1324, 1342, 1348, 1353, 1407, 1418, 1430, 1436, 1441, 4933, 4939, 4940, 4955, 5123, 5128, 5129, 5144, 5692, 5697, 5698, 5713, 6144, 6149, 6150, 6165, 6432, 6436, 6437, 6451, 6643, 6648, 6649, 6664]@{}
http://www.comp.hkbu.edu.hk/v1/?page=job_vacancies?=sc?=tc?=tc?=tc?=tc?=tc?=tc?=tc?=tc@[649, 670, 687, 876, 1324, 1342, 1348, 1353, 1407, 1418, 1430, 1436, 1441, 4932, 4938, 4939, 4954, 5122, 5127, 5128, 5143, 5691, 5696, 5697, 5712, 6143, 6148, 6149, 6164, 6436, 6440, 6441, 6455, 6647, 6652, 6653, 6668]@{}
http://www.comp.hkbu.edu.hk/v1/?page=sitemap?=tc?=tc?=tc?=tc?=tc?=tc?=tc?=tc?=tc@[649, 670, 687, 876, 1324, 1342, 1348, 1353, 1407, 1418, 1430, 1436, 1441, 4917, 4923, 4924, 4939, 5107, 5112, 5113, 5128, 5676, 5681, 5682, 5697, 6128, 6133, 6134, 6149, 6414, 6418, 6419, 6433, 6625, 6630, 6631, 6646]@{}
http://www.comp.hkbu.edu.hk/v1/?page=sitemap?=sc?=tc?=tc?=tc?=tc?=tc?=tc?=tc?=tc@[649, 670, 687, 876, 1324, 1342, 1348, 1353, 1407, 1418, 1430, 1436, 1441, 4935, 4941, 4942, 4957, 5125, 5130, 5131, 5146, 5694, 5699, 5700, 5715, 6146, 6151, 6152, 6167, 6438, 6442, 6443, 6457, 6649, 6654, 6655, 6670]@{}
http://www.comp.hkbu.edu.hk/v1/?lang=tc@[649, 670, 687, 876, 1324, 1342, 1348, 1353, 1407, 1418, 1430, 1436, 1441, 4917, 4923, 4924, 4939, 5107, 5112, 5113, 5128, 5676, 5681, 5682, 5697, 6128, 6133, 6134, 6149, 6426, 6430, 6431, 6445, 6637, 6642, 6643, 6658]@{}
http://www.sci.hkbu.edu.hk/eng/page/?page=prospective-students@[2407, 2412, 2413, 2419, 2420, 2425]@{}
http://www.sci.hkbu.edu.hk/eng/about-us/distinguished-professorship/eng/page/?page=prospective-students@[6128]@{}
http://www.sci.hkbu.edu.hk/eng/about-us/honorary-doctorate/eng/page/?page=prospective-students@[6128]@{}
http://www.sci.hkbu.edu.hk/eng/about-us/distinguished-professor-of-science/eng/page/?page=prospective-students@[6128]@{}
http://www.sci.hkbu.edu.hk/eng/about-us/dr-kennedy-wong-distinguished-visiting-professorship-scheme/eng/page/?page=prospective-students@[6128]@{}
http://www.sci.hkbu.edu.hk/eng/page/eng/about-us/vision-mission@[6128]@{}
http://www.sci.hkbu.edu.hk/eng/page/eng/about-us/faculty-advisory-committee@[6128]@{}
http://www.sci.hkbu.edu.hk/eng@[6128]@{}
http://www.sci.hkbu.edu.hk/eng/about-us/faculty-advisory-committee@[2794, 2813, 2814, 2865]@{}
http://www.sci.hkbu.edu.hk/eng/about-us/vision-mission/eng/page/?page=prospective-students@[6128]@{}
http://www.sci.hkbu.edu.hk/eng/about-us/faculty-advisory-committee/eng/page/?page=prospective-students@[6128]@{}
