https://www.comp.hkbu.edu.hk/v1/?page=whats_new@[2417]@[2417]
https://www.comp.hkbu.edu.hk/v1/?page=news@[2417]@[2417]
https://www.comp.hkbu.edu.hk/v1/?page=dlecture@[2327, 3577]@[2327, 3577]
https://www.comp.hkbu.edu.hk/v1/?file=355@[119, 172, 289, 300, 345, 351, 367, 370, 377, 470, 485, 491, 532, 579, 634, 667, 730, 758, 780, 809, 819, 847, 867, 901, 932, 936, 987, 1099, 1112, 1194, 1283, 1311, 1338, 1360, 1381, 1416, 1465, 1488, 1490, 1533, 1541, 1595, 1598, 1766, 1813, 1930, 1961, 1986, 2073, 2131, 2143, 2193, 2205, 2224, 2247, 2295, 2309, 2323, 2330, 2407, 2432, 2451, 2490, 2578, 2596, 2716, 2721, 2726, 2824, 2890, 2981, 3005, 3006, 3128, 3147, 3257, 3263, 3329, 3344, 3422, 3459, 3472, 3487, 3496, 3532, 3534, 3552, 3561, 3622, 3626, 3628, 3808, 3822, 3836, 3912, 3935, 3981, 4007, 4021, 4050, 4142, 4234, 4248, 4267, 4295, 4331, 4334, 4336, 4337, 4349, 4413, 4450, 4451, 4487, 4529, 4563, 4637, 4642, 4721, 4863, 4950, 4952, 5051, 5053, 5236, 5254, 5262, 5343, 5421, 5455, 5461, 5484, 5494, 5499, 5520, 5587, 5589, 5626, 5631, 5787, 5926, 5942, 5958, 5974, 6000, 6016, 6032, 6048, 6064, 6071, 6130, 6148, 6191, 6268, 6293, 6326, 6354, 6361, 6385, 6386, 6435, 6462, 6494, 6539, 6584, 6588, 6592, 6680, 6683, 6736, 6784, 6816, 6851, 6912, 6922, 6974, 6977, 7265, 7279, 7299, 7323, 7336, 7375, 7406, 7420, 7452, 7467, 7475, 7522, 7577, 7597, 7617, 7671, 7686, 7694, 7709, 7717, 7732, 7740, 7755, 7763, 7778, 7786, 7801, 7809, 7824, 7832, 7847, 7855, 7870, 7878, 7893, 7901, 7916, 7926, 8585, 8651, 8745]@[]
https://www.comp.hkbu.edu.hk/v1/?file=1431@[1130, 1145, 1202, 1222, 1277, 1337, 1339, 1340, 1344, 1381, 1450, 1470, 1666, 1766, 1767, 1770, 1933, 1956, 1957, 1991, 2088, 2231, 2237, 2789, 2862, 2870, 2942, 3010, 3047, 3105, 3197, 3213, 3323, 3472, 3511, 3552, 3621, 3787, 3829, 3879, 3953, 3975, 4019, 4027, 4044, 4097, 4119, 4143, 4258, 4290, 4300, 4316, 4326, 4431, 4504, 4532, 4539, 4557, 4564, 4566, 4607, 4617, 4635, 4684, 4688, 4694, 4698, 4748, 4769, 4840, 4875, 4882, 4902, 4916, 5119, 5123, 5163, 5215, 5239, 5254, 5318, 5345, 5358, 5506]@[]
https://policies.google.com/terms@[4142]@[4142]
https://policies.google.com/privacy@[7643]@[7643]
https://myaccount.google.com@[48]@[48]
https://news.google.com/?tab=wn@[59, 1087]@[1087]
https://mail.google.com/mail/?tab=wm@[48]@[48]
https://drive.google.com/?tab=wo@[48]@[48]
https://accounts.google.com/SignUp?continue=https%3A%2F%2Fmyaccount.google.com%2Fgeneral-light@[171, 175, 343, 401]@[171, 175, 343, 401]
https://news.google.com/?tab=nn@[59]@[]
https://www.google.com.hk@[37]@[37]
https://support.google.com/accounts/answer/23852?hl=zh-HK@[52]@[52]
