http://www.comp.hkbu.edu.hk@[716, 952, 974, 1007, 1057, 1097, 1142, 1185, 1231, 1270, 1296, 1644, 1750, 1883, 1892, 1901, 1912, 1921, 1930, 2452, 2665, 2770, 2978, 3365, 3451, 3514, 3589, 3671, 3737, 3827, 4880, 5150, 5160, 5172, 5824, 6831]@{}
http://www.comp.hkbu.edu.hk/v1/?page=hkbu@[66]@{}
http://www.comp.hkbu.edu.hk/v1/?page=sci@[4914, 4929, 5741, 5744, 5759]@{}
http://www.comp.hkbu.edu.hk/v1/?page=job_vacancies?=tc@[716, 952, 974, 1007, 1057, 1097, 1142, 1185, 1231, 1270, 1296, 1644, 1750, 1883, 1892, 1901, 1912, 1921, 1930, 2452, 2665, 2770, 2984, 3371, 3457, 3520, 3595, 3677, 3743, 3833, 4876, 5146, 5156, 5168, 5820, 6807]@{}
http://www.comp.hkbu.edu.hk/v1/?page=job_vacancies?=sc@[716, 952, 974, 1007, 1057, 1097, 1142, 1185, 1231, 1270, 1296, 1644, 1750, 1883, 1892, 1901, 1912, 1921, 1930, 2452, 2665, 2770, 2984, 3371, 3457, 3520, 3595, 3677, 3743, 3833, 4876, 5146, 5156, 5168, 5820, 6816]@{}
http://www.comp.hkbu.edu.hk/v1/?page=sitemap?=tc@[716, 952, 974, 1007, 1057, 1097, 1142, 1185, 1231, 1270, 1296, 1644, 1750, 1883, 1892, 1901, 1912, 1921, 1930, 2452, 2665, 2770, 2984, 3371, 3457, 3520, 3595, 3677, 3743, 3833, 4872, 5142, 5152, 5164, 5816, 6819]@{}
http://www.comp.hkbu.edu.hk/v1/?page=sitemap?=sc@[716, 952, 974, 1007, 1057, 1097, 1142, 1185, 1231, 1270, 1296, 1644, 1750, 1883, 1892, 1901, 1912, 1921, 1930, 2452, 2665, 2770, 2984, 3371, 3457, 3520, 3595, 3677, 3743, 3833, 4871, 5141, 5151, 5163, 5815, 6834]@{}
http://www.comp.hkbu.edu.hk/v1/?lang=sc@[716, 952, 974, 1007, 1057, 1097, 1142, 1185, 1231, 1270, 1296, 1644, 1750, 1883, 1892, 1901, 1912, 1921, 1930, 2452, 2665, 2770, 2978, 3365, 3451, 3514, 3589, 3671, 3737, 3827, 4867, 5137, 5147, 5159, 5811, 6800]@{}
http://www.comp.hkbu.edu.hk/~alumni/news/../news/@[61, 85, 151, 175]@{}
http://www.comp.hkbu.edu.hk/~alumni/news/../scholarship/@[61, 85, 151, 175]@{}
http://www.comp.hkbu.edu.hk/~alumni/news/../donation/@[61, 85, 151, 175]@{}
http://www.comp.hkbu.edu.hk/v1/?page=job_vacancies?=tc?=tc@[716, 952, 974, 1007, 1057, 1097, 1142, 1185, 1231, 1270, 1296, 1644, 1750, 1883, 1892, 1901, 1912, 1921, 1930, 2452, 2665, 2770, 2986, 3373, 3459, 3522, 3597, 3679, 3745, 3835, 4873, 5143, 5153, 5165, 5817, 6821]@{}
http://www.comp.hkbu.edu.hk/v1/?page=job_vacancies?=sc?=tc@[716, 952, 974, 1007, 1057, 1097, 1142, 1185, 1231, 1270, 1296, 1644, 1750, 1883, 1892, 1901, 1912, 1921, 1930, 2452, 2665, 2770, 2986, 3373, 3459, 3522, 3597, 3679, 3745, 3835, 4883, 5153, 5163, 5175, 5827, 6850]@{}
http://www.comp.hkbu.edu.hk/v1/?page=sitemap?=tc?=tc@[716, 952, 974, 1007, 1057, 1097, 1142, 1185, 1231, 1270, 1296, 1644, 1750, 1883, 1892, 1901, 1912, 1921, 1930, 2452, 2665, 2770, 2986, 3373, 3459, 3522, 3597, 3679, 3745, 3835, 4873, 5143, 5153, 5165, 5817, 6812]@{}
http://www.comp.hkbu.edu.hk/v1/?page=sitemap?=sc?=tc@[716, 952, 974, 1007, 1057, 1097, 1142, 1185, 1231, 1270, 1296, 1644, 1750, 1883, 1892, 1901, 1912, 1921, 1930, 2452, 2665, 2770, 2986, 3373, 3459, 3522, 3597, 3679, 3745, 3835, 4887, 5157, 5167, 5179, 5831, 6839]@{}
http://www.comp.hkbu.edu.hk/v1/?page=home@[716, 952, 974, 1007, 1057, 1097, 1142, 1185, 1231, 1270, 1296, 1644, 1750, 1883, 1892, 1901, 1912, 1921, 1930, 2452, 2665, 2770, 2982, 3369, 3455, 3518, 3593, 3675, 3741, 3831, 4865, 5135, 5145, 5157, 5809, 6804]@{}
http://www.comp.hkbu.edu.hk/~alumni/news/../news/../news/@[61, 85, 151, 175]@{}
http://www.comp.hkbu.edu.hk/~alumni/news/../scholarship/../news/@[61, 85, 151, 175]@{}
http://www.comp.hkbu.edu.hk/~alumni/news/../donation/../news/@[61, 85, 151, 175]@{}
http://www.comp.hkbu.edu.hk/v1/?page=job_vacancies?=tc?=tc?=tc@[716, 952, 974, 1007, 1057, 1097, 1142, 1185, 1231, 1270, 1296, 1644, 1750, 1883, 1892, 1901, 1912, 1921, 1930, 2452, 2665, 2770, 2988, 3375, 3461, 3524, 3599, 3681, 3747, 3837, 4887, 5157, 5167, 5179, 5831, 6847]@{}
http://www.comp.hkbu.edu.hk/v1/?page=job_vacancies?=sc?=tc?=tc@[716, 952, 974, 1007, 1057, 1097, 1142, 1185, 1231, 1270, 1296, 1644, 1750, 1883, 1892, 1901, 1912, 1921, 1930, 2452, 2665, 2770, 2988, 3375, 3461, 3524, 3599, 3681, 3747, 3837, 4871, 5141, 5151, 5163, 5815, 6816]@{}
http://www.comp.hkbu.edu.hk/v1/?page=sitemap?=tc?=tc?=tc@[716, 952, 974, 1007, 1057, 1097, 1142, 1185, 1231, 1270, 1296, 1644, 1750, 1883, 1892, 1901, 1912, 1921, 1930, 2452, 2665, 2770, 2988, 3375, 3461, 3524, 3599, 3681, 3747, 3837, 4877, 5147, 5157, 5169, 5821, 6844]@{}
http://www.comp.hkbu.edu.hk/v1/?page=sitemap?=sc?=tc?=tc@[716, 952, 974, 1007, 1057, 1097, 1142, 1185, 1231, 1270, 1296, 1644, 1750, 1883, 1892, 1901, 1912, 1921, 1930, 2452, 2665, 2770, 2988, 3375, 3461, 3524, 3599, 3681, 3747, 3837, 4880, 5150, 5160, 5172, 5824, 6847]@{}
http://www.comp.hkbu.edu.hk/v1/?page=home?=tc@[716, 952, 974, 1007, 1057, 1097, 1142, 1185, 1231, 1270, 1296, 1644, 1750, 1883, 1892, 1901, 1912, 1921, 1930, 2452, 2665, 2770, 2984, 3371, 3457, 3520, 3595, 3677, 3743, 3833, 4875, 5145, 5155, 5167, 5819, 6832]@{}
http://www.comp.hkbu.edu.hk/~alumni/news/../news/../news/../news/@[61, 85, 151, 175]@{}
http://www.comp.hkbu.edu.hk/~alumni/news/../scholarship/../news/../news/@[61, 85, 151, 175]@{}
http://www.comp.hkbu.edu.hk/~alumni/news/../donation/../news/../news/@[61, 85, 151, 175]@{}
http://www.comp.hkbu.edu.hk/v1/?page=job_vacancies?=tc?=tc?=tc?=tc@[716, 952, 974, 1007, 1057, 1097, 1142, 1185, 1231, 1270, 1296, 1644, 1750, 1883, 1892, 1901, 1912, 1921, 1930, 2452, 2665, 2770, 2990, 3377, 3463, 3526, 3601, 3683, 3749, 3839, 4888, 5158, 5168, 5180, 5832, 6827]@{}
http://www.comp.hkbu.edu.hk/v1/?page=job_vacancies?=sc?=tc?=tc?=tc@[716, 952, 974, 1007, 1057, 1097, 1142, 1185, 1231, 1270, 1296, 1644, 1750, 1883, 1892, 1901, 1912, 1921, 1930, 2452, 2665, 2770, 2990, 3377, 3463, 3526, 3601, 3683, 3749, 3839, 4889, 5159, 5169, 5181, 5833, 6815]@{}
http://www.comp.hkbu.edu.hk/v1/?page=sitemap?=tc?=tc?=tc?=tc@[716, 952, 974, 1007, 1057, 1097, 1142, 1185, 1231, 1270, 1296, 1644, 1750, 1883, 1892, 1901, 1912, 1921, 1930, 2452, 2665, 2770, 2990, 3377, 3463, 3526, 3601, 3683, 3749, 3839, 4877, 5147, 5157, 5169, 5821, 6833]@{}
http://www.comp.hkbu.edu.hk/v1/?page=sitemap?=sc?=tc?=tc?=tc@[716, 952, 974, 1007, 1057, 1097, 1142, 1185, 1231, 1270, 1296, 1644, 1750, 1883, 1892, 1901, 1912, 1921, 1930, 2452, 2665, 2770, 2990, 3377, 3463, 3526, 3601, 3683, 3749, 3839, 4888, 5158, 5168, 5180, 5832, 6841]@{}
http://www.comp.hkbu.edu.hk/v1/?page=home?=tc?=tc@[716, 952, 974, 1007, 1057, 1097, 1142, 1185, 1231, 1270, 1296, 1644, 1750, 1883, 1892, 1901, 1912, 1921, 1930, 2452, 2665, 2770, 2986, 3373, 3459, 3522, 3597, 3679, 3745, 3835, 4877, 5147, 5157, 5169, 5821, 6815]@{}
http://www.comp.hkbu.edu.hk/~alumni/news/../news/../news/../news/../news/@[61, 85, 151, 175]@{}
http://www.comp.hkbu.edu.hk/v1/?page=alumni@[28, 31]@{}
http://www.comp.hkbu.edu.hk/~alumni/news/../scholarship/../news/../news/../news/@[61, 85, 151, 175]@{}
http://www.comp.hkbu.edu.hk/~alumni/news/../donation/../news/../news/../news/@[61, 85, 151, 175]@{}
http://www.comp.hkbu.edu.hk/v1/?page=job_vacancies?=tc?=tc?=tc?=tc?=tc@[716, 952, 974, 1007, 1057, 1097, 1142, 1185, 1231, 1270, 1296, 1644, 1750, 1883, 1892, 1901, 1912, 1921, 1930, 2452, 2665, 2770, 2992, 3379, 3465, 3528, 3603, 3685, 3751, 3841, 4891, 5161, 5171, 5183, 5835, 6822]@{}
http://www.comp.hkbu.edu.hk/v1/?page=job_vacancies?=sc?=tc?=tc?=tc?=tc@[716, 952, 974, 1007, 1057, 1097, 1142, 1185, 1231, 1270, 1296, 1644, 1750, 1883, 1892, 1901, 1912, 1921, 1930, 2452, 2665, 2770, 2992, 3379, 3465, 3528, 3603, 3685, 3751, 3841, 4876, 5146, 5156, 5168, 5820, 6824]@{}
http://www.comp.hkbu.edu.hk/v1/?page=sitemap?=tc?=tc?=tc?=tc?=tc@[716, 952, 974, 1007, 1057, 1097, 1142, 1185, 1231, 1270, 1296, 1644, 1750, 1883, 1892, 1901, 1912, 1921, 1930, 2452, 2665, 2770, 2992, 3379, 3465, 3528, 3603, 3685, 3751, 3841, 4884, 5154, 5164, 5176, 5828, 6844]@{}
http://www.comp.hkbu.edu.hk/v1/?page=sitemap?=sc?=tc?=tc?=tc?=tc@[716, 952, 974, 1007, 1057, 1097, 1142, 1185, 1231, 1270, 1296, 1644, 1750, 1883, 1892, 1901, 1912, 1921, 1930, 2452, 2665, 2770, 2992, 3379, 3465, 3528, 3603, 3685, 3751, 3841, 4890, 5160, 5170, 5182, 5834, 6829]@{}
http://www.comp.hkbu.edu.hk/v1/?page=home?=tc?=tc?=tc@[716, 952, 974, 1007, 1057, 1097, 1142, 1185, 1231, 1270, 1296, 1644, 1750, 1883, 1892, 1901, 1912, 1921, 1930, 2452, 2665, 2770, 2988, 3375, 3461, 3524, 3599, 3681, 3747, 3837, 4875, 5145, 5155, 5167, 5819, 6829]@{}
http://www.comp.hkbu.edu.hk/~alumni/news/../news/../news/../news/../news/../news/@[61, 85, 151, 175]@{}
http://www.comp.hkbu.edu.hk/~alumni/news/../scholarship/../news/../news/../news/../news/@[61, 85, 151, 175]@{}
http://www.comp.hkbu.edu.hk/~alumni/news/../donation/../news/../news/../news/../news/@[61, 85, 151, 175]@{}
http://www.comp.hkbu.edu.hk/v1/?page=job_vacancies@[264, 500, 522, 555, 605, 645, 690, 733, 779, 818, 844, 1192, 1298, 1431, 1440, 1449, 1460, 1469, 1478, 2000, 2213, 2318, 2530, 2917, 3003, 3066, 3141, 3223, 3289, 3379, 4108, 4342]@{}
http://www.comp.hkbu.edu.hk/v1/?page=job_vacancies?=tc?=tc?=tc?=tc?=tc?=tc@[716, 952, 974, 1007, 1057, 1097, 1142, 1185, 1231, 1270, 1296, 1644, 1750, 1883, 1892, 1901, 1912, 1921, 1930, 2452, 2665, 2770, 2994, 3381, 3467, 3530, 3605, 3687, 3753, 3843, 4879, 5149, 5159, 5171, 5823, 6819]@{}
http://www.comp.hkbu.edu.hk/v1/?page=job_vacancies?=sc?=tc?=tc?=tc?=tc?=tc@[716, 952, 974, 1007, 1057, 1097, 1142, 1185, 1231, 1270, 1296, 1644, 1750, 1883, 1892, 1901, 1912, 1921, 1930, 2452, 2665, 2770, 2994, 3381, 3467, 3530, 3605, 3687, 3753, 3843, 4878, 5148, 5158, 5170, 5822, 6846]@{}
http://www.comp.hkbu.edu.hk/v1/?page=sitemap?=tc?=tc?=tc?=tc?=tc?=tc@[716, 952, 974, 1007, 1057, 1097, 1142, 1185, 1231, 1270, 1296, 1644, 1750, 1883, 1892, 1901, 1912, 1921, 1930, 2452, 2665, 2770, 2994, 3381, 3467, 3530, 3605, 3687, 3753, 3843, 4882, 5152, 5162, 5174, 5826, 6836]@{}
http://www.comp.hkbu.edu.hk/v1/?page=sitemap?=sc?=tc?=tc?=tc?=tc?=tc@[716, 952, 974, 1007, 1057, 1097, 1142, 1185, 1231, 1270, 1296, 1644, 1750, 1883, 1892, 1901, 1912, 1921, 1930, 2452, 2665, 2770, 2994, 3381, 3467, 3530, 3605, 3687, 3753, 3843, 4900, 5170, 5180, 5192, 5844, 6846]@{}
http://www.comp.hkbu.edu.hk/v1/?page=home?=tc?=tc?=tc?=tc@[716, 952, 974, 1007, 1057, 1097, 1142, 1185, 1231, 1270, 1296, 1644, 1750, 1883, 1892, 1901, 1912, 1921, 1930, 2452, 2665, 2770, 2990, 3377, 3463, 3526, 3601, 3683, 3749, 3839, 4881, 5151, 5161, 5173, 5825, 6830]@{}
http://www.comp.hkbu.edu.hk/~alumni/news/../news/../news/../news/../news/../news/../news/@[61, 85, 151, 175]@{}
http://www.comp.hkbu.edu.hk/~alumni/news/../scholarship/../news/../news/../news/../news/../news/@[61, 85, 151, 175]@{}
http://www.comp.hkbu.edu.hk/~alumni/news/../donation/../news/../news/../news/../news/../news/@[61, 85, 151, 175]@{}
http://www.comp.hkbu.edu.hk/v1/?page=job_vacancies?=tc?=tc?=tc?=tc?=tc?=tc?=tc@[716, 952, 974, 1007, 1057, 1097, 1142, 1185, 1231, 1270, 1296, 1644, 1750, 1883, 1892, 1901, 1912, 1921, 1930, 2452, 2665, 2770, 2996, 3383, 3469, 3532, 3607, 3689, 3755, 3845, 4883, 5153, 5163, 5175, 5827, 6818]@{}
http://www.comp.hkbu.edu.hk/v1/?page=job_vacancies?=sc?=tc?=tc?=tc?=tc?=tc?=tc@[716, 952, 974, 1007, 1057, 1097, 1142, 1185, 1231, 1270, 1296, 1644, 1750, 1883, 1892, 1901, 1912, 1921, 1930, 2452, 2665, 2770, 2996, 3383, 3469, 3532, 3607, 3689, 3755, 3845, 4880, 5150, 5160, 5172, 5824, 6838]@{}
http://www.comp.hkbu.edu.hk/v1/?page=sitemap?=tc?=tc?=tc?=tc?=tc?=tc?=tc@[716, 952, 974, 1007, 1057, 1097, 1142, 1185, 1231, 1270, 1296, 1644, 1750, 1883, 1892, 1901, 1912, 1921, 1930, 2452, 2665, 2770, 2996, 3383, 3469, 3532, 3607, 3689, 3755, 3845, 4882, 5152, 5162, 5174, 5826, 6818]@{}
http://www.comp.hkbu.edu.hk/v1/?page=sitemap?=sc?=tc?=tc?=tc?=tc?=tc?=tc@[716, 952, 974, 1007, 1057, 1097, 1142, 1185, 1231, 1270, 1296, 1644, 1750, 1883, 1892, 1901, 1912, 1921, 1930, 2452, 2665, 2770, 2996, 3383, 3469, 3532, 3607, 3689, 3755, 3845, 4884, 5154, 5164, 5176, 5828, 6839]@{}
http://www.comp.hkbu.edu.hk/v1/?page=home?=tc?=tc?=tc?=tc?=tc@[716, 952, 974, 1007, 1057, 1097, 1142, 1185, 1231, 1270, 1296, 1644, 1750, 1883, 1892, 1901, 1912, 1921, 1930, 2452, 2665, 2770, 2992, 3379, 3465, 3528, 3603, 3685, 3751, 3841, 4884, 5154, 5164, 5176, 5828, 6843]@{}
http://www.comp.hkbu.edu.hk/~alumni/news/../news/../news/../news/../news/../news/../news/../news/@[61, 85, 151, 175]@{}
http://www.comp.hkbu.edu.hk/~alumni/news/../scholarship/../news/../news/../news/../news/../news/../news/@[61, 85, 151, 175]@{}
http://www.comp.hkbu.edu.hk/~alumni/news/../donation/../news/../news/../news/../news/../news/../news/@[61, 85, 151, 175]@{}
http://www.comp.hkbu.edu.hk/v1/?page=job_vacancies?=tc?=tc?=tc?=tc?=tc?=tc?=tc?=tc@[716, 952, 974, 1007, 1057, 1097, 1142, 1185, 1231, 1270, 1296, 1644, 1750, 1883, 1892, 1901, 1912, 1921, 1930, 2452, 2665, 2770, 2998, 3385, 3471, 3534, 3609, 3691, 3757, 3847, 4899, 5169, 5179, 5191, 5843, 6861]@{}
http://www.comp.hkbu.edu.hk/v1/?page=job_vacancies?=sc?=tc?=tc?=tc?=tc?=tc?=tc?=tc@[716, 952, 974, 1007, 1057, 1097, 1142, 1185, 1231, 1270, 1296, 1644, 1750, 1883, 1892, 1901, 1912, 1921, 1930, 2452, 2665, 2770, 2998, 3385, 3471, 3534, 3609, 3691, 3757, 3847, 4883, 5153, 5163, 5175, 5827, 6840]@{}
http://www.comp.hkbu.edu.hk/v1/?page=sitemap?=tc?=tc?=tc?=tc?=tc?=tc?=tc?=tc@[716, 952, 974, 1007, 1057, 1097, 1142, 1185, 1231, 1270, 1296, 1644, 1750, 1883, 1892, 1901, 1912, 1921, 1930, 2452, 2665, 2770, 2998, 3385, 3471, 3534, 3609, 3691, 3757, 3847, 4886, 5156, 5166, 5178, 5830, 6831]@{}
http://www.comp.hkbu.edu.hk/v1/?page=sitemap?=sc?=tc?=tc?=tc?=tc?=tc?=tc?=tc@[716, 952, 974, 1007, 1057, 1097, 1142, 1185, 1231, 1270, 1296, 1644, 1750, 1883, 1892, 1901, 1912, 1921, 1930, 2452, 2665, 2770, 2998, 3385, 3471, 3534, 3609, 3691, 3757, 3847, 4900, 5170, 5180, 5192, 5844, 6839]@{}
http://www.comp.hkbu.edu.hk/v1/?page=sitemap@[262, 498, 520, 553, 603, 643, 688, 731, 777, 816, 842, 1190, 1296, 1429, 1438, 1447, 1458, 1467, 1476, 1998, 2211, 2316, 2528, 2915, 3001, 3064, 3139, 3221, 3287, 3377, 4105, 5702]@{}
http://www.comp.hkbu.edu.hk/v1/?page=home?=tc?=tc?=tc?=tc?=tc?=tc@[716, 952, 974, 1007, 1057, 1097, 1142, 1185, 1231, 1270, 1296, 1644, 1750, 1883, 1892, 1901, 1912, 1921, 1930, 2452, 2665, 2770, 2994, 3381, 3467, 3530, 3605, 3687, 3753, 3843, 4885, 5155, 5165, 5177, 5829, 6839]@{}
http://www.comp.hkbu.edu.hk/~alumni/news/../news/../news/../news/../news/../news/../news/../news/../news/@[61, 85, 151, 175]@{}
http://www.comp.hkbu.edu.hk/~alumni/news/../scholarship/../news/../news/../news/../news/../news/../news/../news/@[61, 85, 151, 175]@{}
http://www.comp.hkbu.edu.hk/~alumni/news/../donation/../news/../news/../news/../news/../news/../news/../news/@[61, 85, 151, 175]@{}
http://www.comp.hkbu.edu.hk/v1/?page=job_vacancies?=tc?=tc?=tc?=tc?=tc?=tc?=tc?=tc?=tc@[716, 952, 974, 1007, 1057, 1097, 1142, 1185, 1231, 1270, 1296, 1644, 1750, 1883, 1892, 1901, 1912, 1921, 1930, 2452, 2665, 2770, 3000, 3387, 3473, 3536, 3611, 3693, 3759, 3849, 4899, 5169, 5179, 5191, 5843, 6835]@{}
http://www.comp.hkbu.edu.hk/v1/?page=job_vacancies?=sc?=tc?=tc?=tc?=tc?=tc?=tc?=tc?=tc@[716, 952, 974, 1007, 1057, 1097, 1142, 1185, 1231, 1270, 1296, 1644, 1750, 1883, 1892, 1901, 1912, 1921, 1930, 2452, 2665, 2770, 3000, 3387, 3473, 3536, 3611, 3693, 3759, 3849, 4898, 5168, 5178, 5190, 5842, 6847]@{}
http://www.comp.hkbu.edu.hk/v1/?page=sitemap?=tc?=tc?=tc?=tc?=tc?=tc?=tc?=tc?=tc@[716, 952, 974, 1007, 1057, 1097, 1142, 1185, 1231, 1270, 1296, 1644, 1750, 1883, 1892, 1901, 1912, 1921, 1930, 2452, 2665, 2770, 3000, 3387, 3473, 3536, 3611, 3693, 3759, 3849, 4883, 5153, 5163, 5175, 5827, 6815]@{}
http://www.comp.hkbu.edu.hk/v1/?page=sitemap?=sc?=tc?=tc?=tc?=tc?=tc?=tc?=tc?=tc@[716, 952, 974, 1007, 1057, 1097, 1142, 1185, 1231, 1270, 1296, 1644, 1750, 1883, 1892, 1901, 1912, 1921, 1930, 2452, 2665, 2770, 3000, 3387, 3473, 3536, 3611, 3693, 3759, 3849, 4901, 5171, 5181, 5193, 5845, 6841]@{}
http://www.comp.hkbu.edu.hk/v1/?lang=tc@[716, 952, 974, 1007, 1057, 1097, 1142, 1185, 1231, 1270, 1296, 1644, 1750, 1883, 1892, 1901, 1912, 1921, 1930, 2452, 2665, 2770, 2978, 3365, 3451, 3514, 3589, 3671, 3737, 3827, 4883, 5153, 5163, 5175, 5827, 6843]@{}
http://www.comp.hkbu.edu.hk/~alumni/news/@[61, 85, 151, 175]@{}
http://www.sci.hkbu.edu.hk/eng/page/?page=prospective-students@[2437, 2486, 2531, 2571, 2628, 2670, 2711, 2749, 2801, 2852, 2906, 2974, 3101]@{}
http://www.sci.hkbu.edu.hk/eng/about-us/distinguished-professorship/eng/page/?page=prospective-students@[4914, 4929, 5741, 5744, 5759]@{}
http://www.sci.hkbu.edu.hk/eng/about-us/honorary-doctorate/eng/page/?page=prospective-students@[4914, 4929, 5741, 5744, 5759]@{}
http://www.sci.hkbu.edu.hk/eng/about-us/distinguished-professor-of-science/eng/page/?page=prospective-students@[4914, 4929, 5741, 5744, 5759]@{}
http://www.sci.hkbu.edu.hk/eng/about-us/dr-kennedy-wong-distinguished-visiting-professorship-scheme/eng/page/?page=prospective-students@[4914, 4929, 5741, 5744, 5759]@{}
http://www.sci.hkbu.edu.hk/eng/page/eng/about-us/vision-mission@[4914, 4929, 5741, 5744, 5759]@{}
http://www.sci.hkbu.edu.hk/eng/page/eng/about-us/faculty-advisory-committee@[4914, 4929, 5741, 5744, 5759]@{}
http://www.sci.hkbu.edu.hk/eng@[4914, 4929, 5741, 5744, 5759]@{}
http://www.sci.hkbu.edu.hk/eng/about-us/vision-mission@[2671, 2758]@{}
http://www.sci.hkbu.edu.hk/eng/about-us/vision-mission/eng/page/?page=prospective-students@[4914, 4929, 5741, 5744, 5759]@{}
http://www.sci.hkbu.edu.hk/eng/about-us/faculty-advisory-committee/eng/page/?page=prospective-students@[4914, 4929, 5741, 5744, 5759]@{}
