http://www.comp.hkbu.edu.hk@[277, 504, 512, 1278, 1304, 1320, 1479, 1494, 1521, 1607, 1857, 1888, 1897, 1906, 1917, 1926, 1935, 1968, 2409, 2421, 2433, 2440, 2513, 2562, 2594, 2623, 2662, 2718, 2753, 2983, 3853, 3868, 3886, 3932, 3975, 4016, 4057, 4095, 4232, 4234, 4268, 4275, 4294, 4302, 4307, 4339, 4347, 4352, 4381, 4389, 4394, 4424, 4432, 4437, 4468, 4476, 4481, 4521, 4554, 4580, 4593, 4854, 4876, 4892, 4906, 5059, 5062, 5065, 5073, 5096, 5575, 5588, 5629, 5642, 5645, 5648, 5665, 5708, 5742, 5816, 6072, 6086, 6089, 6092, 6106, 6113, 6179, 6261, 6338, 6387, 6390, 6393, 6412, 6461, 6509, 6568, 6601, 6604, 6607, 6613, 6623, 6685, 6755, 6798, 6801, 6804, 6889, 6900, 6907, 6912, 6919, 6924, 6931]@{}
http://www.comp.hkbu.edu.hk/v1/?page=sci@[12, 14, 640, 942, 961, 1887, 1903, 2376, 2380, 2531, 2547, 2762, 2769, 2788, 2916, 2934, 2946, 2962, 3000, 3066, 3085, 3097, 3140, 3157, 3169, 3213, 3230, 3242, 3288, 3307, 3319, 3360, 3379, 3391, 3435, 3453, 3465, 3502, 3525, 3537, 3576, 3592, 3604, 3646, 3664, 3676, 3719, 3740, 3752, 3837, 3856, 3984, 4002, 4014, 4030, 4068, 4091, 4112, 4142, 4173, 4202, 4450, 4459, 7930]@{}
http://www.comp.hkbu.edu.hk/v1/?page=job_vacancies?=tc@[277, 504, 512, 1278, 1304, 1320, 1479, 1494, 1521, 1607, 1857, 1888, 1897, 1906, 1917, 1926, 1935, 1968, 2409, 2421, 2433, 2440, 2513, 2562, 2594, 2623, 2662, 2718, 2753, 2989, 3859, 3874, 3892, 3938, 3981, 4022, 4063, 4101, 4238, 4240, 4274, 4281, 4300, 4308, 4313, 4345, 4353, 4358, 4387, 4395, 4400, 4430, 4438, 4443, 4474, 4482, 4487, 4527, 4560, 4586, 4599, 4850, 4872, 4888, 4902, 5055, 5058, 5061, 5069, 5092, 5571, 5584, 5625, 5638, 5641, 5644, 5661, 5704, 5738, 5812, 6068, 6082, 6085, 6088, 6102, 6109, 6175, 6245, 6322, 6366, 6369, 6372, 6391, 6440, 6488, 6547, 6580, 6583, 6586, 6592, 6602, 6664, 6741, 6774, 6777, 6780, 6865, 6876, 6883, 6888, 6895, 6900, 6907]@{}
http://www.comp.hkbu.edu.hk/v1/?page=job_vacancies?=sc@[277, 504, 512, 1278, 1304, 1320, 1479, 1494, 1521, 1607, 1857, 1888, 1897, 1906, 1917, 1926, 1935, 1968, 2409, 2421, 2433, 2440, 2513, 2562, 2594, 2623, 2662, 2718, 2753, 2989, 3859, 3874, 3892, 3938, 3981, 4022, 4063, 4101, 4238, 4240, 4274, 4281, 4300, 4308, 4313, 4345, 4353, 4358, 4387, 4395, 4400, 4430, 4438, 4443, 4474, 4482, 4487, 4527, 4560, 4586, 4599, 4850, 4872, 4888, 4902, 5055, 5058, 5061, 5069, 5092, 5571, 5584, 5625, 5638, 5641, 5644, 5661, 5704, 5738, 5812, 6068, 6082, 6085, 6088, 6102, 6109, 6175, 6252, 6326, 6377, 6380, 6383, 6402, 6451, 6499, 6558, 6591, 6594, 6597, 6603, 6613, 6675, 6750, 6783, 6786, 6789, 6874, 6885, 6892, 6897, 6904, 6909, 6916]@{}
http://www.comp.hkbu.edu.hk/v1/?page=sitemap?=tc@[277, 504, 512, 1278, 1304, 1320, 1479, 1494, 1521, 1607, 1857, 1888, 1897, 1906, 1917, 1926, 1935, 1968, 2409, 2421, 2433, 2440, 2513, 2562, 2594, 2623, 2662, 2718, 2753, 2989, 3859, 3874, 3892, 3938, 3981, 4022, 4063, 4101, 4237, 4239, 4273, 4280, 4299, 4307, 4312, 4344, 4352, 4357, 4386, 4394, 4399, 4429, 4437, 4442, 4473, 4481, 4486, 4526, 4559, 4585, 4598, 4846, 4868, 4884, 4898, 5051, 5054, 5057, 5065, 5088, 5567, 5580, 5621, 5634, 5637, 5640, 5657, 5700, 5734, 5808, 6064, 6078, 6081, 6084, 6098, 6105, 6171, 6247, 6325, 6369, 6372, 6375, 6394, 6443, 6491, 6550, 6583, 6586, 6589, 6595, 6605, 6667, 6745, 6786, 6789, 6792, 6877, 6888, 6895, 6900, 6907, 6912, 6919]@{}
http://www.comp.hkbu.edu.hk/v1/?page=sitemap?=sc@[277, 504, 512, 1278, 1304, 1320, 1479, 1494, 1521, 1607, 1857, 1888, 1897, 1906, 1917, 1926, 1935, 1968, 2409, 2421, 2433, 2440, 2513, 2562, 2594, 2623, 2662, 2718, 2753, 2989, 3859, 3874, 3892, 3938, 3981, 4022, 4063, 4101, 4237, 4239, 4273, 4280, 4299, 4307, 4312, 4344, 4352, 4357, 4386, 4394, 4399, 4429, 4437, 4442, 4473, 4481, 4486, 4526, 4559, 4585, 4598, 4845, 4867, 4883, 4897, 5050, 5053, 5056, 5064, 5087, 5566, 5579, 5620, 5633, 5636, 5639, 5656, 5699, 5733, 5807, 6063, 6077, 6080, 6083, 6097, 6104, 6170, 6251, 6327, 6376, 6379, 6382, 6401, 6450, 6498, 6557, 6590, 6593, 6596, 6602, 6612, 6674, 6756, 6801, 6804, 6807, 6892, 6903, 6910, 6915, 6922, 6927, 6934]@{}
http://www.comp.hkbu.edu.hk/v1/?lang=sc@[277, 504, 512, 1278, 1304, 1320, 1479, 1494, 1521, 1607, 1857, 1888, 1897, 1906, 1917, 1926, 1935, 1968, 2409, 2421, 2433, 2440, 2513, 2562, 2594, 2623, 2662, 2718, 2753, 2983, 3853, 3868, 3886, 3932, 3975, 4016, 4057, 4095, 4232, 4234, 4268, 4275, 4294, 4302, 4307, 4339, 4347, 4352, 4381, 4389, 4394, 4424, 4432, 4437, 4468, 4476, 4481, 4521, 4554, 4580, 4593, 4841, 4863, 4879, 4893, 5046, 5049, 5052, 5060, 5083, 5562, 5575, 5616, 5629, 5632, 5635, 5652, 5695, 5729, 5803, 6059, 6073, 6076, 6079, 6093, 6100, 6166, 6241, 6323, 6368, 6371, 6374, 6393, 6442, 6490, 6549, 6582, 6585, 6588, 6594, 6604, 6665, 6726, 6767, 6770, 6773, 6858, 6869, 6876, 6881, 6888, 6893, 6900]@{}
http://www.comp.hkbu.edu.hk/~alumni/news/../news/@[52, 74, 105, 117, 128, 168, 192, 209, 235, 261, 297, 325, 363, 389, 417, 451, 477, 510, 542, 565, 729]@{}
http://www.comp.hkbu.edu.hk/~alumni/news/../scholarship/@[52, 74, 105, 117, 128, 168, 192, 209, 235, 261, 297, 325, 363, 389, 417, 451, 477, 510, 542, 565, 615, 636, 657, 681, 706, 729, 751]@{}
http://www.comp.hkbu.edu.hk/~alumni/news/../donation/@[52, 74, 105, 117, 128, 168, 192, 209, 235, 261, 297, 325, 363, 389, 417, 451, 477, 510, 542, 565, 668, 672, 701, 705, 733, 737, 766, 770, 799, 803, 844, 848, 889, 893, 934, 938, 984, 988, 1205, 1209]@{}
http://www.comp.hkbu.edu.hk/v1/?page=job_vacancies?=tc?=tc@[277, 504, 512, 1278, 1304, 1320, 1479, 1494, 1521, 1607, 1857, 1888, 1897, 1906, 1917, 1926, 1935, 1968, 2409, 2421, 2433, 2440, 2513, 2562, 2594, 2623, 2662, 2718, 2753, 2991, 3861, 3876, 3894, 3940, 3983, 4024, 4065, 4103, 4239, 4241, 4275, 4282, 4301, 4309, 4314, 4346, 4354, 4359, 4388, 4396, 4401, 4431, 4439, 4444, 4475, 4483, 4488, 4528, 4561, 4587, 4600, 4847, 4869, 4885, 4899, 5052, 5055, 5058, 5066, 5089, 5568, 5581, 5622, 5635, 5638, 5641, 5658, 5701, 5735, 5809, 6065, 6079, 6082, 6085, 6099, 6106, 6172, 6253, 6328, 6375, 6378, 6381, 6400, 6449, 6497, 6556, 6589, 6592, 6595, 6601, 6611, 6673, 6738, 6788, 6791, 6794, 6879, 6890, 6897, 6902, 6909, 6914, 6921]@{}
http://www.comp.hkbu.edu.hk/v1/?page=job_vacancies?=sc?=tc@[277, 504, 512, 1278, 1304, 1320, 1479, 1494, 1521, 1607, 1857, 1888, 1897, 1906, 1917, 1926, 1935, 1968, 2409, 2421, 2433, 2440, 2513, 2562, 2594, 2623, 2662, 2718, 2753, 2991, 3861, 3876, 3894, 3940, 3983, 4024, 4065, 4103, 4239, 4241, 4275, 4282, 4301, 4309, 4314, 4346, 4354, 4359, 4388, 4396, 4401, 4431, 4439, 4444, 4475, 4483, 4488, 4528, 4561, 4587, 4600, 4857, 4879, 4895, 4909, 5062, 5065, 5068, 5076, 5099, 5578, 5591, 5632, 5645, 5648, 5651, 5668, 5711, 5745, 5819, 6075, 6089, 6092, 6095, 6109, 6116, 6182, 6259, 6340, 6394, 6397, 6400, 6419, 6468, 6516, 6575, 6608, 6611, 6614, 6620, 6630, 6692, 6769, 6817, 6820, 6823, 6908, 6919, 6926, 6931, 6938, 6943, 6950]@{}
http://www.comp.hkbu.edu.hk/v1/?page=sitemap?=tc?=tc@[277, 504, 512, 1278, 1304, 1320, 1479, 1494, 1521, 1607, 1857, 1888, 1897, 1906, 1917, 1926, 1935, 1968, 2409, 2421, 2433, 2440, 2513, 2562, 2594, 2623, 2662, 2718, 2753, 2991, 3861, 3876, 3894, 3940, 3983, 4024, 4065, 4103, 4239, 4241, 4275, 4282, 4301, 4309, 4314, 4346, 4354, 4359, 4388, 4396, 4401, 4431, 4439, 4444, 4475, 4483, 4488, 4528, 4561, 4587, 4600, 4847, 4869, 4885, 4899, 5052, 5055, 5058, 5066, 5089, 5568, 5581, 5622, 5635, 5638, 5641, 5658, 5701, 5735, 5809, 6065, 6079, 6082, 6085, 6099, 6106, 6172, 6252, 6324, 6371, 6374, 6377, 6396, 6445, 6493, 6552, 6585, 6588, 6591, 6597, 6607, 6668, 6729, 6779, 6782, 6785, 6870, 6881, 6888, 6893, 6900, 6905, 6912]@{}
http://www.comp.hkbu.edu.hk/v1/?page=sitemap?=sc?=tc@[277, 504, 512, 1278, 1304, 1320, 1479, 1494, 1521, 1607, 1857, 1888, 1897, 1906, 1917, 1926, 1935, 1968, 2409, 2421, 2433, 2440, 2513, 2562, 2594, 2623, 2662, 2718, 2753, 2991, 3861, 3876, 3894, 3940, 3983, 4024, 4065, 4103, 4239, 4241, 4275, 4282, 4301, 4309, 4314, 4346, 4354, 4359, 4388, 4396, 4401, 4431, 4439, 4444, 4475, 4483, 4488, 4528, 4561, 4587, 4600, 4861, 4883, 4899, 4913, 5066, 5069, 5072, 5080, 5103, 5582, 5595, 5636, 5649, 5652, 5655, 5672, 5715, 5749, 5823, 6079, 6093, 6096, 6099, 6113, 6120, 6186, 6268, 6338, 6388, 6391, 6394, 6413, 6462, 6510, 6569, 6602, 6605, 6608, 6614, 6624, 6686, 6761, 6806, 6809, 6812, 6897, 6908, 6915, 6920, 6927, 6932, 6939]@{}
http://www.comp.hkbu.edu.hk/v1/?page=home@[277, 504, 512, 1278, 1304, 1320, 1479, 1494, 1521, 1607, 1857, 1888, 1897, 1906, 1917, 1926, 1935, 1968, 2409, 2421, 2433, 2440, 2513, 2562, 2594, 2623, 2662, 2718, 2753, 2987, 3857, 3872, 3890, 3936, 3979, 4020, 4061, 4099, 4235, 4237, 4271, 4278, 4297, 4305, 4310, 4342, 4350, 4355, 4384, 4392, 4397, 4427, 4435, 4440, 4471, 4479, 4484, 4524, 4557, 4583, 4596, 4839, 4861, 4877, 4891, 5044, 5047, 5050, 5058, 5081, 5560, 5573, 5614, 5627, 5630, 5633, 5650, 5693, 5727, 5801, 6057, 6071, 6074, 6077, 6091, 6098, 6164, 6239, 6319, 6364, 6367, 6370, 6389, 6438, 6486, 6545, 6578, 6581, 6584, 6590, 6600, 6662, 6734, 6771, 6774, 6777, 6862, 6873, 6880, 6885, 6892, 6897, 6904]@{}
http://www.comp.hkbu.edu.hk/~alumni/news/../news/../news/@[52, 74, 105, 117, 128, 168, 192, 209, 235, 261, 297, 325, 363, 389, 417, 451, 477, 510, 542, 565, 729]@{}
http://www.comp.hkbu.edu.hk/~alumni/news/../scholarship/../news/@[52, 74, 105, 117, 128, 168, 192, 209, 235, 261, 297, 325, 363, 389, 417, 451, 477, 510, 542, 565, 729]@{}
http://www.comp.hkbu.edu.hk/~alumni/news/../donation/../news/@[52, 74, 105, 117, 128, 168, 192, 209, 235, 261, 297, 325, 363, 389, 417, 451, 477, 510, 542, 565, 729]@{}
http://www.comp.hkbu.edu.hk/v1/?page=job_vacancies?=tc?=tc?=tc@[277, 504, 512, 1278, 1304, 1320, 1479, 1494, 1521, 1607, 1857, 1888, 1897, 1906, 1917, 1926, 1935, 1968, 2409, 2421, 2433, 2440, 2513, 2562, 2594, 2623, 2662, 2718, 2753, 2993, 3863, 3878, 3896, 3942, 3985, 4026, 4067, 4105, 4242, 4244, 4278, 4285, 4304, 4312, 4317, 4349, 4357, 4362, 4391, 4399, 4404, 4434, 4442, 4447, 4478, 4486, 4491, 4531, 4564, 4590, 4603, 4861, 4883, 4899, 4913, 5066, 5069, 5072, 5080, 5103, 5582, 5595, 5636, 5649, 5652, 5655, 5672, 5715, 5749, 5823, 6079, 6093, 6096, 6099, 6113, 6120, 6186, 6263, 6342, 6391, 6394, 6397, 6416, 6465, 6513, 6572, 6605, 6608, 6611, 6617, 6627, 6689, 6765, 6814, 6817, 6820, 6905, 6916, 6923, 6928, 6935, 6940, 6947]@{}
http://www.comp.hkbu.edu.hk/v1/?page=job_vacancies?=sc?=tc?=tc@[277, 504, 512, 1278, 1304, 1320, 1479, 1494, 1521, 1607, 1857, 1888, 1897, 1906, 1917, 1926, 1935, 1968, 2409, 2421, 2433, 2440, 2513, 2562, 2594, 2623, 2662, 2718, 2753, 2993, 3863, 3878, 3896, 3942, 3985, 4026, 4067, 4105, 4241, 4243, 4277, 4284, 4303, 4311, 4316, 4348, 4356, 4361, 4390, 4398, 4403, 4433, 4441, 4446, 4477, 4485, 4490, 4530, 4563, 4589, 4602, 4845, 4867, 4883, 4897, 5050, 5053, 5056, 5064, 5087, 5566, 5579, 5620, 5633, 5636, 5639, 5656, 5699, 5733, 5807, 6063, 6077, 6080, 6083, 6097, 6104, 6170, 6251, 6324, 6376, 6379, 6382, 6401, 6450, 6498, 6557, 6590, 6593, 6596, 6602, 6612, 6673, 6734, 6783, 6786, 6789, 6874, 6885, 6892, 6897, 6904, 6909, 6916]@{}
http://www.comp.hkbu.edu.hk/v1/?page=sitemap?=tc?=tc?=tc@[277, 504, 512, 1278, 1304, 1320, 1479, 1494, 1521, 1607, 1857, 1888, 1897, 1906, 1917, 1926, 1935, 1968, 2409, 2421, 2433, 2440, 2513, 2562, 2594, 2623, 2662, 2718, 2753, 2993, 3863, 3878, 3896, 3942, 3985, 4026, 4067, 4105, 4242, 4244, 4278, 4285, 4304, 4312, 4317, 4349, 4357, 4362, 4391, 4399, 4404, 4434, 4442, 4447, 4478, 4486, 4491, 4531, 4564, 4590, 4603, 4851, 4873, 4889, 4903, 5056, 5059, 5062, 5070, 5093, 5572, 5585, 5626, 5639, 5642, 5645, 5662, 5705, 5739, 5813, 6069, 6083, 6086, 6089, 6103, 6110, 6176, 6257, 6339, 6383, 6386, 6389, 6408, 6457, 6505, 6564, 6597, 6600, 6603, 6609, 6619, 6681, 6757, 6811, 6814, 6817, 6902, 6913, 6920, 6925, 6932, 6937, 6944]@{}
http://www.comp.hkbu.edu.hk/v1/?page=sitemap?=sc?=tc?=tc@[277, 504, 512, 1278, 1304, 1320, 1479, 1494, 1521, 1607, 1857, 1888, 1897, 1906, 1917, 1926, 1935, 1968, 2409, 2421, 2433, 2440, 2513, 2562, 2594, 2623, 2662, 2718, 2753, 2993, 3863, 3878, 3896, 3942, 3985, 4026, 4067, 4105, 4242, 4244, 4278, 4285, 4304, 4312, 4317, 4349, 4357, 4362, 4391, 4399, 4404, 4434, 4442, 4447, 4478, 4486, 4491, 4531, 4564, 4590, 4603, 4854, 4876, 4892, 4906, 5059, 5062, 5065, 5073, 5096, 5575, 5588, 5629, 5642, 5645, 5648, 5665, 5708, 5742, 5816, 6072, 6086, 6089, 6092, 6106, 6113, 6179, 6261, 6337, 6384, 6387, 6390, 6409, 6458, 6506, 6565, 6598, 6601, 6604, 6610, 6620, 6682, 6764, 6814, 6817, 6820, 6905, 6916, 6923, 6928, 6935, 6940, 6947]@{}
http://www.comp.hkbu.edu.hk/v1/?page=home?=tc@[277, 504, 512, 1278, 1304, 1320, 1479, 1494, 1521, 1607, 1857, 1888, 1897, 1906, 1917, 1926, 1935, 1968, 2409, 2421, 2433, 2440, 2513, 2562, 2594, 2623, 2662, 2718, 2753, 2989, 3859, 3874, 3892, 3938, 3981, 4022, 4063, 4101, 4237, 4239, 4273, 4280, 4299, 4307, 4312, 4344, 4352, 4357, 4386, 4394, 4399, 4429, 4437, 4442, 4473, 4481, 4486, 4526, 4559, 4585, 4598, 4849, 4871, 4887, 4901, 5054, 5057, 5060, 5068, 5091, 5570, 5583, 5624, 5637, 5640, 5643, 5660, 5703, 5737, 5811, 6067, 6081, 6084, 6087, 6101, 6108, 6174, 6250, 6332, 6380, 6383, 6386, 6405, 6454, 6502, 6561, 6594, 6597, 6600, 6606, 6616, 6678, 6755, 6799, 6802, 6805, 6890, 6901, 6908, 6913, 6920, 6925, 6932]@{}
http://www.comp.hkbu.edu.hk/~alumni/news/../news/../news/../news/@[52, 74, 105, 117, 128, 168, 192, 209, 235, 261, 297, 325, 363, 389, 417, 451, 477, 510, 542, 565, 729]@{}
http://www.comp.hkbu.edu.hk/~alumni/news/../scholarship/../news/../news/@[52, 74, 105, 117, 128, 168, 192, 209, 235, 261, 297, 325, 363, 389, 417, 451, 477, 510, 542, 565, 729]@{}
http://www.comp.hkbu.edu.hk/~alumni/news/../donation/../news/../news/@[52, 74, 105, 117, 128, 168, 192, 209, 235, 261, 297, 325, 363, 389, 417, 451, 477, 510, 542, 565, 729]@{}
http://www.comp.hkbu.edu.hk/v1/?page=job_vacancies?=tc?=tc?=tc?=tc@[277, 504, 512, 1278, 1304, 1320, 1479, 1494, 1521, 1607, 1857, 1888, 1897, 1906, 1917, 1926, 1935, 1968, 2409, 2421, 2433, 2440, 2513, 2562, 2594, 2623, 2662, 2718, 2753, 2995, 3865, 3880, 3898, 3944, 3987, 4028, 4069, 4107, 4244, 4246, 4280, 4287, 4306, 4314, 4319, 4351, 4359, 4364, 4393, 4401, 4406, 4436, 4444, 4449, 4480, 4488, 4493, 4533, 4566, 4592, 4605, 4862, 4884, 4900, 4914, 5067, 5070, 5073, 5081, 5104, 5583, 5596, 5637, 5650, 5653, 5656, 5673, 5716, 5750, 5824, 6080, 6094, 6097, 6100, 6114, 6121, 6187, 6266, 6343, 6388, 6391, 6394, 6413, 6462, 6510, 6569, 6602, 6605, 6608, 6614, 6624, 6686, 6752, 6794, 6797, 6800, 6885, 6896, 6903, 6908, 6915, 6920, 6927]@{}
http://www.comp.hkbu.edu.hk/v1/?page=job_vacancies?=sc?=tc?=tc?=tc@[277, 504, 512, 1278, 1304, 1320, 1479, 1494, 1521, 1607, 1857, 1888, 1897, 1906, 1917, 1926, 1935, 1968, 2409, 2421, 2433, 2440, 2513, 2562, 2594, 2623, 2662, 2718, 2753, 2995, 3865, 3880, 3898, 3944, 3987, 4028, 4069, 4107, 4244, 4246, 4280, 4287, 4306, 4314, 4319, 4351, 4359, 4364, 4393, 4401, 4406, 4436, 4444, 4449, 4480, 4488, 4493, 4533, 4566, 4592, 4605, 4863, 4885, 4901, 4915, 5068, 5071, 5074, 5082, 5105, 5584, 5597, 5638, 5651, 5654, 5657, 5674, 5717, 5751, 5825, 6081, 6095, 6098, 6101, 6115, 6122, 6188, 6263, 6333, 6381, 6384, 6387, 6406, 6455, 6503, 6562, 6595, 6598, 6601, 6607, 6617, 6679, 6749, 6782, 6785, 6788, 6873, 6884, 6891, 6896, 6903, 6908, 6915]@{}
http://www.comp.hkbu.edu.hk/v1/?page=sitemap?=tc?=tc?=tc?=tc@[277, 504, 512, 1278, 1304, 1320, 1479, 1494, 1521, 1607, 1857, 1888, 1897, 1906, 1917, 1926, 1935, 1968, 2409, 2421, 2433, 2440, 2513, 2562, 2594, 2623, 2662, 2718, 2753, 2995, 3865, 3880, 3898, 3944, 3987, 4028, 4069, 4107, 4243, 4245, 4279, 4286, 4305, 4313, 4318, 4350, 4358, 4363, 4392, 4400, 4405, 4435, 4443, 4448, 4479, 4487, 4492, 4532, 4565, 4591, 4604, 4851, 4873, 4889, 4903, 5056, 5059, 5062, 5070, 5093, 5572, 5585, 5626, 5639, 5642, 5645, 5662, 5705, 5739, 5813, 6069, 6083, 6086, 6089, 6103, 6110, 6176, 6255, 6331, 6382, 6385, 6388, 6407, 6456, 6504, 6563, 6596, 6599, 6602, 6608, 6618, 6680, 6750, 6800, 6803, 6806, 6891, 6902, 6909, 6914, 6921, 6926, 6933]@{}
http://www.comp.hkbu.edu.hk/v1/?page=sitemap?=sc?=tc?=tc?=tc@[277, 504, 512, 1278, 1304, 1320, 1479, 1494, 1521, 1607, 1857, 1888, 1897, 1906, 1917, 1926, 1935, 1968, 2409, 2421, 2433, 2440, 2513, 2562, 2594, 2623, 2662, 2718, 2753, 2995, 3865, 3880, 3898, 3944, 3987, 4028, 4069, 4107, 4243, 4245, 4279, 4286, 4305, 4313, 4318, 4350, 4358, 4363, 4392, 4400, 4405, 4435, 4443, 4448, 4479, 4487, 4492, 4532, 4565, 4591, 4604, 4862, 4884, 4900, 4914, 5067, 5070, 5073, 5081, 5104, 5583, 5596, 5637, 5650, 5653, 5656, 5673, 5716, 5750, 5824, 6080, 6094, 6097, 6100, 6114, 6121, 6187, 6266, 6347, 6393, 6396, 6399, 6418, 6467, 6515, 6574, 6607, 6610, 6613, 6619, 6629, 6691, 6764, 6808, 6811, 6814, 6899, 6910, 6917, 6922, 6929, 6934, 6941]@{}
http://www.comp.hkbu.edu.hk/v1/?page=home?=tc?=tc@[277, 504, 512, 1278, 1304, 1320, 1479, 1494, 1521, 1607, 1857, 1888, 1897, 1906, 1917, 1926, 1935, 1968, 2409, 2421, 2433, 2440, 2513, 2562, 2594, 2623, 2662, 2718, 2753, 2991, 3861, 3876, 3894, 3940, 3983, 4024, 4065, 4103, 4239, 4241, 4275, 4282, 4301, 4309, 4314, 4346, 4354, 4359, 4388, 4396, 4401, 4431, 4439, 4444, 4475, 4483, 4488, 4528, 4561, 4587, 4600, 4851, 4873, 4889, 4903, 5056, 5059, 5062, 5070, 5093, 5572, 5585, 5626, 5639, 5642, 5645, 5662, 5705, 5739, 5813, 6069, 6083, 6086, 6089, 6103, 6110, 6176, 6258, 6339, 6386, 6389, 6392, 6411, 6460, 6508, 6567, 6600, 6603, 6606, 6612, 6622, 6683, 6744, 6782, 6785, 6788, 6873, 6884, 6891, 6896, 6903, 6908, 6915]@{}
http://www.comp.hkbu.edu.hk/~alumni/news/../news/../news/../news/../news/@[52, 74, 105, 117, 128, 168, 192, 209, 235, 261, 297, 325, 363, 389, 417, 451, 477, 510, 542, 565, 729]@{}
http://www.comp.hkbu.edu.hk/v1/?page=alumni@[51, 64, 69, 80, 92, 104, 111, 122, 135, 160]@{}
http://www.comp.hkbu.edu.hk/~alumni/news/../scholarship/../news/../news/../news/@[52, 74, 105, 117, 128, 168, 192, 209, 235, 261, 297, 325, 363, 389, 417, 451, 477, 510, 542, 565, 729]@{}
http://www.comp.hkbu.edu.hk/~alumni/news/../donation/../news/../news/../news/@[52, 74, 105, 117, 128, 168, 192, 209, 235, 261, 297, 325, 363, 389, 417, 451, 477, 510, 542, 565, 729]@{}
http://www.comp.hkbu.edu.hk/v1/?page=job_vacancies?=tc?=tc?=tc?=tc?=tc@[277, 504, 512, 1278, 1304, 1320, 1479, 1494, 1521, 1607, 1857, 1888, 1897, 1906, 1917, 1926, 1935, 1968, 2409, 2421, 2433, 2440, 2513, 2562, 2594, 2623, 2662, 2718, 2753, 2997, 3867, 3882, 3900, 3946, 3989, 4030, 4071, 4109, 4246, 4248, 4282, 4289, 4308, 4316, 4321, 4353, 4361, 4366, 4395, 4403, 4408, 4438, 4446, 4451, 4482, 4490, 4495, 4535, 4568, 4594, 4607, 4865, 4887, 4903, 4917, 5070, 5073, 5076, 5084, 5107, 5586, 5599, 5640, 5653, 5656, 5659, 5676, 5719, 5753, 5827, 6083, 6097, 6100, 6103, 6117, 6124, 6190, 6267, 6343, 6390, 6393, 6396, 6415, 6464, 6512, 6571, 6604, 6607, 6610, 6616, 6626, 6688, 6756, 6789, 6792, 6795, 6880, 6891, 6898, 6903, 6910, 6915, 6922]@{}
http://www.comp.hkbu.edu.hk/v1/?page=job_vacancies?=sc?=tc?=tc?=tc?=tc@[277, 504, 512, 1278, 1304, 1320, 1479, 1494, 1521, 1607, 1857, 1888, 1897, 1906, 1917, 1926, 1935, 1968, 2409, 2421, 2433, 2440, 2513, 2562, 2594, 2623, 2662, 2718, 2753, 2997, 3867, 3882, 3900, 3946, 3989, 4030, 4071, 4109, 4245, 4247, 4281, 4288, 4307, 4315, 4320, 4352, 4360, 4365, 4394, 4402, 4407, 4437, 4445, 4450, 4481, 4489, 4494, 4534, 4567, 4593, 4606, 4850, 4872, 4888, 4902, 5055, 5058, 5061, 5069, 5092, 5571, 5584, 5625, 5638, 5641, 5644, 5661, 5704, 5738, 5812, 6068, 6082, 6085, 6088, 6102, 6109, 6175, 6254, 6335, 6386, 6389, 6392, 6411, 6460, 6508, 6567, 6600, 6603, 6606, 6612, 6622, 6684, 6750, 6791, 6794, 6797, 6882, 6893, 6900, 6905, 6912, 6917, 6924]@{}
http://www.comp.hkbu.edu.hk/v1/?page=sitemap?=tc?=tc?=tc?=tc?=tc@[277, 504, 512, 1278, 1304, 1320, 1479, 1494, 1521, 1607, 1857, 1888, 1897, 1906, 1917, 1926, 1935, 1968, 2409, 2421, 2433, 2440, 2513, 2562, 2594, 2623, 2662, 2718, 2753, 2997, 3867, 3882, 3900, 3946, 3989, 4030, 4071, 4109, 4246, 4248, 4282, 4289, 4308, 4316, 4321, 4353, 4361, 4366, 4395, 4403, 4408, 4438, 4446, 4451, 4482, 4490, 4495, 4535, 4568, 4594, 4607, 4858, 4880, 4896, 4910, 5063, 5066, 5069, 5077, 5100, 5579, 5592, 5633, 5646, 5649, 5652, 5669, 5712, 5746, 5820, 6076, 6090, 6093, 6096, 6110, 6117, 6183, 6256, 6337, 6386, 6389, 6392, 6411, 6460, 6508, 6567, 6600, 6603, 6606, 6612, 6622, 6684, 6764, 6811, 6814, 6817, 6902, 6913, 6920, 6925, 6932, 6937, 6944]@{}
http://www.comp.hkbu.edu.hk/v1/?page=sitemap?=sc?=tc?=tc?=tc?=tc@[277, 504, 512, 1278, 1304, 1320, 1479, 1494, 1521, 1607, 1857, 1888, 1897, 1906, 1917, 1926, 1935, 1968, 2409, 2421, 2433, 2440, 2513, 2562, 2594, 2623, 2662, 2718, 2753, 2997, 3867, 3882, 3900, 3946, 3989, 4030, 4071, 4109, 4245, 4247, 4281, 4288, 4307, 4315, 4320, 4352, 4360, 4365, 4394, 4402, 4407, 4437, 4445, 4450, 4481, 4489, 4494, 4534, 4567, 4593, 4606, 4864, 4886, 4902, 4916, 5069, 5072, 5075, 5083, 5106, 5585, 5598, 5639, 5652, 5655, 5658, 5675, 5718, 5752, 5826, 6082, 6096, 6099, 6102, 6116, 6123, 6189, 6270, 6344, 6394, 6397, 6400, 6419, 6468, 6516, 6575, 6608, 6611, 6614, 6620, 6630, 6691, 6752, 6796, 6799, 6802, 6887, 6898, 6905, 6910, 6917, 6922, 6929]@{}
http://www.comp.hkbu.edu.hk/v1/?page=home?=tc?=tc?=tc@[277, 504, 512, 1278, 1304, 1320, 1479, 1494, 1521, 1607, 1857, 1888, 1897, 1906, 1917, 1926, 1935, 1968, 2409, 2421, 2433, 2440, 2513, 2562, 2594, 2623, 2662, 2718, 2753, 2993, 3863, 3878, 3896, 3942, 3985, 4026, 4067, 4105, 4241, 4243, 4277, 4284, 4303, 4311, 4316, 4348, 4356, 4361, 4390, 4398, 4403, 4433, 4441, 4446, 4477, 4485, 4490, 4530, 4563, 4589, 4602, 4849, 4871, 4887, 4901, 5054, 5057, 5060, 5068, 5091, 5570, 5583, 5624, 5637, 5640, 5643, 5660, 5703, 5737, 5811, 6067, 6081, 6084, 6087, 6101, 6108, 6174, 6255, 6331, 6384, 6387, 6390, 6409, 6458, 6506, 6565, 6598, 6601, 6604, 6610, 6620, 6681, 6742, 6796, 6799, 6802, 6887, 6898, 6905, 6910, 6917, 6922, 6929]@{}
http://www.comp.hkbu.edu.hk/~alumni/news/../news/../news/../news/../news/../news/@[52, 74, 105, 117, 128, 168, 192, 209, 235, 261, 297, 325, 363, 389, 417, 451, 477, 510, 542, 565, 729]@{}
http://www.comp.hkbu.edu.hk/~alumni/news/../scholarship/../news/../news/../news/../news/@[52, 74, 105, 117, 128, 168, 192, 209, 235, 261, 297, 325, 363, 389, 417, 451, 477, 510, 542, 565, 729]@{}
http://www.comp.hkbu.edu.hk/~alumni/news/../donation/../news/../news/../news/../news/@[52, 74, 105, 117, 128, 168, 192, 209, 235, 261, 297, 325, 363, 389, 417, 451, 477, 510, 542, 565, 729]@{}
http://www.comp.hkbu.edu.hk/v1/?page=job_vacancies@[826, 852, 868, 1027, 1042, 1069, 1155, 1405, 1436, 1445, 1454, 1465, 1474, 1483, 1516, 1957, 1969, 1981, 1988, 2061, 2110, 2142, 2171, 2210, 2266, 2301, 2535, 3405, 3420, 3438, 3484, 3527, 3568, 3609, 3647, 3784, 3786, 3820, 3827, 3846, 3854, 3859, 3891, 3899, 3904, 3933, 3941, 3946, 3976, 3984, 3989, 4020, 4028, 4033, 4073, 4104, 4400, 4411, 4418, 4423, 4430, 4435, 4442]@{}
http://www.comp.hkbu.edu.hk/v1/?page=job_vacancies?=tc?=tc?=tc?=tc?=tc?=tc@[277, 504, 512, 1278, 1304, 1320, 1479, 1494, 1521, 1607, 1857, 1888, 1897, 1906, 1917, 1926, 1935, 1968, 2409, 2421, 2433, 2440, 2513, 2562, 2594, 2623, 2662, 2718, 2753, 2999, 3869, 3884, 3902, 3948, 3991, 4032, 4073, 4111, 4248, 4250, 4284, 4291, 4310, 4318, 4323, 4355, 4363, 4368, 4397, 4405, 4410, 4440, 4448, 4453, 4484, 4492, 4497, 4537, 4570, 4596, 4609, 4853, 4875, 4891, 4905, 5058, 5061, 5064, 5072, 5095, 5574, 5587, 5628, 5641, 5644, 5647, 5664, 5707, 5741, 5815, 6071, 6085, 6088, 6091, 6105, 6112, 6178, 6259, 6336, 6384, 6387, 6390, 6409, 6458, 6506, 6565, 6598, 6601, 6604, 6610, 6620, 6681, 6742, 6786, 6789, 6792, 6877, 6888, 6895, 6900, 6907, 6912, 6919]@{}
http://www.comp.hkbu.edu.hk/v1/?page=job_vacancies?=sc?=tc?=tc?=tc?=tc?=tc@[277, 504, 512, 1278, 1304, 1320, 1479, 1494, 1521, 1607, 1857, 1888, 1897, 1906, 1917, 1926, 1935, 1968, 2409, 2421, 2433, 2440, 2513, 2562, 2594, 2623, 2662, 2718, 2753, 2999, 3869, 3884, 3902, 3948, 3991, 4032, 4073, 4111, 4247, 4249, 4283, 4290, 4309, 4317, 4322, 4354, 4362, 4367, 4396, 4404, 4409, 4439, 4447, 4452, 4483, 4491, 4496, 4536, 4569, 4595, 4608, 4852, 4874, 4890, 4904, 5057, 5060, 5063, 5071, 5094, 5573, 5586, 5627, 5640, 5643, 5646, 5663, 5706, 5740, 5814, 6070, 6084, 6087, 6090, 6104, 6111, 6177, 6257, 6338, 6392, 6395, 6398, 6417, 6466, 6514, 6573, 6606, 6609, 6612, 6618, 6628, 6690, 6759, 6813, 6816, 6819, 6904, 6915, 6922, 6927, 6934, 6939, 6946]@{}
http://www.comp.hkbu.edu.hk/v1/?page=sitemap?=tc?=tc?=tc?=tc?=tc?=tc@[277, 504, 512, 1278, 1304, 1320, 1479, 1494, 1521, 1607, 1857, 1888, 1897, 1906, 1917, 1926, 1935, 1968, 2409, 2421, 2433, 2440, 2513, 2562, 2594, 2623, 2662, 2718, 2753, 2999, 3869, 3884, 3902, 3948, 3991, 4032, 4073, 4111, 4247, 4249, 4283, 4290, 4309, 4317, 4322, 4354, 4362, 4367, 4396, 4404, 4409, 4439, 4447, 4452, 4483, 4491, 4496, 4536, 4569, 4595, 4608, 4856, 4878, 4894, 4908, 5061, 5064, 5067, 5075, 5098, 5577, 5590, 5631, 5644, 5647, 5650, 5667, 5710, 5744, 5818, 6074, 6088, 6091, 6094, 6108, 6115, 6181, 6260, 6332, 6381, 6384, 6387, 6406, 6455, 6503, 6562, 6595, 6598, 6601, 6607, 6617, 6679, 6751, 6803, 6806, 6809, 6894, 6905, 6912, 6917, 6924, 6929, 6936]@{}
http://www.comp.hkbu.edu.hk/v1/?page=sitemap?=sc?=tc?=tc?=tc?=tc?=tc@[277, 504, 512, 1278, 1304, 1320, 1479, 1494, 1521, 1607, 1857, 1888, 1897, 1906, 1917, 1926, 1935, 1968, 2409, 2421, 2433, 2440, 2513, 2562, 2594, 2623, 2662, 2718, 2753, 2999, 3869, 3884, 3902, 3948, 3991, 4032, 4073, 4111, 4248, 4250, 4284, 4291, 4310, 4318, 4323, 4355, 4363, 4368, 4397, 4405, 4410, 4440, 4448, 4453, 4484, 4492, 4497, 4537, 4570, 4596, 4609, 4874, 4896, 4912, 4926, 5079, 5082, 5085, 5093, 5116, 5595, 5608, 5649, 5662, 5665, 5668, 5685, 5728, 5762, 5836, 6092, 6106, 6109, 6112, 6126, 6133, 6199, 6281, 6351, 6400, 6403, 6406, 6425, 6474, 6522, 6581, 6614, 6617, 6620, 6626, 6636, 6698, 6764, 6813, 6816, 6819, 6904, 6915, 6922, 6927, 6934, 6939, 6946]@{}
http://www.comp.hkbu.edu.hk/v1/?page=home?=tc?=tc?=tc?=tc@[277, 504, 512, 1278, 1304, 1320, 1479, 1494, 1521, 1607, 1857, 1888, 1897, 1906, 1917, 1926, 1935, 1968, 2409, 2421, 2433, 2440, 2513, 2562, 2594, 2623, 2662, 2718, 2753, 2995, 3865, 3880, 3898, 3944, 3987, 4028, 4069, 4107, 4244, 4246, 4280, 4287, 4306, 4314, 4319, 4351, 4359, 4364, 4393, 4401, 4406, 4436, 4444, 4449, 4480, 4488, 4493, 4533, 4566, 4592, 4605, 4855, 4877, 4893, 4907, 5060, 5063, 5066, 5074, 5097, 5576, 5589, 5630, 5643, 5646, 5649, 5666, 5709, 5743, 5817, 6073, 6087, 6090, 6093, 6107, 6114, 6180, 6259, 6334, 6382, 6385, 6388, 6407, 6456, 6504, 6563, 6596, 6599, 6602, 6608, 6618, 6680, 6753, 6797, 6800, 6803, 6888, 6899, 6906, 6911, 6918, 6923, 6930]@{}
http://www.comp.hkbu.edu.hk/~alumni/news/../news/../news/../news/../news/../news/../news/@[52, 74, 105, 117, 128, 168, 192, 209, 235, 261, 297, 325, 363, 389, 417, 451, 477, 510, 542, 565, 729]@{}
http://www.comp.hkbu.edu.hk/~alumni/news/../scholarship/../news/../news/../news/../news/../news/@[52, 74, 105, 117, 128, 168, 192, 209, 235, 261, 297, 325, 363, 389, 417, 451, 477, 510, 542, 565, 729]@{}
http://www.comp.hkbu.edu.hk/~alumni/news/../donation/../news/../news/../news/../news/../news/@[52, 74, 105, 117, 128, 168, 192, 209, 235, 261, 297, 325, 363, 389, 417, 451, 477, 510, 542, 565, 729]@{}
http://www.comp.hkbu.edu.hk/v1/?page=job_vacancies?=tc?=tc?=tc?=tc?=tc?=tc?=tc@[277, 504, 512, 1278, 1304, 1320, 1479, 1494, 1521, 1607, 1857, 1888, 1897, 1906, 1917, 1926, 1935, 1968, 2409, 2421, 2433, 2440, 2513, 2562, 2594, 2623, 2662, 2718, 2753, 3001, 3871, 3886, 3904, 3950, 3993, 4034, 4075, 4113, 4250, 4252, 4286, 4293, 4312, 4320, 4325, 4357, 4365, 4370, 4399, 4407, 4412, 4442, 4450, 4455, 4486, 4494, 4499, 4539, 4572, 4598, 4611, 4857, 4879, 4895, 4909, 5062, 5065, 5068, 5076, 5099, 5578, 5591, 5632, 5645, 5648, 5651, 5668, 5711, 5745, 5819, 6075, 6089, 6092, 6095, 6109, 6116, 6182, 6263, 6338, 6380, 6383, 6386, 6405, 6454, 6502, 6561, 6594, 6597, 6600, 6606, 6616, 6677, 6738, 6785, 6788, 6791, 6876, 6887, 6894, 6899, 6906, 6911, 6918]@{}
http://www.comp.hkbu.edu.hk/v1/?page=job_vacancies?=sc?=tc?=tc?=tc?=tc?=tc?=tc@[277, 504, 512, 1278, 1304, 1320, 1479, 1494, 1521, 1607, 1857, 1888, 1897, 1906, 1917, 1926, 1935, 1968, 2409, 2421, 2433, 2440, 2513, 2562, 2594, 2623, 2662, 2718, 2753, 3001, 3871, 3886, 3904, 3950, 3993, 4034, 4075, 4113, 4250, 4252, 4286, 4293, 4312, 4320, 4325, 4357, 4365, 4370, 4399, 4407, 4412, 4442, 4450, 4455, 4486, 4494, 4499, 4539, 4572, 4598, 4611, 4854, 4876, 4892, 4906, 5059, 5062, 5065, 5073, 5096, 5575, 5588, 5629, 5642, 5645, 5648, 5665, 5708, 5742, 5816, 6072, 6086, 6089, 6092, 6106, 6113, 6179, 6258, 6331, 6380, 6383, 6386, 6405, 6454, 6502, 6561, 6594, 6597, 6600, 6606, 6616, 6678, 6760, 6805, 6808, 6811, 6896, 6907, 6914, 6919, 6926, 6931, 6938]@{}
http://www.comp.hkbu.edu.hk/v1/?page=sitemap?=tc?=tc?=tc?=tc?=tc?=tc?=tc@[277, 504, 512, 1278, 1304, 1320, 1479, 1494, 1521, 1607, 1857, 1888, 1897, 1906, 1917, 1926, 1935, 1968, 2409, 2421, 2433, 2440, 2513, 2562, 2594, 2623, 2662, 2718, 2753, 3001, 3871, 3886, 3904, 3950, 3993, 4034, 4075, 4113, 4249, 4251, 4285, 4292, 4311, 4319, 4324, 4356, 4364, 4369, 4398, 4406, 4411, 4441, 4449, 4454, 4485, 4493, 4498, 4538, 4571, 4597, 4610, 4856, 4878, 4894, 4908, 5061, 5064, 5067, 5075, 5098, 5577, 5590, 5631, 5644, 5647, 5650, 5667, 5710, 5744, 5818, 6074, 6088, 6091, 6094, 6108, 6115, 6181, 6256, 6329, 6377, 6380, 6383, 6402, 6451, 6499, 6558, 6591, 6594, 6597, 6603, 6613, 6674, 6735, 6785, 6788, 6791, 6876, 6887, 6894, 6899, 6906, 6911, 6918]@{}
http://www.comp.hkbu.edu.hk/v1/?page=sitemap?=sc?=tc?=tc?=tc?=tc?=tc?=tc@[277, 504, 512, 1278, 1304, 1320, 1479, 1494, 1521, 1607, 1857, 1888, 1897, 1906, 1917, 1926, 1935, 1968, 2409, 2421, 2433, 2440, 2513, 2562, 2594, 2623, 2662, 2718, 2753, 3001, 3871, 3886, 3904, 3950, 3993, 4034, 4075, 4113, 4249, 4251, 4285, 4292, 4311, 4319, 4324, 4356, 4364, 4369, 4398, 4406, 4411, 4441, 4449, 4454, 4485, 4493, 4498, 4538, 4571, 4597, 4610, 4858, 4880, 4896, 4910, 5063, 5066, 5069, 5077, 5100, 5579, 5592, 5633, 5646, 5649, 5652, 5669, 5712, 5746, 5820, 6076, 6090, 6093, 6096, 6110, 6117, 6183, 6257, 6338, 6392, 6395, 6398, 6417, 6466, 6514, 6573, 6606, 6609, 6612, 6618, 6628, 6690, 6765, 6806, 6809, 6812, 6897, 6908, 6915, 6920, 6927, 6932, 6939]@{}
http://www.comp.hkbu.edu.hk/v1/?page=home?=tc?=tc?=tc?=tc?=tc@[277, 504, 512, 1278, 1304, 1320, 1479, 1494, 1521, 1607, 1857, 1888, 1897, 1906, 1917, 1926, 1935, 1968, 2409, 2421, 2433, 2440, 2513, 2562, 2594, 2623, 2662, 2718, 2753, 2997, 3867, 3882, 3900, 3946, 3989, 4030, 4071, 4109, 4246, 4248, 4282, 4289, 4308, 4316, 4321, 4353, 4361, 4366, 4395, 4403, 4408, 4438, 4446, 4451, 4482, 4490, 4495, 4535, 4568, 4594, 4607, 4858, 4880, 4896, 4910, 5063, 5066, 5069, 5077, 5100, 5579, 5592, 5633, 5646, 5649, 5652, 5669, 5712, 5746, 5820, 6076, 6090, 6093, 6096, 6110, 6117, 6183, 6262, 6338, 6386, 6389, 6392, 6411, 6460, 6508, 6567, 6600, 6603, 6606, 6612, 6622, 6684, 6766, 6810, 6813, 6816, 6901, 6912, 6919, 6924, 6931, 6936, 6943]@{}
http://www.comp.hkbu.edu.hk/~alumni/news/../news/../news/../news/../news/../news/../news/../news/@[52, 74, 105, 117, 128, 168, 192, 209, 235, 261, 297, 325, 363, 389, 417, 451, 477, 510, 542, 565, 729]@{}
http://www.comp.hkbu.edu.hk/~alumni/news/../scholarship/../news/../news/../news/../news/../news/../news/@[52, 74, 105, 117, 128, 168, 192, 209, 235, 261, 297, 325, 363, 389, 417, 451, 477, 510, 542, 565, 729]@{}
http://www.comp.hkbu.edu.hk/~alumni/news/../donation/../news/../news/../news/../news/../news/../news/@[52, 74, 105, 117, 128, 168, 192, 209, 235, 261, 297, 325, 363, 389, 417, 451, 477, 510, 542, 565, 729]@{}
http://www.comp.hkbu.edu.hk/v1/?page=job_vacancies?=tc?=tc?=tc?=tc?=tc?=tc?=tc?=tc@[277, 504, 512, 1278, 1304, 1320, 1479, 1494, 1521, 1607, 1857, 1888, 1897, 1906, 1917, 1926, 1935, 1968, 2409, 2421, 2433, 2440, 2513, 2562, 2594, 2623, 2662, 2718, 2753, 3003, 3873, 3888, 3906, 3952, 3995, 4036, 4077, 4115, 4252, 4254, 4288, 4295, 4314, 4322, 4327, 4359, 4367, 4372, 4401, 4409, 4414, 4444, 4452, 4457, 4488, 4496, 4501, 4541, 4574, 4600, 4613, 4873, 4895, 4911, 4925, 5078, 5081, 5084, 5092, 5115, 5594, 5607, 5648, 5661, 5664, 5667, 5684, 5727, 5761, 5835, 6091, 6105, 6108, 6111, 6125, 6132, 6198, 6277, 6358, 6400, 6403, 6406, 6425, 6474, 6522, 6581, 6614, 6617, 6620, 6626, 6636, 6698, 6778, 6828, 6831, 6834, 6919, 6930, 6937, 6942, 6949, 6954, 6961]@{}
http://www.comp.hkbu.edu.hk/v1/?page=job_vacancies?=sc?=tc?=tc?=tc?=tc?=tc?=tc?=tc@[277, 504, 512, 1278, 1304, 1320, 1479, 1494, 1521, 1607, 1857, 1888, 1897, 1906, 1917, 1926, 1935, 1968, 2409, 2421, 2433, 2440, 2513, 2562, 2594, 2623, 2662, 2718, 2753, 3003, 3873, 3888, 3906, 3952, 3995, 4036, 4077, 4115, 4252, 4254, 4288, 4295, 4314, 4322, 4327, 4359, 4367, 4372, 4401, 4409, 4414, 4444, 4452, 4457, 4488, 4496, 4501, 4541, 4574, 4600, 4613, 4857, 4879, 4895, 4909, 5062, 5065, 5068, 5076, 5099, 5578, 5591, 5632, 5645, 5648, 5651, 5668, 5711, 5745, 5819, 6075, 6089, 6092, 6095, 6109, 6116, 6182, 6263, 6345, 6396, 6399, 6402, 6421, 6470, 6518, 6577, 6610, 6613, 6616, 6622, 6632, 6694, 6760, 6807, 6810, 6813, 6898, 6909, 6916, 6921, 6928, 6933, 6940]@{}
http://www.comp.hkbu.edu.hk/v1/?page=sitemap?=tc?=tc?=tc?=tc?=tc?=tc?=tc?=tc@[277, 504, 512, 1278, 1304, 1320, 1479, 1494, 1521, 1607, 1857, 1888, 1897, 1906, 1917, 1926, 1935, 1968, 2409, 2421, 2433, 2440, 2513, 2562, 2594, 2623, 2662, 2718, 2753, 3003, 3873, 3888, 3906, 3952, 3995, 4036, 4077, 4115, 4252, 4254, 4288, 4295, 4314, 4322, 4327, 4359, 4367, 4372, 4401, 4409, 4414, 4444, 4452, 4457, 4488, 4496, 4501, 4541, 4574, 4600, 4613, 4860, 4882, 4898, 4912, 5065, 5068, 5071, 5079, 5102, 5581, 5594, 5635, 5648, 5651, 5654, 5671, 5714, 5748, 5822, 6078, 6092, 6095, 6098, 6112, 6119, 6185, 6258, 6331, 6381, 6384, 6387, 6406, 6455, 6503, 6562, 6595, 6598, 6601, 6607, 6617, 6679, 6757, 6798, 6801, 6804, 6889, 6900, 6907, 6912, 6919, 6924, 6931]@{}
http://www.comp.hkbu.edu.hk/v1/?page=sitemap?=sc?=tc?=tc?=tc?=tc?=tc?=tc?=tc@[277, 504, 512, 1278, 1304, 1320, 1479, 1494, 1521, 1607, 1857, 1888, 1897, 1906, 1917, 1926, 1935, 1968, 2409, 2421, 2433, 2440, 2513, 2562, 2594, 2623, 2662, 2718, 2753, 3003, 3873, 3888, 3906, 3952, 3995, 4036, 4077, 4115, 4252, 4254, 4288, 4295, 4314, 4322, 4327, 4359, 4367, 4372, 4401, 4409, 4414, 4444, 4452, 4457, 4488, 4496, 4501, 4541, 4574, 4600, 4613, 4874, 4896, 4912, 4926, 5079, 5082, 5085, 5093, 5116, 5595, 5608, 5649, 5662, 5665, 5668, 5685, 5728, 5762, 5836, 6092, 6106, 6109, 6112, 6126, 6133, 6199, 6281, 6354, 6407, 6410, 6413, 6432, 6481, 6529, 6588, 6621, 6624, 6627, 6633, 6643, 6704, 6765, 6806, 6809, 6812, 6897, 6908, 6915, 6920, 6927, 6932, 6939]@{}
http://www.comp.hkbu.edu.hk/v1/?page=sitemap@[824, 850, 866, 1025, 1040, 1067, 1153, 1403, 1434, 1443, 1452, 1463, 1472, 1481, 1514, 1955, 1967, 1979, 1986, 2059, 2108, 2140, 2169, 2208, 2264, 2299, 2533, 3403, 3418, 3436, 3482, 3525, 3566, 3607, 3645, 3781, 3783, 3817, 3824, 3843, 3851, 3856, 3888, 3896, 3901, 3930, 3938, 3943, 3973, 3981, 3986, 4017, 4025, 4030, 4070, 4101, 5760, 5771, 5778, 5783, 5790, 5795, 5802]@{}
http://www.comp.hkbu.edu.hk/v1/?page=home?=tc?=tc?=tc?=tc?=tc?=tc@[277, 504, 512, 1278, 1304, 1320, 1479, 1494, 1521, 1607, 1857, 1888, 1897, 1906, 1917, 1926, 1935, 1968, 2409, 2421, 2433, 2440, 2513, 2562, 2594, 2623, 2662, 2718, 2753, 2999, 3869, 3884, 3902, 3948, 3991, 4032, 4073, 4111, 4247, 4249, 4283, 4290, 4309, 4317, 4322, 4354, 4362, 4367, 4396, 4404, 4409, 4439, 4447, 4452, 4483, 4491, 4496, 4536, 4569, 4595, 4608, 4859, 4881, 4897, 4911, 5064, 5067, 5070, 5078, 5101, 5580, 5593, 5634, 5647, 5650, 5653, 5670, 5713, 5747, 5821, 6077, 6091, 6094, 6097, 6111, 6118, 6184, 6266, 6341, 6393, 6396, 6399, 6418, 6467, 6515, 6574, 6607, 6610, 6613, 6619, 6629, 6691, 6766, 6806, 6809, 6812, 6897, 6908, 6915, 6920, 6927, 6932, 6939]@{}
http://www.comp.hkbu.edu.hk/~alumni/news/../news/../news/../news/../news/../news/../news/../news/../news/@[52, 74, 105, 117, 128, 168, 192, 209, 235, 261, 297, 325, 363, 389, 417, 451, 477, 510, 542, 565, 729]@{}
http://www.comp.hkbu.edu.hk/~alumni/news/../scholarship/../news/../news/../news/../news/../news/../news/../news/@[52, 74, 105, 117, 128, 168, 192, 209, 235, 261, 297, 325, 363, 389, 417, 451, 477, 510, 542, 565, 729]@{}
http://www.comp.hkbu.edu.hk/~alumni/news/../donation/../news/../news/../news/../news/../news/../news/../news/@[52, 74, 105, 117, 128, 168, 192, 209, 235, 261, 297, 325, 363, 389, 417, 451, 477, 510, 542, 565, 729]@{}
http://www.comp.hkbu.edu.hk/v1/?page=job_vacancies?=tc?=tc?=tc?=tc?=tc?=tc?=tc?=tc?=tc@[277, 504, 512, 1278, 1304, 1320, 1479, 1494, 1521, 1607, 1857, 1888, 1897, 1906, 1917, 1926, 1935, 1968, 2409, 2421, 2433, 2440, 2513, 2562, 2594, 2623, 2662, 2718, 2753, 3005, 3875, 3890, 3908, 3954, 3997, 4038, 4079, 4117, 4254, 4256, 4290, 4297, 4316, 4324, 4329, 4361, 4369, 4374, 4403, 4411, 4416, 4446, 4454, 4459, 4490, 4498, 4503, 4543, 4576, 4602, 4615, 4873, 4895, 4911, 4925, 5078, 5081, 5084, 5092, 5115, 5594, 5607, 5648, 5661, 5664, 5667, 5684, 5727, 5761, 5835, 6091, 6105, 6108, 6111, 6125, 6132, 6198, 6274, 6351, 6399, 6402, 6405, 6424, 6473, 6521, 6580, 6613, 6616, 6619, 6625, 6635, 6697, 6769, 6802, 6805, 6808, 6893, 6904, 6911, 6916, 6923, 6928, 6935]@{}
http://www.comp.hkbu.edu.hk/v1/?page=job_vacancies?=sc?=tc?=tc?=tc?=tc?=tc?=tc?=tc?=tc@[277, 504, 512, 1278, 1304, 1320, 1479, 1494, 1521, 1607, 1857, 1888, 1897, 1906, 1917, 1926, 1935, 1968, 2409, 2421, 2433, 2440, 2513, 2562, 2594, 2623, 2662, 2718, 2753, 3005, 3875, 3890, 3908, 3954, 3997, 4038, 4079, 4117, 4254, 4256, 4290, 4297, 4316, 4324, 4329, 4361, 4369, 4374, 4403, 4411, 4416, 4446, 4454, 4459, 4490, 4498, 4503, 4543, 4576, 4602, 4615, 4872, 4894, 4910, 4924, 5077, 5080, 5083, 5091, 5114, 5593, 5606, 5647, 5660, 5663, 5666, 5683, 5726, 5760, 5834, 6090, 6104, 6107, 6110, 6124, 6131, 6197, 6273, 6354, 6403, 6406, 6409, 6428, 6477, 6525, 6584, 6617, 6620, 6623, 6629, 6639, 6701, 6776, 6814, 6817, 6820, 6905, 6916, 6923, 6928, 6935, 6940, 6947]@{}
http://www.comp.hkbu.edu.hk/v1/?page=sitemap?=tc?=tc?=tc?=tc?=tc?=tc?=tc?=tc?=tc@[277, 504, 512, 1278, 1304, 1320, 1479, 1494, 1521, 1607, 1857, 1888, 1897, 1906, 1917, 1926, 1935, 1968, 2409, 2421, 2433, 2440, 2513, 2562, 2594, 2623, 2662, 2718, 2753, 3005, 3875, 3890, 3908, 3954, 3997, 4038, 4079, 4117, 4253, 4255, 4289, 4296, 4315, 4323, 4328, 4360, 4368, 4373, 4402, 4410, 4415, 4445, 4453, 4458, 4489, 4497, 4502, 4542, 4575, 4601, 4614, 4857, 4879, 4895, 4909, 5062, 5065, 5068, 5076, 5099, 5578, 5591, 5632, 5645, 5648, 5651, 5668, 5711, 5745, 5819, 6075, 6089, 6092, 6095, 6109, 6116, 6182, 6263, 6339, 6381, 6384, 6387, 6406, 6455, 6503, 6562, 6595, 6598, 6601, 6607, 6617, 6678, 6739, 6782, 6785, 6788, 6873, 6884, 6891, 6896, 6903, 6908, 6915]@{}
http://www.comp.hkbu.edu.hk/v1/?page=sitemap?=sc?=tc?=tc?=tc?=tc?=tc?=tc?=tc?=tc@[277, 504, 512, 1278, 1304, 1320, 1479, 1494, 1521, 1607, 1857, 1888, 1897, 1906, 1917, 1926, 1935, 1968, 2409, 2421, 2433, 2440, 2513, 2562, 2594, 2623, 2662, 2718, 2753, 3005, 3875, 3890, 3908, 3954, 3997, 4038, 4079, 4117, 4253, 4255, 4289, 4296, 4315, 4323, 4328, 4360, 4368, 4373, 4402, 4410, 4415, 4445, 4453, 4458, 4489, 4497, 4502, 4542, 4575, 4601, 4614, 4875, 4897, 4913, 4927, 5080, 5083, 5086, 5094, 5117, 5596, 5609, 5650, 5663, 5666, 5669, 5686, 5729, 5763, 5837, 6093, 6107, 6110, 6113, 6127, 6134, 6200, 6277, 6354, 6405, 6408, 6411, 6430, 6479, 6527, 6586, 6619, 6622, 6625, 6631, 6641, 6703, 6775, 6808, 6811, 6814, 6899, 6910, 6917, 6922, 6929, 6934, 6941]@{}
http://www.comp.hkbu.edu.hk/v1/?lang=tc@[277, 504, 512, 1278, 1304, 1320, 1479, 1494, 1521, 1607, 1857, 1888, 1897, 1906, 1917, 1926, 1935, 1968, 2409, 2421, 2433, 2440, 2513, 2562, 2594, 2623, 2662, 2718, 2753, 2983, 3853, 3868, 3886, 3932, 3975, 4016, 4057, 4095, 4231, 4233, 4267, 4274, 4293, 4301, 4306, 4338, 4346, 4351, 4380, 4388, 4393, 4423, 4431, 4436, 4467, 4475, 4480, 4520, 4553, 4579, 4592, 4857, 4879, 4895, 4909, 5062, 5065, 5068, 5076, 5099, 5578, 5591, 5632, 5645, 5648, 5651, 5668, 5711, 5745, 5819, 6075, 6089, 6092, 6095, 6109, 6116, 6182, 6263, 6339, 6393, 6396, 6399, 6418, 6467, 6515, 6574, 6607, 6610, 6613, 6619, 6629, 6691, 6760, 6810, 6813, 6816, 6901, 6912, 6919, 6924, 6931, 6936, 6943]@{}
http://www.comp.hkbu.edu.hk/~alumni/news/@[52, 74, 105, 117, 128, 168, 192, 209, 235, 261, 297, 325, 363, 389, 417, 451, 477, 510, 542, 565, 729]@{}
http://www.sci.hkbu.edu.hk/eng/page/?page=prospective-students@[12, 14, 640, 942, 961, 1887, 1903, 3475]@{}
http://www.sci.hkbu.edu.hk/eng/page/?page=current-students@[12, 14, 640, 942, 961, 1887, 1903, 3131]@{}
http://www.sci.hkbu.edu.hk/eng/page/@[12, 14, 640, 942, 961, 1887, 1903, 2476, 2497, 2537, 2571, 3234]@{}
http://www.sci.hkbu.edu.hk/eng/about-us/honorary-doctorate@[12, 14, 640, 942, 961, 1887, 1903, 3765]@{}
http://www.sci.hkbu.edu.hk/eng/about-us/distinguished-professorship/eng/page/?page=prospective-students@[12, 14, 640, 942, 961, 1887, 1903, 2376, 2380, 2531, 2547, 2762, 2769, 2788, 2916, 2934, 2946, 2962, 3000, 3066, 3085, 3097, 3140, 3157, 3169, 3213, 3230, 3242, 3288, 3307, 3319, 3360, 3379, 3391, 3435, 3453, 3465, 3502, 3525, 3537, 3576, 3592, 3604, 3646, 3664, 3676, 3719, 3740, 3752, 3837, 3856, 3984, 4002, 4014, 4030, 4068, 4091, 4112, 4142, 4173, 4202, 4450, 4459, 7930]@{}
http://www.sci.hkbu.edu.hk/eng/about-us/honorary-doctorate/eng/page/?page=prospective-students@[12, 14, 640, 942, 961, 1887, 1903, 2376, 2380, 2531, 2547, 2762, 2769, 2788, 2916, 2934, 2946, 2962, 3000, 3066, 3085, 3097, 3140, 3157, 3169, 3213, 3230, 3242, 3288, 3307, 3319, 3360, 3379, 3391, 3435, 3453, 3465, 3502, 3525, 3537, 3576, 3592, 3604, 3646, 3664, 3676, 3719, 3740, 3752, 3837, 3856, 3984, 4002, 4014, 4030, 4068, 4091, 4112, 4142, 4173, 4202, 4450, 4459, 7930]@{}
http://www.sci.hkbu.edu.hk/eng/about-us/distinguished-professor-of-science@[12, 14, 640, 942, 961, 1887, 1903, 2764, 2950, 3028, 3119, 3199, 3297, 3373, 3581]@{}
http://www.sci.hkbu.edu.hk/eng/about-us/dr-kennedy-wong-distinguished-visiting-professorship-scheme@[12, 14, 640, 942, 961, 1887, 1903, 3250]@{}
http://www.sci.hkbu.edu.hk/eng/about-us/distinguished-professor-of-science/eng/page/?page=prospective-students@[12, 14, 640, 942, 961, 1887, 1903, 2376, 2380, 2531, 2547, 2762, 2769, 2788, 2916, 2934, 2946, 2962, 3000, 3066, 3085, 3097, 3140, 3157, 3169, 3213, 3230, 3242, 3288, 3307, 3319, 3360, 3379, 3391, 3435, 3453, 3465, 3502, 3525, 3537, 3576, 3592, 3604, 3646, 3664, 3676, 3719, 3740, 3752, 3837, 3856, 3984, 4002, 4014, 4030, 4068, 4091, 4112, 4142, 4173, 4202, 4450, 4459, 7930]@{}
http://www.sci.hkbu.edu.hk/eng/about-us/dr-kennedy-wong-distinguished-visiting-professorship-scheme/eng/page/?page=prospective-students@[12, 14, 640, 942, 961, 1887, 1903, 2376, 2380, 2531, 2547, 2762, 2769, 2788, 2916, 2934, 2946, 2962, 3000, 3066, 3085, 3097, 3140, 3157, 3169, 3213, 3230, 3242, 3288, 3307, 3319, 3360, 3379, 3391, 3435, 3453, 3465, 3502, 3525, 3537, 3576, 3592, 3604, 3646, 3664, 3676, 3719, 3740, 3752, 3837, 3856, 3984, 4002, 4014, 4030, 4068, 4091, 4112, 4142, 4173, 4202, 4450, 4459, 7930]@{}
http://www.sci.hkbu.edu.hk/eng/page/eng/about-us/vision-mission@[12, 14, 640, 942, 961, 1887, 1903, 2376, 2380, 2531, 2547, 2762, 2769, 2788, 2916, 2934, 2946, 2962, 3000, 3066, 3085, 3097, 3140, 3157, 3169, 3213, 3230, 3242, 3288, 3307, 3319, 3360, 3379, 3391, 3435, 3453, 3465, 3502, 3525, 3537, 3576, 3592, 3604, 3646, 3664, 3676, 3719, 3740, 3752, 3837, 3856, 3984, 4002, 4014, 4030, 4068, 4091, 4112, 4142, 4173, 4202, 4450, 4459, 7930]@{}
http://www.sci.hkbu.edu.hk/eng/page/eng/about-us/faculty-advisory-committee@[12, 14, 640, 942, 961, 1887, 1903, 2376, 2380, 2531, 2547, 2762, 2769, 2788, 2916, 2934, 2946, 2962, 3000, 3066, 3085, 3097, 3140, 3157, 3169, 3213, 3230, 3242, 3288, 3307, 3319, 3360, 3379, 3391, 3435, 3453, 3465, 3502, 3525, 3537, 3576, 3592, 3604, 3646, 3664, 3676, 3719, 3740, 3752, 3837, 3856, 3984, 4002, 4014, 4030, 4068, 4091, 4112, 4142, 4173, 4202, 4450, 4459, 7930]@{}
http://www.sci.hkbu.edu.hk/eng@[12, 14, 640, 942, 961, 1887, 1903, 2376, 2380, 2531, 2547, 2762, 2769, 2788, 2916, 2934, 2946, 2962, 3000, 3066, 3085, 3097, 3140, 3157, 3169, 3213, 3230, 3242, 3288, 3307, 3319, 3360, 3379, 3391, 3435, 3453, 3465, 3502, 3525, 3537, 3576, 3592, 3604, 3646, 3664, 3676, 3719, 3740, 3752, 3837, 3856, 3984, 4002, 4014, 4030, 4068, 4091, 4112, 4142, 4173, 4202, 4450, 4459, 7930]@{}
http://www.sci.hkbu.edu.hk/eng/about-us/vision-mission@[12, 14, 640, 942, 961, 1887, 1903, 3154]@{}
http://www.sci.hkbu.edu.hk/eng/about-us/faculty-advisory-committee@[12, 14, 640, 942, 961, 1887, 1903, 2706, 2796, 2816, 2872, 3908]@{}
http://www.sci.hkbu.edu.hk/eng/about-us/vision-mission/eng/page/?page=prospective-students@[12, 14, 640, 942, 961, 1887, 1903, 2376, 2380, 2531, 2547, 2762, 2769, 2788, 2916, 2934, 2946, 2962, 3000, 3066, 3085, 3097, 3140, 3157, 3169, 3213, 3230, 3242, 3288, 3307, 3319, 3360, 3379, 3391, 3435, 3453, 3465, 3502, 3525, 3537, 3576, 3592, 3604, 3646, 3664, 3676, 3719, 3740, 3752, 3837, 3856, 3984, 4002, 4014, 4030, 4068, 4091, 4112, 4142, 4173, 4202, 4450, 4459, 7930]@{}
http://www.sci.hkbu.edu.hk/eng/about-us/faculty-advisory-committee/eng/page/?page=prospective-students@[12, 14, 640, 942, 961, 1887, 1903, 2376, 2380, 2531, 2547, 2762, 2769, 2788, 2916, 2934, 2946, 2962, 3000, 3066, 3085, 3097, 3140, 3157, 3169, 3213, 3230, 3242, 3288, 3307, 3319, 3360, 3379, 3391, 3435, 3453, 3465, 3502, 3525, 3537, 3576, 3592, 3604, 3646, 3664, 3676, 3719, 3740, 3752, 3837, 3856, 3984, 4002, 4014, 4030, 4068, 4091, 4112, 4142, 4173, 4202, 4450, 4459, 7930]@{}
http://www.sci.hkbu.edu.hk/eng/about-us/distinguished-professorship@[12, 14, 640, 942, 961, 1887, 1903, 2799]@{}
