https://www.comp.hkbu.edu.hk/v1/?page=library@[165, 1237]@[165, 1237]
https://iss.hkbu.edu.hk/buam/buam2/change_pwd/index.seam@[38, 106]@[38, 106]
https://library.hkbu.edu.hk/happenings/news/service-arrangements-7-sep-2020@[171, 843, 899]@[171, 843, 899]
https://www.comp.hkbu.edu.hk/v1/?page=head@[147, 212, 233, 387, 415]@[147, 212, 233, 387, 415]
https://www.hkbu.edu.hk/eng/main/index.jsp@[176]@[176]
https://www.comp.hkbu.edu.hk/v1/?page=whats_new@[241, 941, 1547, 2259, 2857, 4063]@[241, 941, 1547, 2259, 2857, 4063]
https://aao.hkbu.edu.hk/en/contact/index.php@[32, 113, 135, 143, 250]@[32, 113, 135, 143, 250]
https://www.comp.hkbu.edu.hk/v1/?page=centres@[131, 292]@[131, 292]
https://www.hkbu.edu.hk/eng/about/privacy.jsp@[206, 239, 467, 716, 1208, 1284, 1664, 1672, 1872, 2067, 2085]@[206, 239, 467, 716, 1208, 1284, 1664, 1672, 1872, 2067, 2085]
https://www.comp.hkbu.edu.hk/v1/?page=funded_projects@[639, 847, 1351, 1523, 1959, 2133, 2255, 2490, 2889, 2925, 3121, 3273, 3734, 3825]@[639, 847, 1351, 1523, 1959, 2133, 2255, 2490, 2889, 2925, 3121, 3273, 3734, 3825]
https://aao.hkbu.edu.hk/en/home/index.php@[219]@[219]
https://www.hkbu.edu.hk/eng/visitors/visitors.jsp@[136, 181]@[136, 181]
https://www.comp.hkbu.edu.hk/v1/?pid=174@[127]@[127]
https://www.comp.hkbu.edu.hk/v1/?pid=175@[133]@[133]
https://www.comp.hkbu.edu.hk/v1/?page=facilities_teaching@[146, 280]@[146, 280]
https://www.comp.hkbu.edu.hk/v1/?page=facilities_research@[111, 175, 264]@[111, 175, 264]
https://www.comp.hkbu.edu.hk/v1/?page=news@[241, 941, 1547, 2259, 2857, 4063]@[241, 941, 1547, 2259, 2857, 4063]
https://www.comp.hkbu.edu.hk/v1/?page=events@[229, 253, 314, 601, 682, 987, 1018, 1098, 1282, 1332, 1568, 1964, 2210, 2484, 3065, 3481, 3621, 3913, 4054, 4191, 4341, 4752, 4785, 4803, 5581, 5832, 6179, 6229, 7000, 7295, 7583, 7778]@[229, 253, 314, 601, 682, 987, 1018, 1098, 1282, 1332, 1568, 1964, 2210, 2484, 3065, 3481, 3621, 3913, 4054, 4191, 4341, 4752, 4785, 4803, 5581, 5832, 6179, 6229, 7000, 7295, 7583, 7778]
https://www.comp.hkbu.edu.hk/v1/?page=highlights@[155, 299, 467, 500, 512, 551, 602, 1130, 1160, 1189, 1340, 1608, 1800, 1854, 1960, 1973]@[155, 299, 467, 500, 512, 551, 602, 1130, 1160, 1189, 1340, 1608, 1800, 1854, 1960, 1973]
https://foundation.hkbu.edu.hk/en/ways-to-give@[662, 726]@[662, 726]
https://www.comp.hkbu.edu.hk/v1/?pid=77@[920]@[920]
https://foundation.hkbu.edu.hk/en@[915, 1077, 1182]@[915, 1077, 1182]
https://www.comp.hkbu.edu.hk/v1/?pid=124@[209, 265, 330, 353]@[209, 265, 330, 353]
https://forms.gle/DjStXN8kEpUVwTW38@[65]@[]
https://ito.hkbu.edu.hk/index.php/services-2/account-password/#tab-3@[87, 137, 152, 220, 270, 586, 893]@[87, 137, 152, 220, 270, 586, 893]
https://policies.google.com/terms@[63, 196, 201, 357, 426, 484, 508, 692, 753, 910, 932, 986, 1203, 1431, 1441, 1446, 1620, 1679, 1691, 1823, 1926, 1945, 2570, 2951, 3065, 3142, 3470, 3613, 3674, 4055, 4094, 4103]@[63, 196, 201, 357, 426, 484, 508, 692, 753, 910, 932, 986, 1203, 1431, 1441, 1446, 1620, 1679, 1691, 1823, 1926, 1945, 2570, 2951, 3065, 3142, 3470, 3613, 3674, 4055, 4094, 4103]
https://policies.google.com/privacy@[77, 104, 206, 230, 519, 557, 583, 625, 767, 827, 907, 923, 947, 1060, 1146, 1210, 1225, 1587, 1630, 1682, 1728, 1739, 1752, 1885, 2011, 2206, 2299, 2441, 2476, 2535, 2566, 2624, 2781, 2834, 2886, 2899, 2942, 2958, 3085, 3106, 3221, 3332, 3484, 3550, 3593, 3829, 3849, 3881, 3907, 3935, 3959, 4174, 4636, 4797, 4848, 5495, 5500, 5593, 5634, 5680, 6033, 6138, 6171, 6312, 6319, 6372, 6502, 6516, 6713, 7229, 7281, 7301, 7399, 7412, 7463, 7493, 7504, 7511, 7555, 7578, 7587]@[77, 104, 206, 230, 519, 557, 583, 625, 767, 827, 907, 923, 947, 1060, 1146, 1210, 1225, 1587, 1630, 1682, 1728, 1739, 1752, 1885, 2011, 2206, 2299, 2441, 2476, 2535, 2566, 2624, 2781, 2834, 2886, 2899, 2942, 2958, 3085, 3106, 3221, 3332, 3484, 3550, 3593, 3829, 3849, 3881, 3907, 3935, 3959, 4174, 4636, 4797, 4848, 5495, 5500, 5593, 5634, 5680, 6033, 6138, 6171, 6312, 6319, 6372, 6502, 6516, 6713, 7229, 7281, 7301, 7399, 7412, 7463, 7493, 7504, 7511, 7555, 7578, 7587]
