http://www.comp.hkbu.edu.hk@[40, 41, 48, 49, 64, 67, 101, 102, 109, 110, 215]@[40, 41, 48, 49, 64, 67, 101, 102, 109, 110, 215]
https://www.comp.hkbu.edu.hk/v1/?page=library@[52, 53, 60, 61, 64, 65, 86, 88, 90, 91, 96, 97, 116, 118, 123, 125, 127, 137, 138, 184, 185, 219, 220, 249, 250, 263, 264, 317, 318, 341, 343, 344, 347, 348, 381, 382, 544, 545, 1262, 1263]@[52, 53, 60, 61, 64, 65, 86, 88, 90, 91, 96, 97, 116, 118, 123, 125, 127, 137, 138, 184, 185, 219, 220, 249, 250, 263, 264, 317, 318, 341, 343, 344, 347, 348, 381, 382, 544, 545, 1262, 1263]
https://www.comp.hkbu.edu.hk/v1/?page=job_vacancies@[34, 35, 42, 43, 58, 61, 95, 96, 103, 104]@[34, 35, 42, 43, 58, 61, 95, 96, 103, 104]
https://www.comp.hkbu.edu.hk/v1/?page=intranet@[33, 34, 41, 42, 57, 60, 94, 95, 102, 103, 108]@[33, 34, 41, 42, 57, 60, 94, 95, 102, 103, 108]
https://www.comp.hkbu.edu.hk/v1/?page=sitemap@[33, 34, 41, 42, 57, 60, 94, 95, 102, 103, 116, 117, 129, 130, 138, 139, 178, 203, 219, 223, 224, 228, 229, 238, 270, 271, 274, 275, 281, 282, 286, 287, 288, 339, 340, 363, 377, 383, 393, 399, 410, 424, 462, 476, 489, 490, 510, 511, 514, 515, 517, 518, 567]@[33, 34, 41, 42, 57, 60, 94, 95, 102, 103, 116, 117, 129, 130, 138, 139, 178, 203, 219, 223, 224, 228, 229, 238, 270, 271, 274, 275, 281, 282, 286, 287, 288, 339, 340, 363, 377, 383, 393, 399, 410, 424, 462, 476, 489, 490, 510, 511, 514, 515, 517, 518, 567]
https://www.comp.hkbu.edu.hk/v1/?page=home@[40, 41, 48, 49, 64, 67, 101, 102, 109, 110, 211]@[40, 41, 48, 49, 64, 67, 101, 102, 109, 110, 211]
https://www.comp.hkbu.edu.hk/v1/?page=about_us@[34, 35, 42, 43, 58, 61, 95, 96, 103, 104, 115, 116, 124, 125]@[34, 35, 42, 43, 58, 61, 95, 96, 103, 104, 115, 116, 124, 125]
https://library.hkbu.edu.hk/happenings/news/service-arrangements-7-sep-2020@[58, 59, 66, 67, 70, 71, 92, 94, 96, 97, 102, 103, 122, 124, 129, 131, 133, 143, 144, 190, 191, 225, 226, 255, 256, 269, 270, 323, 324, 347, 349, 350, 353, 354, 387, 388, 1164, 1165]@[58, 59, 66, 67, 70, 71, 92, 94, 96, 97, 102, 103, 122, 124, 129, 131, 133, 143, 144, 190, 191, 225, 226, 255, 256, 269, 270, 323, 324, 347, 349, 350, 353, 354, 387, 388, 1164, 1165]
https://www.comp.hkbu.edu.hk/v1/?page=people@[33, 34, 41, 42, 57, 60, 94, 95, 102, 103, 111, 112]@[33, 34, 41, 42, 57, 60, 94, 95, 102, 103, 111, 112]
https://www.comp.hkbu.edu.hk/v1/?page=research@[32, 33, 40, 41, 56, 59, 93, 94, 101, 102]@[32, 33, 40, 41, 56, 59, 93, 94, 101, 102]
https://www.comp.hkbu.edu.hk/v1/?page=prospective_students@[34, 35, 42, 43, 58, 61, 95, 96, 103, 104, 127, 152, 153, 156, 157, 161, 162, 166, 167, 168]@[34, 35, 42, 43, 58, 61, 95, 96, 103, 104, 127, 152, 153, 156, 157, 161, 162, 166, 167, 168]
https://www.comp.hkbu.edu.hk/v1/?page=current_students@[34, 35, 42, 43, 58, 61, 95, 96, 103, 104]@[34, 35, 42, 43, 58, 61, 95, 96, 103, 104]
https://www.comp.hkbu.edu.hk/v1/?page=facilities@[33, 34, 41, 42, 57, 60, 94, 95, 102, 103]@[33, 34, 41, 42, 57, 60, 94, 95, 102, 103]
https://www.comp.hkbu.edu.hk/v1/?page=head@[35, 36, 43, 44, 59, 62, 96, 97, 104, 105]@[35, 36, 43, 44, 59, 62, 96, 97, 104, 105]
https://www.hkbu.edu.hk/eng/main/index.jsp@[70, 71, 92, 186, 239, 240, 261]@[70, 71, 92, 186, 239, 240, 261]
https://www.comp.hkbu.edu.hk/v1/?page=whats_new@[34, 35, 42, 43, 58, 61, 95, 96, 103, 104]@[34, 35, 42, 43, 58, 61, 95, 96, 103, 104]
https://www.comp.hkbu.edu.hk/v1/?page=achievements@[34, 35, 42, 43, 58, 61, 95, 96, 103, 104]@[34, 35, 42, 43, 58, 61, 95, 96, 103, 104]
https://www.comp.hkbu.edu.hk/v1/?page=newsletter@[33, 34, 41, 42, 57, 60, 94, 95, 102, 103]@[33, 34, 41, 42, 57, 60, 94, 95, 102, 103]
https://www.comp.hkbu.edu.hk/v1/?page=dept_profile@[33, 34, 41, 42, 57, 60, 94, 95, 102, 103]@[33, 34, 41, 42, 57, 60, 94, 95, 102, 103]
https://www.comp.hkbu.edu.hk/v1/?page=video_introduction@[34, 35, 42, 43, 58, 61, 95, 96, 103, 104]@[34, 35, 42, 43, 58, 61, 95, 96, 103, 104]
https://www.comp.hkbu.edu.hk/v1/?page=contact@[34, 35, 42, 43, 58, 61, 95, 96, 103, 104]@[34, 35, 42, 43, 58, 61, 95, 96, 103, 104]
https://www.comp.hkbu.edu.hk/v1/?page=faculty@[34, 35, 42, 43, 58, 61, 95, 96, 103, 104]@[34, 35, 42, 43, 58, 61, 95, 96, 103, 104]
https://www.comp.hkbu.edu.hk/v1/?page=admin@[34, 35, 42, 43, 58, 61, 95, 96, 103, 104, 112, 113, 218, 220]@[34, 35, 42, 43, 58, 61, 95, 96, 103, 104, 112, 113, 218, 220]
https://www.comp.hkbu.edu.hk/v1/?page=research_staff@[34, 35, 42, 43, 58, 61, 95, 96, 103, 104]@[34, 35, 42, 43, 58, 61, 95, 96, 103, 104]
https://www.comp.hkbu.edu.hk/v1/?page=pg_students@[34, 35, 42, 43, 58, 61, 95, 96, 103, 104]@[34, 35, 42, 43, 58, 61, 95, 96, 103, 104]
https://www.comp.hkbu.edu.hk/v1/?page=research_areas@[33, 34, 41, 42, 57, 60, 94, 95, 102, 103]@[33, 34, 41, 42, 57, 60, 94, 95, 102, 103]
https://www.comp.hkbu.edu.hk/v1/?page=centres@[35, 36, 43, 44, 59, 62, 96, 97, 104, 105]@[35, 36, 43, 44, 59, 62, 96, 97, 104, 105]
https://www.hkbu.edu.hk/eng/about/privacy.jsp@[68, 69, 90, 2220, 2221, 2242]@[68, 69, 90, 2220, 2221, 2242]
https://www.comp.hkbu.edu.hk/v1/?page=funded_projects@[34, 35, 42, 43, 58, 61, 95, 96, 103, 104, 111, 116, 121, 124, 125, 128, 136, 142, 150]@[34, 35, 42, 43, 58, 61, 95, 96, 103, 104, 111, 116, 121, 124, 125, 128, 136, 142, 150]
https://www.comp.hkbu.edu.hk/v1/?page=journal_editorship@[34, 35, 42, 43, 58, 61, 95, 96, 103, 104, 126, 198, 239, 252, 317, 331, 337]@[34, 35, 42, 43, 58, 61, 95, 96, 103, 104, 126, 198, 239, 252, 317, 331, 337]
https://www.comp.hkbu.edu.hk/v1/?page=technical_reports@[34, 35, 42, 43, 58, 61, 95, 96, 103, 104]@[34, 35, 42, 43, 58, 61, 95, 96, 103, 104]
https://www.comp.hkbu.edu.hk/v1/?pid=32@[33, 34, 41, 42, 57, 60, 94, 95, 102, 103, 118, 138, 153, 172, 193, 210, 233, 234, 236, 237, 245, 257, 258, 260, 261, 268, 285, 302, 319, 339, 357, 379, 410, 429, 448]@[33, 34, 41, 42, 57, 60, 94, 95, 102, 103, 118, 138, 153, 172, 193, 210, 233, 234, 236, 237, 245, 257, 258, 260, 261, 268, 285, 302, 319, 339, 357, 379, 410, 429, 448]
https://www.comp.hkbu.edu.hk/v1/?page=4_prospective_stud_ug_prog@[50, 51, 58, 59, 74, 77]@[50, 51, 58, 59, 74, 77]
https://www.comp.hkbu.edu.hk/v1/?page=4_prospective_stud_ug_prog_nj@[47, 48, 55, 56, 71, 74]@[47, 48, 55, 56, 71, 74]
https://www.comp.hkbu.edu.hk/v1/?page=prospective_stud_pg@[33, 34, 41, 42, 57, 60, 94, 95, 102, 103, 111, 112, 115, 116, 120, 121]@[33, 34, 41, 42, 57, 60, 94, 95, 102, 103, 111, 112, 115, 116, 120, 121]
https://www.hkbu.edu.hk/eng/staff/staff.jsp@[67, 68, 89, 178, 179, 200]@[67, 68, 89, 178, 179, 200]
https://www.comp.hkbu.edu.hk/v1/?page=mscais@[28, 29, 32, 33, 46, 47, 54, 55, 65, 66, 180, 181, 184, 185, 198, 199, 205, 206]@[28, 29, 32, 33, 46, 47, 54, 55, 65, 66, 180, 181, 184, 185, 198, 199, 205, 206]
https://www.comp.hkbu.edu.hk/v1/?page=mscitm@[29, 30, 33, 34, 47, 48, 55, 56, 66, 67, 154, 155, 158, 159, 172, 173, 179, 180]@[29, 30, 33, 34, 47, 48, 55, 56, 66, 67, 154, 155, 158, 159, 172, 173, 179, 180]
https://www.comp.hkbu.edu.hk/v1/?page=current_stud_ug@[33, 34, 41, 42, 57, 60, 94, 95, 102, 103, 115, 117, 122, 124, 136, 137, 142, 144, 149, 151, 165, 167, 184, 198, 204, 214, 220, 231, 245, 283]@[33, 34, 41, 42, 57, 60, 94, 95, 102, 103, 115, 117, 122, 124, 136, 137, 142, 144, 149, 151, 165, 167, 184, 198, 204, 214, 220, 231, 245, 283]
https://www.comp.hkbu.edu.hk/v1/?page=current_stud_pg@[33, 34, 41, 42, 57, 60, 94, 95, 102, 103, 117, 130, 131]@[33, 34, 41, 42, 57, 60, 94, 95, 102, 103, 117, 130, 131]
https://www.comp.hkbu.edu.hk/v1/?pid=273@[28, 29, 32, 33, 46, 47, 54, 55, 65, 66, 180, 181, 184, 185, 198, 199, 205, 206]@[28, 29, 32, 33, 46, 47, 54, 55, 65, 66, 180, 181, 184, 185, 198, 199, 205, 206]
https://www.comp.hkbu.edu.hk/v1/?pid=95@[29, 30, 33, 34, 47, 48, 55, 56, 66, 67, 154, 155, 158, 159, 172, 173, 179, 180]@[29, 30, 33, 34, 47, 48, 55, 56, 66, 67, 154, 155, 158, 159, 172, 173, 179, 180]
https://www.comp.hkbu.edu.hk/v1/?pid=128@[33, 34, 41, 42, 57, 60, 94, 95, 102, 103]@[33, 34, 41, 42, 57, 60, 94, 95, 102, 103]
https://aao.hkbu.edu.hk/en/home/index.php@[14, 20]@[14, 20]
https://www.hkbu.edu.hk/eng/visitors/visitors.jsp@[67, 68, 89, 193, 288, 289, 310]@[67, 68, 89, 193, 288, 289, 310]
https://www.comp.hkbu.edu.hk@[40, 41, 48, 49, 64, 67, 101, 102, 109, 110, 217]@[40, 41, 48, 49, 64, 67, 101, 102, 109, 110, 217]
https://www.comp.hkbu.edu.hk/v1/?pid=174@[35, 36, 43, 44, 59, 62, 96, 97, 104, 105]@[35, 36, 43, 44, 59, 62, 96, 97, 104, 105]
https://www.comp.hkbu.edu.hk/v1/?pid=175@[38, 39, 46, 47, 62, 65, 99, 100, 107, 108]@[38, 39, 46, 47, 62, 65, 99, 100, 107, 108]
https://www.comp.hkbu.edu.hk/v1/?page=facilities_teaching@[34, 35, 42, 43, 58, 61, 95, 96, 103, 104]@[34, 35, 42, 43, 58, 61, 95, 96, 103, 104]
https://www.comp.hkbu.edu.hk/msc/itm/en@[29, 30, 33, 34, 47, 48, 55, 56, 66, 67, 154, 155, 158, 159, 172, 173, 179, 180]@[29, 30, 33, 34, 47, 48, 55, 56, 66, 67, 154, 155, 158, 159, 172, 173, 179, 180]
https://www.comp.hkbu.edu.hk/v1/?page=facilities_research@[33, 34, 41, 42, 57, 60, 94, 95, 102, 103]@[33, 34, 41, 42, 57, 60, 94, 95, 102, 103]
https://www.hkbu.edu.hk/eng/media/media1.jsp@[67, 68, 89, 241, 242, 263]@[67, 68, 89, 241, 242, 263]
https://www.comp.hkbu.edu.hk/v1/?page=news@[34, 35, 42, 43, 58, 61, 95, 96, 103, 104]@[34, 35, 42, 43, 58, 61, 95, 96, 103, 104]
https://www.comp.hkbu.edu.hk/v1/?page=awards_and_scholarships@[35, 36, 43, 44, 59, 62, 96, 97, 104, 105]@[35, 36, 43, 44, 59, 62, 96, 97, 104, 105]
https://www.comp.hkbu.edu.hk/v1/?page=events@[33, 34, 41, 42, 57, 60, 94, 95, 102, 103, 108, 109, 112, 113, 115, 116, 135, 165, 359, 741, 900, 3089, 4841, 7868, 7869, 7871, 7872, 7879, 7890, 7891, 7893, 7894, 7902, 7918, 7981, 7997, 8052, 8071, 8093, 8242, 8261, 8287]@[33, 34, 41, 42, 57, 60, 94, 95, 102, 103, 108, 109, 112, 113, 115, 116, 135, 165, 359, 741, 900, 3089, 4841, 7868, 7869, 7871, 7872, 7879, 7890, 7891, 7893, 7894, 7902, 7918, 7981, 7997, 8052, 8071, 8093, 8242, 8261, 8287]
https://www.comp.hkbu.edu.hk/v1/?pid=14@[34, 35, 42, 43, 58, 61, 95, 96, 103, 104]@[34, 35, 42, 43, 58, 61, 95, 96, 103, 104]
https://www.comp.hkbu.edu.hk/v1/?page=highlights@[33, 34, 41, 42, 57, 60, 94, 95, 102, 103, 122, 129, 136, 142]@[33, 34, 41, 42, 57, 60, 94, 95, 102, 103, 122, 129, 136, 142]
https://www.comp.hkbu.edu.hk/v1/?pid=16@[34, 35, 42, 43, 58, 61, 95, 96, 103, 104]@[34, 35, 42, 43, 58, 61, 95, 96, 103, 104]
https://www.comp.hkbu.edu.hk/outreach@[31]@[31]
https://www.comp.hkbu.edu.hk/v1/?pid=77@[33, 34, 41, 42, 57, 60, 94, 95, 102, 103]@[33, 34, 41, 42, 57, 60, 94, 95, 102, 103]
https://www.comp.hkbu.edu.hk/v1/?page=career_wt@[35, 36, 43, 44, 59, 62, 96, 97, 104, 105, 148, 149, 216, 217]@[35, 36, 43, 44, 59, 62, 96, 97, 104, 105, 148, 149, 216, 217]
https://www.comp.hkbu.edu.hk/v1/?page=driving_direction@[34, 35, 42, 43, 58, 61, 95, 96, 103, 104, 169, 170]@[34, 35, 42, 43, 58, 61, 95, 96, 103, 104, 169, 170]
https://buwww.hkbu.edu.hk/eng/main/index.jsp@[0]@[]
https://www.hkorc.org@[6]@[6]
https://www.comp.hkbu.edu.hk/v1/?pid=124@[39, 40, 47, 48, 63, 66, 100, 101, 108, 109]@[39, 40, 47, 48, 63, 66, 100, 101, 108, 109]
https://www.comp.hkbu.edu.hk/v1/?pid=125@[41, 42, 49, 50, 65, 68, 102, 103, 110, 111]@[41, 42, 49, 50, 65, 68, 102, 103, 110, 111]
https://foundation.hkbu.edu.hk/en/user/login@[571]@[571]
https://foundation.hkbu.edu.hk/zh@[533, 534, 535, 536, 537]@[533, 534, 535, 536, 537]
https://www.hkorc.org/?page_id=127@[5]@[5]
https://www.hkorc.org/?page_id=118@[5]@[5]
https://ito.hkbu.edu.hk/index.php/services-2/account-password/#tab-3@[39, 40, 759, 764, 765, 774, 839, 840, 844, 845, 850, 851, 859, 860, 870, 871, 875, 876]@[39, 40, 759, 764, 765, 774, 839, 840, 844, 845, 850, 851, 859, 860, 870, 871, 875, 876]
https://policies.google.com/terms@[8, 9, 25, 26, 41, 42, 90, 91, 337, 339, 341, 3966, 3967]@[8, 9, 25, 26, 41, 42, 90, 91, 337, 339, 341, 3966, 3967]
https://policies.google.com/privacy@[6, 7, 22, 23, 65, 66, 74, 75, 194, 195, 203, 204, 3147, 4153, 4154, 4177, 4182, 4278, 4279, 4586]@[6, 7, 22, 23, 65, 66, 74, 75, 194, 195, 203, 204, 3147, 4153, 4154, 4177, 4182, 4278, 4279, 4586]
https://foundation.hkbu.edu.hk/zh/contact-us@[505, 506, 507, 508, 509]@[505, 506, 507, 508, 509]
https://foundation.hkbu.edu.hk/zh/user/login@[480, 521, 522, 523, 524, 525]@[480, 521, 522, 523, 524, 525]
https://buwww.hkbu.edu.hk/tch/main/index.jsp@[0]@[]
https://www.hkorc.org/?page_id=127?=TW@[5]@[5]
https://www.hkorc.org/?page_id=118?=TW@[5]@[5]
