http://www.comp.hkbu.edu.hk@[179]@[179]
https://www.comp.hkbu.edu.hk/v1/?page=library@[743, 756, 896, 909, 1049, 1062]@[743, 756, 896, 909, 1049, 1062]
https://www.comp.hkbu.edu.hk/v1/?page=video_introduction@[112, 124]@[112, 124]
https://www.hkbu.edu.hk/eng/about/privacy.jsp@[642]@[642]
https://www.comp.hkbu.edu.hk/v1/?page=funded_projects@[440, 1074, 2028, 2076, 2687, 2961, 3248, 3440]@[440, 1074, 2028, 2076, 2687, 2961, 3248, 3440]
https://www.hkbu.edu.hk/eng/visitors/visitors.jsp@[126]@[126]
https://www.comp.hkbu.edu.hk/v1/?pid=174@[122]@[122]
https://www.comp.hkbu.edu.hk/v1/?pid=175@[128]@[128]
https://www.hkbu.edu.hk/eng/media/media1.jsp@[164]@[164]
https://www.comp.hkbu.edu.hk/v1/?page=events@[428, 956, 1220, 1275, 1529, 1814, 2211, 2525, 2729, 2791, 4400, 4563, 4910, 5031, 5143, 7115, 7474, 7683, 8100]@[428, 956, 1220, 1275, 1529, 1814, 2211, 2525, 2729, 2791, 4400, 4563, 4910, 5031, 5143, 7115, 7474, 7683, 8100]
https://www.comp.hkbu.edu.hk/v1/?pid=14@[112, 124]@[112, 124]
https://www.comp.hkbu.edu.hk/v1/?page=highlights@[556, 777, 812, 1026, 1120, 1141, 1150, 1332, 1845, 1886]@[556, 777, 812, 1026, 1120, 1141, 1150, 1332, 1845, 1886]
https://foundation.hkbu.edu.hk/en@[606, 882, 1180]@[606, 882, 1180]
https://ito.hkbu.edu.hk/index.php/services-2/account-password/#tab-3@[124, 212, 271, 298, 597, 629, 821]@[124, 212, 271, 298, 597, 629, 821]
https://policies.google.com/terms@[647, 758, 1853, 1876, 1878, 2966, 3002, 3686, 3726, 3738, 3769, 3827, 3895, 3946, 4029]@[647, 758, 1853, 1876, 1878, 2966, 3002, 3686, 3726, 3738, 3769, 3827, 3895, 3946, 4029]
https://policies.google.com/privacy@[332, 628, 806, 824, 1526, 1605, 1769, 1779, 1983, 2062, 2127, 2847, 2968, 4333, 4336, 4400, 4422, 4699, 4712, 4752, 4820, 4837, 5648, 6107, 6478, 6612, 6646, 7046, 7320, 7330, 7457]@[332, 628, 806, 824, 1526, 1605, 1769, 1779, 1983, 2062, 2127, 2847, 2968, 4333, 4336, 4400, 4422, 4699, 4712, 4752, 4820, 4837, 5648, 6107, 6478, 6612, 6646, 7046, 7320, 7330, 7457]
