http://www.comp.hkbu.edu.hk@[2443, 3353, 3439, 3502, 3577, 3659, 3725, 3858, 4279, 4891, 4904, 5094, 5663, 6111, 6410, 6621]@{}
http://www.comp.hkbu.edu.hk/v1/?page=job_vacancies?=tc@[2443, 3359, 3445, 3508, 3583, 3665, 3731, 3864, 4285, 4887, 4900, 5090, 5659, 6107, 6389, 6600]@{}
http://www.comp.hkbu.edu.hk/v1/?page=job_vacancies?=sc@[2443, 3359, 3445, 3508, 3583, 3665, 3731, 3864, 4285, 4887, 4900, 5090, 5659, 6107, 6400, 6611]@{}
http://www.comp.hkbu.edu.hk/v1/?page=sitemap?=tc@[2443, 3359, 3445, 3508, 3583, 3665, 3731, 3864, 4284, 4883, 4896, 5086, 5655, 6103, 6392, 6603]@{}
http://www.comp.hkbu.edu.hk/v1/?page=sitemap?=sc@[2443, 3359, 3445, 3508, 3583, 3665, 3731, 3864, 4284, 4882, 4895, 5085, 5654, 6102, 6399, 6610]@{}
http://www.comp.hkbu.edu.hk/v1/?lang=sc@[2443, 3353, 3439, 3502, 3577, 3659, 3725, 3858, 4279, 4878, 4891, 5081, 5650, 6098, 6391, 6602]@{}
http://www.comp.hkbu.edu.hk/~alumni/news/../news/@[55, 95, 141, 171, 583, 768, 839, 916, 1063, 1113, 1201, 1283, 1358, 1409, 1487, 1538, 1619, 1676, 1755, 1808, 1863, 1921, 1978, 2052, 2137, 2194, 2273, 2322, 2412, 2467, 2541, 2599, 2653, 2741, 2821, 2906, 3005, 3130, 3205, 3296, 3385, 3487, 3577, 3661, 3753, 3853, 3960, 4072, 4182, 4311, 4403, 4493, 4555, 4621, 4685, 4762, 4847, 4929]@{}
http://www.comp.hkbu.edu.hk/~alumni/news/../scholarship/@[55, 95, 141, 171, 583, 610, 777]@{}
http://www.comp.hkbu.edu.hk/~alumni/news/../donation/@[55, 95, 141, 171, 583, 637]@{}
http://www.comp.hkbu.edu.hk/v1/?page=job_vacancies?=tc?=tc@[2443, 3361, 3447, 3510, 3585, 3667, 3733, 3866, 4286, 4884, 4897, 5087, 5656, 6104, 6398, 6609]@{}
http://www.comp.hkbu.edu.hk/v1/?page=job_vacancies?=sc?=tc@[2443, 3361, 3447, 3510, 3585, 3667, 3733, 3866, 4286, 4894, 4907, 5097, 5666, 6114, 6417, 6628]@{}
http://www.comp.hkbu.edu.hk/v1/?page=sitemap?=tc?=tc@[2443, 3361, 3447, 3510, 3585, 3667, 3733, 3866, 4286, 4884, 4897, 5087, 5656, 6104, 6394, 6605]@{}
http://www.comp.hkbu.edu.hk/v1/?page=sitemap?=sc?=tc@[2443, 3361, 3447, 3510, 3585, 3667, 3733, 3866, 4286, 4898, 4911, 5101, 5670, 6118, 6411, 6622]@{}
http://www.comp.hkbu.edu.hk/v1/?page=home@[2443, 3357, 3443, 3506, 3581, 3663, 3729, 3862, 4282, 4876, 4889, 5079, 5648, 6096, 6387, 6598]@{}
http://www.comp.hkbu.edu.hk/~alumni/news/../news/../news/@[55, 95, 141, 171, 583, 768, 839, 916, 1063, 1113, 1201, 1283, 1358, 1409, 1487, 1538, 1619, 1676, 1755, 1808, 1863, 1921, 1978, 2052, 2137, 2194, 2273, 2322, 2412, 2467, 2541, 2599, 2653, 2741, 2821, 2906, 3005, 3130, 3205, 3296, 3385, 3487, 3577, 3661, 3753, 3853, 3960, 4072, 4182, 4311, 4403, 4493, 4555, 4621, 4685, 4762, 4847, 4929]@{}
http://www.comp.hkbu.edu.hk/~alumni/news/../scholarship/../news/@[55, 95, 141, 171, 583, 768, 839, 916, 1063, 1113, 1201, 1283, 1358, 1409, 1487, 1538, 1619, 1676, 1755, 1808, 1863, 1921, 1978, 2052, 2137, 2194, 2273, 2322, 2412, 2467, 2541, 2599, 2653, 2741, 2821, 2906, 3005, 3130, 3205, 3296, 3385, 3487, 3577, 3661, 3753, 3853, 3960, 4072, 4182, 4311, 4403, 4493, 4555, 4621, 4685, 4762, 4847, 4929]@{}
http://www.comp.hkbu.edu.hk/~alumni/news/../donation/../news/@[55, 95, 141, 171, 583, 768, 839, 916, 1063, 1113, 1201, 1283, 1358, 1409, 1487, 1538, 1619, 1676, 1755, 1808, 1863, 1921, 1978, 2052, 2137, 2194, 2273, 2322, 2412, 2467, 2541, 2599, 2653, 2741, 2821, 2906, 3005, 3130, 3205, 3296, 3385, 3487, 3577, 3661, 3753, 3853, 3960, 4072, 4182, 4311, 4403, 4493, 4555, 4621, 4685, 4762, 4847, 4929]@{}
http://www.comp.hkbu.edu.hk/v1/?page=job_vacancies?=tc?=tc?=tc@[2443, 3363, 3449, 3512, 3587, 3669, 3735, 3868, 4289, 4898, 4911, 5101, 5670, 6118, 6414, 6625]@{}
http://www.comp.hkbu.edu.hk/v1/?page=job_vacancies?=sc?=tc?=tc@[2443, 3363, 3449, 3512, 3587, 3669, 3735, 3868, 4288, 4882, 4895, 5085, 5654, 6102, 6399, 6610]@{}
http://www.comp.hkbu.edu.hk/v1/?page=sitemap?=tc?=tc?=tc@[2443, 3363, 3449, 3512, 3587, 3669, 3735, 3868, 4289, 4888, 4901, 5091, 5660, 6108, 6406, 6617]@{}
http://www.comp.hkbu.edu.hk/v1/?page=sitemap?=sc?=tc?=tc@[2443, 3363, 3449, 3512, 3587, 3669, 3735, 3868, 4289, 4891, 4904, 5094, 5663, 6111, 6407, 6618]@{}
http://www.comp.hkbu.edu.hk/v1/?page=home?=tc@[2443, 3359, 3445, 3508, 3583, 3665, 3731, 3864, 4284, 4886, 4899, 5089, 5658, 6106, 6403, 6614]@{}
http://www.comp.hkbu.edu.hk/~alumni/news/../news/../news/../news/@[55, 95, 141, 171, 583, 768, 839, 916, 1063, 1113, 1201, 1283, 1358, 1409, 1487, 1538, 1619, 1676, 1755, 1808, 1863, 1921, 1978, 2052, 2137, 2194, 2273, 2322, 2412, 2467, 2541, 2599, 2653, 2741, 2821, 2906, 3005, 3130, 3205, 3296, 3385, 3487, 3577, 3661, 3753, 3853, 3960, 4072, 4182, 4311, 4403, 4493, 4555, 4621, 4685, 4762, 4847, 4929]@{}
http://www.comp.hkbu.edu.hk/~alumni/news/../scholarship/../news/../news/@[55, 95, 141, 171, 583, 768, 839, 916, 1063, 1113, 1201, 1283, 1358, 1409, 1487, 1538, 1619, 1676, 1755, 1808, 1863, 1921, 1978, 2052, 2137, 2194, 2273, 2322, 2412, 2467, 2541, 2599, 2653, 2741, 2821, 2906, 3005, 3130, 3205, 3296, 3385, 3487, 3577, 3661, 3753, 3853, 3960, 4072, 4182, 4311, 4403, 4493, 4555, 4621, 4685, 4762, 4847, 4929]@{}
http://www.comp.hkbu.edu.hk/~alumni/news/../donation/../news/../news/@[55, 95, 141, 171, 583, 768, 839, 916, 1063, 1113, 1201, 1283, 1358, 1409, 1487, 1538, 1619, 1676, 1755, 1808, 1863, 1921, 1978, 2052, 2137, 2194, 2273, 2322, 2412, 2467, 2541, 2599, 2653, 2741, 2821, 2906, 3005, 3130, 3205, 3296, 3385, 3487, 3577, 3661, 3753, 3853, 3960, 4072, 4182, 4311, 4403, 4493, 4555, 4621, 4685, 4762, 4847, 4929]@{}
http://www.comp.hkbu.edu.hk/v1/?page=job_vacancies?=tc?=tc?=tc?=tc@[2443, 3365, 3451, 3514, 3589, 3671, 3737, 3870, 4291, 4899, 4912, 5102, 5671, 6119, 6411, 6622]@{}
http://www.comp.hkbu.edu.hk/v1/?page=job_vacancies?=sc?=tc?=tc?=tc@[2443, 3365, 3451, 3514, 3589, 3671, 3737, 3870, 4291, 4900, 4913, 5103, 5672, 6120, 6404, 6615]@{}
http://www.comp.hkbu.edu.hk/v1/?page=sitemap?=tc?=tc?=tc?=tc@[2443, 3365, 3451, 3514, 3589, 3671, 3737, 3870, 4290, 4888, 4901, 5091, 5660, 6108, 6405, 6616]@{}
http://www.comp.hkbu.edu.hk/v1/?page=sitemap?=sc?=tc?=tc?=tc@[2443, 3365, 3451, 3514, 3589, 3671, 3737, 3870, 4290, 4899, 4912, 5102, 5671, 6119, 6416, 6627]@{}
http://www.comp.hkbu.edu.hk/v1/?page=home?=tc?=tc@[2443, 3361, 3447, 3510, 3585, 3667, 3733, 3866, 4286, 4888, 4901, 5091, 5660, 6108, 6409, 6620]@{}
http://www.comp.hkbu.edu.hk/~alumni/news/../news/../news/../news/../news/@[55, 95, 141, 171, 583, 768, 839, 916, 1063, 1113, 1201, 1283, 1358, 1409, 1487, 1538, 1619, 1676, 1755, 1808, 1863, 1921, 1978, 2052, 2137, 2194, 2273, 2322, 2412, 2467, 2541, 2599, 2653, 2741, 2821, 2906, 3005, 3130, 3205, 3296, 3385, 3487, 3577, 3661, 3753, 3853, 3960, 4072, 4182, 4311, 4403, 4493, 4555, 4621, 4685, 4762, 4847, 4929]@{}
http://www.comp.hkbu.edu.hk/v1/?page=alumni@[60, 72, 114]@{}
http://www.comp.hkbu.edu.hk/~alumni/news/../scholarship/../news/../news/../news/@[55, 95, 141, 171, 583, 768, 839, 916, 1063, 1113, 1201, 1283, 1358, 1409, 1487, 1538, 1619, 1676, 1755, 1808, 1863, 1921, 1978, 2052, 2137, 2194, 2273, 2322, 2412, 2467, 2541, 2599, 2653, 2741, 2821, 2906, 3005, 3130, 3205, 3296, 3385, 3487, 3577, 3661, 3753, 3853, 3960, 4072, 4182, 4311, 4403, 4493, 4555, 4621, 4685, 4762, 4847, 4929]@{}
http://www.comp.hkbu.edu.hk/~alumni/news/../donation/../news/../news/../news/@[55, 95, 141, 171, 583, 768, 839, 916, 1063, 1113, 1201, 1283, 1358, 1409, 1487, 1538, 1619, 1676, 1755, 1808, 1863, 1921, 1978, 2052, 2137, 2194, 2273, 2322, 2412, 2467, 2541, 2599, 2653, 2741, 2821, 2906, 3005, 3130, 3205, 3296, 3385, 3487, 3577, 3661, 3753, 3853, 3960, 4072, 4182, 4311, 4403, 4493, 4555, 4621, 4685, 4762, 4847, 4929]@{}
http://www.comp.hkbu.edu.hk/v1/?page=job_vacancies?=tc?=tc?=tc?=tc?=tc@[2443, 3367, 3453, 3516, 3591, 3673, 3739, 3872, 4293, 4902, 4915, 5105, 5674, 6122, 6413, 6624]@{}
http://www.comp.hkbu.edu.hk/v1/?page=job_vacancies?=sc?=tc?=tc?=tc?=tc@[2443, 3367, 3453, 3516, 3591, 3673, 3739, 3872, 4292, 4887, 4900, 5090, 5659, 6107, 6409, 6620]@{}
http://www.comp.hkbu.edu.hk/v1/?page=sitemap?=tc?=tc?=tc?=tc?=tc@[2443, 3367, 3453, 3516, 3591, 3673, 3739, 3872, 4293, 4895, 4908, 5098, 5667, 6115, 6409, 6620]@{}
http://www.comp.hkbu.edu.hk/v1/?page=sitemap?=sc?=tc?=tc?=tc?=tc@[2443, 3367, 3453, 3516, 3591, 3673, 3739, 3872, 4292, 4901, 4914, 5104, 5673, 6121, 6417, 6628]@{}
http://www.comp.hkbu.edu.hk/v1/?page=home?=tc?=tc?=tc@[2443, 3363, 3449, 3512, 3587, 3669, 3735, 3868, 4288, 4886, 4899, 5089, 5658, 6106, 6407, 6618]@{}
http://www.comp.hkbu.edu.hk/~alumni/news/../news/../news/../news/../news/../news/@[55, 95, 141, 171, 583, 768, 839, 916, 1063, 1113, 1201, 1283, 1358, 1409, 1487, 1538, 1619, 1676, 1755, 1808, 1863, 1921, 1978, 2052, 2137, 2194, 2273, 2322, 2412, 2467, 2541, 2599, 2653, 2741, 2821, 2906, 3005, 3130, 3205, 3296, 3385, 3487, 3577, 3661, 3753, 3853, 3960, 4072, 4182, 4311, 4403, 4493, 4555, 4621, 4685, 4762, 4847, 4929]@{}
http://www.comp.hkbu.edu.hk/~alumni/news/../scholarship/../news/../news/../news/../news/@[55, 95, 141, 171, 583, 768, 839, 916, 1063, 1113, 1201, 1283, 1358, 1409, 1487, 1538, 1619, 1676, 1755, 1808, 1863, 1921, 1978, 2052, 2137, 2194, 2273, 2322, 2412, 2467, 2541, 2599, 2653, 2741, 2821, 2906, 3005, 3130, 3205, 3296, 3385, 3487, 3577, 3661, 3753, 3853, 3960, 4072, 4182, 4311, 4403, 4493, 4555, 4621, 4685, 4762, 4847, 4929]@{}
http://www.comp.hkbu.edu.hk/~alumni/news/../donation/../news/../news/../news/../news/@[55, 95, 141, 171, 583, 768, 839, 916, 1063, 1113, 1201, 1283, 1358, 1409, 1487, 1538, 1619, 1676, 1755, 1808, 1863, 1921, 1978, 2052, 2137, 2194, 2273, 2322, 2412, 2467, 2541, 2599, 2653, 2741, 2821, 2906, 3005, 3130, 3205, 3296, 3385, 3487, 3577, 3661, 3753, 3853, 3960, 4072, 4182, 4311, 4403, 4493, 4555, 4621, 4685, 4762, 4847, 4929]@{}
http://www.comp.hkbu.edu.hk/v1/?page=job_vacancies@[1991, 2905, 2991, 3054, 3129, 3211, 3277, 3410, 3831]@{}
http://www.comp.hkbu.edu.hk/v1/?page=job_vacancies?=tc?=tc?=tc?=tc?=tc?=tc@[2443, 3369, 3455, 3518, 3593, 3675, 3741, 3874, 4295, 4890, 4903, 5093, 5662, 6110, 6407, 6618]@{}
http://www.comp.hkbu.edu.hk/v1/?page=job_vacancies?=sc?=tc?=tc?=tc?=tc?=tc@[2443, 3369, 3455, 3518, 3593, 3675, 3741, 3874, 4294, 4889, 4902, 5092, 5661, 6109, 6415, 6626]@{}
http://www.comp.hkbu.edu.hk/v1/?page=sitemap?=tc?=tc?=tc?=tc?=tc?=tc@[2443, 3369, 3455, 3518, 3593, 3675, 3741, 3874, 4294, 4893, 4906, 5096, 5665, 6113, 6404, 6615]@{}
http://www.comp.hkbu.edu.hk/v1/?page=sitemap?=sc?=tc?=tc?=tc?=tc?=tc@[2443, 3369, 3455, 3518, 3593, 3675, 3741, 3874, 4295, 4911, 4924, 5114, 5683, 6131, 6423, 6634]@{}
http://www.comp.hkbu.edu.hk/v1/?page=home?=tc?=tc?=tc?=tc@[2443, 3365, 3451, 3514, 3589, 3671, 3737, 3870, 4291, 4892, 4905, 5095, 5664, 6112, 6405, 6616]@{}
http://www.comp.hkbu.edu.hk/~alumni/news/../news/../news/../news/../news/../news/../news/@[55, 95, 141, 171, 583, 768, 839, 916, 1063, 1113, 1201, 1283, 1358, 1409, 1487, 1538, 1619, 1676, 1755, 1808, 1863, 1921, 1978, 2052, 2137, 2194, 2273, 2322, 2412, 2467, 2541, 2599, 2653, 2741, 2821, 2906, 3005, 3130, 3205, 3296, 3385, 3487, 3577, 3661, 3753, 3853, 3960, 4072, 4182, 4311, 4403, 4493, 4555, 4621, 4685, 4762, 4847, 4929]@{}
http://www.comp.hkbu.edu.hk/~alumni/news/../scholarship/../news/../news/../news/../news/../news/@[55, 95, 141, 171, 583, 768, 839, 916, 1063, 1113, 1201, 1283, 1358, 1409, 1487, 1538, 1619, 1676, 1755, 1808, 1863, 1921, 1978, 2052, 2137, 2194, 2273, 2322, 2412, 2467, 2541, 2599, 2653, 2741, 2821, 2906, 3005, 3130, 3205, 3296, 3385, 3487, 3577, 3661, 3753, 3853, 3960, 4072, 4182, 4311, 4403, 4493, 4555, 4621, 4685, 4762, 4847, 4929]@{}
http://www.comp.hkbu.edu.hk/~alumni/news/../donation/../news/../news/../news/../news/../news/@[55, 95, 141, 171, 583, 768, 839, 916, 1063, 1113, 1201, 1283, 1358, 1409, 1487, 1538, 1619, 1676, 1755, 1808, 1863, 1921, 1978, 2052, 2137, 2194, 2273, 2322, 2412, 2467, 2541, 2599, 2653, 2741, 2821, 2906, 3005, 3130, 3205, 3296, 3385, 3487, 3577, 3661, 3753, 3853, 3960, 4072, 4182, 4311, 4403, 4493, 4555, 4621, 4685, 4762, 4847, 4929]@{}
http://www.comp.hkbu.edu.hk/v1/?page=job_vacancies?=tc?=tc?=tc?=tc?=tc?=tc?=tc@[2443, 3371, 3457, 3520, 3595, 3677, 3743, 3876, 4297, 4894, 4907, 5097, 5666, 6114, 6403, 6614]@{}
http://www.comp.hkbu.edu.hk/v1/?page=job_vacancies?=sc?=tc?=tc?=tc?=tc?=tc?=tc@[2443, 3371, 3457, 3520, 3595, 3677, 3743, 3876, 4297, 4891, 4904, 5094, 5663, 6111, 6403, 6614]@{}
http://www.comp.hkbu.edu.hk/v1/?page=sitemap?=tc?=tc?=tc?=tc?=tc?=tc?=tc@[2443, 3371, 3457, 3520, 3595, 3677, 3743, 3876, 4296, 4893, 4906, 5096, 5665, 6113, 6400, 6611]@{}
http://www.comp.hkbu.edu.hk/v1/?page=sitemap?=sc?=tc?=tc?=tc?=tc?=tc?=tc@[2443, 3371, 3457, 3520, 3595, 3677, 3743, 3876, 4296, 4895, 4908, 5098, 5667, 6115, 6415, 6626]@{}
http://www.comp.hkbu.edu.hk/v1/?page=home?=tc?=tc?=tc?=tc?=tc@[2443, 3367, 3453, 3516, 3591, 3673, 3739, 3872, 4293, 4895, 4908, 5098, 5667, 6115, 6409, 6620]@{}
http://www.comp.hkbu.edu.hk/~alumni/news/../news/../news/../news/../news/../news/../news/../news/@[55, 95, 141, 171, 583, 768, 839, 916, 1063, 1113, 1201, 1283, 1358, 1409, 1487, 1538, 1619, 1676, 1755, 1808, 1863, 1921, 1978, 2052, 2137, 2194, 2273, 2322, 2412, 2467, 2541, 2599, 2653, 2741, 2821, 2906, 3005, 3130, 3205, 3296, 3385, 3487, 3577, 3661, 3753, 3853, 3960, 4072, 4182, 4311, 4403, 4493, 4555, 4621, 4685, 4762, 4847, 4929]@{}
http://www.comp.hkbu.edu.hk/~alumni/news/../scholarship/../news/../news/../news/../news/../news/../news/@[55, 95, 141, 171, 583, 768, 839, 916, 1063, 1113, 1201, 1283, 1358, 1409, 1487, 1538, 1619, 1676, 1755, 1808, 1863, 1921, 1978, 2052, 2137, 2194, 2273, 2322, 2412, 2467, 2541, 2599, 2653, 2741, 2821, 2906, 3005, 3130, 3205, 3296, 3385, 3487, 3577, 3661, 3753, 3853, 3960, 4072, 4182, 4311, 4403, 4493, 4555, 4621, 4685, 4762, 4847, 4929]@{}
http://www.comp.hkbu.edu.hk/~alumni/news/../donation/../news/../news/../news/../news/../news/../news/@[55, 95, 141, 171, 583, 768, 839, 916, 1063, 1113, 1201, 1283, 1358, 1409, 1487, 1538, 1619, 1676, 1755, 1808, 1863, 1921, 1978, 2052, 2137, 2194, 2273, 2322, 2412, 2467, 2541, 2599, 2653, 2741, 2821, 2906, 3005, 3130, 3205, 3296, 3385, 3487, 3577, 3661, 3753, 3853, 3960, 4072, 4182, 4311, 4403, 4493, 4555, 4621, 4685, 4762, 4847, 4929]@{}
http://www.comp.hkbu.edu.hk/v1/?page=job_vacancies?=tc?=tc?=tc?=tc?=tc?=tc?=tc?=tc@[2443, 3373, 3459, 3522, 3597, 3679, 3745, 3878, 4299, 4910, 4923, 5113, 5682, 6130, 6423, 6634]@{}
http://www.comp.hkbu.edu.hk/v1/?page=job_vacancies?=sc?=tc?=tc?=tc?=tc?=tc?=tc?=tc@[2443, 3373, 3459, 3522, 3597, 3679, 3745, 3878, 4299, 4894, 4907, 5097, 5666, 6114, 6419, 6630]@{}
http://www.comp.hkbu.edu.hk/v1/?page=sitemap?=tc?=tc?=tc?=tc?=tc?=tc?=tc?=tc@[2443, 3373, 3459, 3522, 3597, 3679, 3745, 3878, 4299, 4897, 4910, 5100, 5669, 6117, 6404, 6615]@{}
http://www.comp.hkbu.edu.hk/v1/?page=sitemap?=sc?=tc?=tc?=tc?=tc?=tc?=tc?=tc@[2443, 3373, 3459, 3522, 3597, 3679, 3745, 3878, 4299, 4911, 4924, 5114, 5683, 6131, 6430, 6641]@{}
http://www.comp.hkbu.edu.hk/v1/?page=sitemap@[1989, 2903, 2989, 3052, 3127, 3209, 3275, 3408, 3828]@{}
http://www.comp.hkbu.edu.hk/v1/?page=home?=tc?=tc?=tc?=tc?=tc?=tc@[2443, 3369, 3455, 3518, 3593, 3675, 3741, 3874, 4294, 4896, 4909, 5099, 5668, 6116, 6416, 6627]@{}
http://www.comp.hkbu.edu.hk/~alumni/news/../news/../news/../news/../news/../news/../news/../news/../news/@[55, 95, 141, 171, 583, 768, 839, 916, 1063, 1113, 1201, 1283, 1358, 1409, 1487, 1538, 1619, 1676, 1755, 1808, 1863, 1921, 1978, 2052, 2137, 2194, 2273, 2322, 2412, 2467, 2541, 2599, 2653, 2741, 2821, 2906, 3005, 3130, 3205, 3296, 3385, 3487, 3577, 3661, 3753, 3853, 3960, 4072, 4182, 4311, 4403, 4493, 4555, 4621, 4685, 4762, 4847, 4929]@{}
http://www.comp.hkbu.edu.hk/~alumni/news/../scholarship/../news/../news/../news/../news/../news/../news/../news/@[55, 95, 141, 171, 583, 768, 839, 916, 1063, 1113, 1201, 1283, 1358, 1409, 1487, 1538, 1619, 1676, 1755, 1808, 1863, 1921, 1978, 2052, 2137, 2194, 2273, 2322, 2412, 2467, 2541, 2599, 2653, 2741, 2821, 2906, 3005, 3130, 3205, 3296, 3385, 3487, 3577, 3661, 3753, 3853, 3960, 4072, 4182, 4311, 4403, 4493, 4555, 4621, 4685, 4762, 4847, 4929]@{}
http://www.comp.hkbu.edu.hk/~alumni/news/../donation/../news/../news/../news/../news/../news/../news/../news/@[55, 95, 141, 171, 583, 768, 839, 916, 1063, 1113, 1201, 1283, 1358, 1409, 1487, 1538, 1619, 1676, 1755, 1808, 1863, 1921, 1978, 2052, 2137, 2194, 2273, 2322, 2412, 2467, 2541, 2599, 2653, 2741, 2821, 2906, 3005, 3130, 3205, 3296, 3385, 3487, 3577, 3661, 3753, 3853, 3960, 4072, 4182, 4311, 4403, 4493, 4555, 4621, 4685, 4762, 4847, 4929]@{}
http://www.comp.hkbu.edu.hk/v1/?page=job_vacancies?=tc?=tc?=tc?=tc?=tc?=tc?=tc?=tc?=tc@[2443, 3375, 3461, 3524, 3599, 3681, 3747, 3880, 4301, 4910, 4923, 5113, 5682, 6130, 6422, 6633]@{}
http://www.comp.hkbu.edu.hk/v1/?page=job_vacancies?=sc?=tc?=tc?=tc?=tc?=tc?=tc?=tc?=tc@[2443, 3375, 3461, 3524, 3599, 3681, 3747, 3880, 4301, 4909, 4922, 5112, 5681, 6129, 6426, 6637]@{}
http://www.comp.hkbu.edu.hk/v1/?page=sitemap?=tc?=tc?=tc?=tc?=tc?=tc?=tc?=tc?=tc@[2443, 3375, 3461, 3524, 3599, 3681, 3747, 3880, 4300, 4894, 4907, 5097, 5666, 6114, 6404, 6615]@{}
http://www.comp.hkbu.edu.hk/v1/?page=sitemap?=sc?=tc?=tc?=tc?=tc?=tc?=tc?=tc?=tc@[2443, 3375, 3461, 3524, 3599, 3681, 3747, 3880, 4300, 4912, 4925, 5115, 5684, 6132, 6428, 6639]@{}
http://www.comp.hkbu.edu.hk/v1/?lang=tc@[2443, 3353, 3439, 3502, 3577, 3659, 3725, 3858, 4278, 4894, 4907, 5097, 5666, 6114, 6416, 6627]@{}
http://www.comp.hkbu.edu.hk/~alumni/news/@[55, 95, 141, 171, 583, 768, 839, 916, 1063, 1113, 1201, 1283, 1358, 1409, 1487, 1538, 1619, 1676, 1755, 1808, 1863, 1921, 1978, 2052, 2137, 2194, 2273, 2322, 2412, 2467, 2541, 2599, 2653, 2741, 2821, 2906, 3005, 3130, 3205, 3296, 3385, 3487, 3577, 3661, 3753, 3853, 3960, 4072, 4182, 4311, 4403, 4493, 4555, 4621, 4685, 4762, 4847, 4929]@{}
http://www.sci.hkbu.edu.hk/eng/page/@[2478, 2552]@{}
