http://www.comp.hkbu.edu.hk@[636, 913, 918, 922, 927, 943, 946, 948, 963, 965, 968, 970, 985, 987, 989, 992, 994, 996, 999, 1001, 1003, 1020, 1022, 1024, 1026, 1029, 1031, 1033, 1035, 1038, 1040, 1042, 1044, 1047, 1049, 1051, 1053, 1069, 1074, 1078, 1093, 1112, 1117, 1122, 1138, 1161, 1167, 1172, 1181, 1206, 1212, 1217, 1227, 1251, 1256, 1261, 1832, 2991, 3040, 3041, 3091, 3092, 3141, 3142, 3188, 3189, 3236, 3237, 3284, 3285, 3334, 4617, 4659, 4695, 4731, 4765, 4796, 5795, 5807, 5812, 5837, 5842, 5851]@{}
http://www.comp.hkbu.edu.hk/v1/?page=sci@[933, 1038, 1039, 1049, 1050, 1051, 1052, 1061, 1062, 1063, 1064, 1073, 1083, 1096, 1097, 1110, 1111, 1124, 1214, 1236, 1248, 1249, 1262, 1263, 1275, 1286, 1287, 1302, 1303, 1324, 1325, 1338, 1340, 1341, 1352, 1353, 1361, 1363, 1364, 1385, 1397, 1398, 1410, 1411, 1428, 1429, 1442, 1443, 1455, 1457, 1458, 1479, 1490, 1498, 1499, 1507, 1509, 1510, 1522, 1523, 1533, 1535, 1536, 1556, 1569, 1570, 1577, 1578, 1588, 1599, 1600, 1607, 1608, 1615, 1617, 1618, 1628, 1640, 1641, 1650, 1651, 1660, 1662, 1664, 1665, 1686, 1696, 1697, 1703, 1704, 1718, 1719, 1730, 1731, 1738, 1740, 1741, 1764, 1765, 1792, 1793, 1820, 1821, 1852, 1853, 1911, 1912, 1949, 1957, 1958, 1965, 1966, 1973, 1975, 1976, 2000, 2001, 2029, 2030, 2058, 2556, 2592, 2593, 2621, 2622, 2650, 2651, 2679, 2680, 2708, 3060, 3133, 3134, 3206, 3207, 3281, 3282, 3353, 3354, 3428, 3429, 3495, 3496, 3569, 3570, 3639, 3640, 3712, 3713, 3793, 5408, 5411, 5412, 5417, 5421, 5425, 5428, 5434, 5438, 5441, 5442, 5447, 5451, 5455, 5458, 5464, 5468, 5471, 5472, 5477, 5481, 5485, 5488, 5494, 5498, 5501, 5502, 5507, 5511, 5515, 5518, 5524, 5528, 5531, 5532, 5537, 5541, 5545, 5548, 5554, 5571, 5577, 5600, 5606, 5625, 5631, 5650, 5656, 5675, 5681, 5690, 5703, 5712, 5721, 5730, 5760, 5763, 5766, 5769, 5772, 5782, 5785, 5788, 5791, 5794, 7903, 7944, 7945, 7961, 7962, 7969, 7970, 7985, 7986, 8001, 8002, 8074, 8083, 8113]@{}
http://www.comp.hkbu.edu.hk/v1/?page=job_vacancies?=tc@[636, 913, 918, 922, 927, 943, 946, 948, 963, 965, 968, 970, 985, 987, 989, 992, 994, 996, 999, 1001, 1003, 1020, 1022, 1024, 1026, 1029, 1031, 1033, 1035, 1038, 1040, 1042, 1044, 1047, 1049, 1051, 1053, 1069, 1074, 1078, 1093, 1112, 1117, 1122, 1138, 1161, 1167, 1172, 1181, 1206, 1212, 1217, 1227, 1251, 1256, 1261, 1832, 2997, 3046, 3047, 3097, 3098, 3147, 3148, 3194, 3195, 3242, 3243, 3290, 3291, 3340, 4623, 4651, 4691, 4727, 4761, 4792, 5791, 5803, 5808, 5833, 5838, 5847, 6345]@{}
http://www.comp.hkbu.edu.hk/v1/?page=job_vacancies?=sc@[636, 913, 918, 922, 927, 943, 946, 948, 963, 965, 968, 970, 985, 987, 989, 992, 994, 996, 999, 1001, 1003, 1020, 1022, 1024, 1026, 1029, 1031, 1033, 1035, 1038, 1040, 1042, 1044, 1047, 1049, 1051, 1053, 1069, 1074, 1078, 1093, 1112, 1117, 1122, 1138, 1161, 1167, 1172, 1181, 1206, 1212, 1217, 1227, 1251, 1256, 1261, 1832, 2997, 3046, 3047, 3097, 3098, 3147, 3148, 3194, 3195, 3242, 3243, 3290, 3291, 3340, 4623, 4655, 4691, 4727, 4761, 4792, 5791, 5803, 5808, 5833, 5838, 5847]@{}
http://www.comp.hkbu.edu.hk/v1/?page=sitemap?=tc@[636, 913, 918, 922, 927, 943, 946, 948, 963, 965, 968, 970, 985, 987, 989, 992, 994, 996, 999, 1001, 1003, 1020, 1022, 1024, 1026, 1029, 1031, 1033, 1035, 1038, 1040, 1042, 1044, 1047, 1049, 1051, 1053, 1069, 1074, 1078, 1093, 1112, 1117, 1122, 1138, 1161, 1167, 1172, 1181, 1206, 1212, 1217, 1227, 1251, 1256, 1261, 1832, 2997, 3046, 3047, 3097, 3098, 3147, 3148, 3194, 3195, 3242, 3243, 3290, 3291, 3340, 4622, 4654, 4687, 4723, 4757, 4788, 5787, 5799, 5804, 5829, 5834, 5843, 6348]@{}
http://www.comp.hkbu.edu.hk/v1/?page=sitemap?=sc@[636, 913, 918, 922, 927, 943, 946, 948, 963, 965, 968, 970, 985, 987, 989, 992, 994, 996, 999, 1001, 1003, 1020, 1022, 1024, 1026, 1029, 1031, 1033, 1035, 1038, 1040, 1042, 1044, 1047, 1049, 1051, 1053, 1069, 1074, 1078, 1093, 1112, 1117, 1122, 1138, 1161, 1167, 1172, 1181, 1206, 1212, 1217, 1227, 1251, 1256, 1261, 1832, 2997, 3046, 3047, 3097, 3098, 3147, 3148, 3194, 3195, 3242, 3243, 3290, 3291, 3340, 4622, 4650, 4686, 4722, 4756, 4787, 5786, 5798, 5803, 5828, 5833, 5842, 6193, 6693]@{}
http://www.comp.hkbu.edu.hk/v1/?lang=sc@[636, 913, 918, 922, 927, 943, 946, 948, 963, 965, 968, 970, 985, 987, 989, 992, 994, 996, 999, 1001, 1003, 1020, 1022, 1024, 1026, 1029, 1031, 1033, 1035, 1038, 1040, 1042, 1044, 1047, 1049, 1051, 1053, 1069, 1074, 1078, 1093, 1112, 1117, 1122, 1138, 1161, 1167, 1172, 1181, 1206, 1212, 1217, 1227, 1251, 1256, 1261, 1832, 2991, 3040, 3041, 3091, 3092, 3141, 3142, 3188, 3189, 3236, 3237, 3284, 3285, 3334, 4617, 4649, 4682, 4718, 4752, 4783, 5782, 5794, 5799, 5824, 5829, 5838]@{}
http://www.comp.hkbu.edu.hk/~alumni/news/../news/@[2492, 3084]@{}
http://www.comp.hkbu.edu.hk/v1/?page=job_vacancies?=tc?=tc@[636, 913, 918, 922, 927, 943, 946, 948, 963, 965, 968, 970, 985, 987, 989, 992, 994, 996, 999, 1001, 1003, 1020, 1022, 1024, 1026, 1029, 1031, 1033, 1035, 1038, 1040, 1042, 1044, 1047, 1049, 1051, 1053, 1069, 1074, 1078, 1093, 1112, 1117, 1122, 1138, 1161, 1167, 1172, 1181, 1206, 1212, 1217, 1227, 1251, 1256, 1261, 1832, 2999, 3048, 3049, 3099, 3100, 3149, 3150, 3196, 3197, 3244, 3245, 3292, 3293, 3342, 4624, 4652, 4688, 4724, 4758, 4789, 5788, 5800, 5805, 5830, 5835, 5844]@{}
http://www.comp.hkbu.edu.hk/v1/?page=job_vacancies?=sc?=tc@[636, 913, 918, 922, 927, 943, 946, 948, 963, 965, 968, 970, 985, 987, 989, 992, 994, 996, 999, 1001, 1003, 1020, 1022, 1024, 1026, 1029, 1031, 1033, 1035, 1038, 1040, 1042, 1044, 1047, 1049, 1051, 1053, 1069, 1074, 1078, 1093, 1112, 1117, 1122, 1138, 1161, 1167, 1172, 1181, 1206, 1212, 1217, 1227, 1251, 1256, 1261, 1832, 2999, 3048, 3049, 3099, 3100, 3149, 3150, 3196, 3197, 3244, 3245, 3292, 3293, 3342, 4624, 4666, 4698, 4734, 4768, 4799, 5798, 5810, 5815, 5840, 5845, 5854]@{}
http://www.comp.hkbu.edu.hk/v1/?page=sitemap?=tc?=tc@[636, 913, 918, 922, 927, 943, 946, 948, 963, 965, 968, 970, 985, 987, 989, 992, 994, 996, 999, 1001, 1003, 1020, 1022, 1024, 1026, 1029, 1031, 1033, 1035, 1038, 1040, 1042, 1044, 1047, 1049, 1051, 1053, 1069, 1074, 1078, 1093, 1112, 1117, 1122, 1138, 1161, 1167, 1172, 1181, 1206, 1212, 1217, 1227, 1251, 1256, 1261, 1832, 2999, 3048, 3049, 3099, 3100, 3149, 3150, 3196, 3197, 3244, 3245, 3292, 3293, 3342, 4624, 4652, 4688, 4724, 4758, 4789, 5788, 5800, 5805, 5830, 5835, 5844, 6275]@{}
http://www.comp.hkbu.edu.hk/v1/?page=sitemap?=sc?=tc@[636, 913, 918, 922, 927, 943, 946, 948, 963, 965, 968, 970, 985, 987, 989, 992, 994, 996, 999, 1001, 1003, 1020, 1022, 1024, 1026, 1029, 1031, 1033, 1035, 1038, 1040, 1042, 1044, 1047, 1049, 1051, 1053, 1069, 1074, 1078, 1093, 1112, 1117, 1122, 1138, 1161, 1167, 1172, 1181, 1206, 1212, 1217, 1227, 1251, 1256, 1261, 1832, 2999, 3048, 3049, 3099, 3100, 3149, 3150, 3196, 3197, 3244, 3245, 3292, 3293, 3342, 4624, 4666, 4702, 4738, 4772, 4803, 5802, 5814, 5819, 5844, 5849, 5858]@{}
http://www.comp.hkbu.edu.hk/v1/?page=home@[636, 913, 918, 922, 927, 943, 946, 948, 963, 965, 968, 970, 985, 987, 989, 992, 994, 996, 999, 1001, 1003, 1020, 1022, 1024, 1026, 1029, 1031, 1033, 1035, 1038, 1040, 1042, 1044, 1047, 1049, 1051, 1053, 1069, 1074, 1078, 1093, 1112, 1117, 1122, 1138, 1161, 1167, 1172, 1181, 1206, 1212, 1217, 1227, 1251, 1256, 1261, 1832, 2995, 3044, 3045, 3095, 3096, 3145, 3146, 3192, 3193, 3240, 3241, 3288, 3289, 3338, 4620, 4648, 4680, 4716, 4750, 4781, 5780, 5792, 5797, 5822, 5827, 5836]@{}
http://www.comp.hkbu.edu.hk/~alumni/news/../news/../news/@[2492, 3084]@{}
http://www.comp.hkbu.edu.hk/~alumni/news/../scholarship/../news/@[2492, 3084]@{}
http://www.comp.hkbu.edu.hk/~alumni/news/../donation/../news/@[2492, 3084]@{}
http://www.comp.hkbu.edu.hk/v1/?page=job_vacancies?=tc?=tc?=tc@[636, 913, 918, 922, 927, 943, 946, 948, 963, 965, 968, 970, 985, 987, 989, 992, 994, 996, 999, 1001, 1003, 1020, 1022, 1024, 1026, 1029, 1031, 1033, 1035, 1038, 1040, 1042, 1044, 1047, 1049, 1051, 1053, 1069, 1074, 1078, 1093, 1112, 1117, 1122, 1138, 1161, 1167, 1172, 1181, 1206, 1212, 1217, 1227, 1251, 1256, 1261, 1832, 3001, 3050, 3051, 3101, 3102, 3151, 3152, 3198, 3199, 3246, 3247, 3294, 3295, 3344, 4627, 4669, 4702, 4738, 4772, 4803, 5802, 5814, 5819, 5844, 5849, 5858]@{}
http://www.comp.hkbu.edu.hk/v1/?page=job_vacancies?=sc?=tc?=tc@[636, 913, 918, 922, 927, 943, 946, 948, 963, 965, 968, 970, 985, 987, 989, 992, 994, 996, 999, 1001, 1003, 1020, 1022, 1024, 1026, 1029, 1031, 1033, 1035, 1038, 1040, 1042, 1044, 1047, 1049, 1051, 1053, 1069, 1074, 1078, 1093, 1112, 1117, 1122, 1138, 1161, 1167, 1172, 1181, 1206, 1212, 1217, 1227, 1251, 1256, 1261, 1832, 3001, 3050, 3051, 3101, 3102, 3151, 3152, 3198, 3199, 3246, 3247, 3294, 3295, 3344, 4626, 4654, 4686, 4722, 4756, 4787, 5786, 5798, 5803, 5828, 5833, 5842]@{}
http://www.comp.hkbu.edu.hk/v1/?page=sitemap?=tc?=tc?=tc@[636, 913, 918, 922, 927, 943, 946, 948, 963, 965, 968, 970, 985, 987, 989, 992, 994, 996, 999, 1001, 1003, 1020, 1022, 1024, 1026, 1029, 1031, 1033, 1035, 1038, 1040, 1042, 1044, 1047, 1049, 1051, 1053, 1069, 1074, 1078, 1093, 1112, 1117, 1122, 1138, 1161, 1167, 1172, 1181, 1206, 1212, 1217, 1227, 1251, 1256, 1261, 1832, 3001, 3050, 3051, 3101, 3102, 3151, 3152, 3198, 3199, 3246, 3247, 3294, 3295, 3344, 4627, 4659, 4692, 4728, 4762, 4793, 5792, 5804, 5809, 5834, 5839, 5848, 6362, 6776]@{}
http://www.comp.hkbu.edu.hk/v1/?page=sitemap?=sc?=tc?=tc@[636, 913, 918, 922, 927, 943, 946, 948, 963, 965, 968, 970, 985, 987, 989, 992, 994, 996, 999, 1001, 1003, 1020, 1022, 1024, 1026, 1029, 1031, 1033, 1035, 1038, 1040, 1042, 1044, 1047, 1049, 1051, 1053, 1069, 1074, 1078, 1093, 1112, 1117, 1122, 1138, 1161, 1167, 1172, 1181, 1206, 1212, 1217, 1227, 1251, 1256, 1261, 1832, 3001, 3050, 3051, 3101, 3102, 3151, 3152, 3198, 3199, 3246, 3247, 3294, 3295, 3344, 4627, 4659, 4695, 4731, 4765, 4796, 5795, 5807, 5812, 5837, 5842, 5851, 6701]@{}
http://www.comp.hkbu.edu.hk/v1/?page=home?=tc@[636, 913, 918, 922, 927, 943, 946, 948, 963, 965, 968, 970, 985, 987, 989, 992, 994, 996, 999, 1001, 1003, 1020, 1022, 1024, 1026, 1029, 1031, 1033, 1035, 1038, 1040, 1042, 1044, 1047, 1049, 1051, 1053, 1069, 1074, 1078, 1093, 1112, 1117, 1122, 1138, 1161, 1167, 1172, 1181, 1206, 1212, 1217, 1227, 1251, 1256, 1261, 1832, 2997, 3046, 3047, 3097, 3098, 3147, 3148, 3194, 3195, 3242, 3243, 3290, 3291, 3340, 4622, 4654, 4690, 4726, 4760, 4791, 5790, 5802, 5807, 5832, 5837, 5846]@{}
http://www.comp.hkbu.edu.hk/~alumni/news/../news/../news/../news/@[2492, 3084]@{}
http://www.comp.hkbu.edu.hk/~alumni/news/../scholarship/../news/../news/@[2492, 3084]@{}
http://www.comp.hkbu.edu.hk/~alumni/news/../donation/../news/../news/@[2492, 3084]@{}
http://www.comp.hkbu.edu.hk/v1/?page=job_vacancies?=tc?=tc?=tc?=tc@[636, 913, 918, 922, 927, 943, 946, 948, 963, 965, 968, 970, 985, 987, 989, 992, 994, 996, 999, 1001, 1003, 1020, 1022, 1024, 1026, 1029, 1031, 1033, 1035, 1038, 1040, 1042, 1044, 1047, 1049, 1051, 1053, 1069, 1074, 1078, 1093, 1112, 1117, 1122, 1138, 1161, 1167, 1172, 1181, 1206, 1212, 1217, 1227, 1251, 1256, 1261, 1832, 3003, 3052, 3053, 3103, 3104, 3153, 3154, 3200, 3201, 3248, 3249, 3296, 3297, 3346, 4629, 4671, 4703, 4739, 4773, 4804, 5803, 5815, 5820, 5845, 5850, 5859, 6289]@{}
http://www.comp.hkbu.edu.hk/v1/?page=job_vacancies?=sc?=tc?=tc?=tc@[636, 913, 918, 922, 927, 943, 946, 948, 963, 965, 968, 970, 985, 987, 989, 992, 994, 996, 999, 1001, 1003, 1020, 1022, 1024, 1026, 1029, 1031, 1033, 1035, 1038, 1040, 1042, 1044, 1047, 1049, 1051, 1053, 1069, 1074, 1078, 1093, 1112, 1117, 1122, 1138, 1161, 1167, 1172, 1181, 1206, 1212, 1217, 1227, 1251, 1256, 1261, 1832, 3003, 3052, 3053, 3103, 3104, 3153, 3154, 3200, 3201, 3248, 3249, 3296, 3297, 3346, 4629, 4671, 4704, 4740, 4774, 4805, 5804, 5816, 5821, 5846, 5851, 5860]@{}
http://www.comp.hkbu.edu.hk/v1/?page=sitemap?=tc?=tc?=tc?=tc@[636, 913, 918, 922, 927, 943, 946, 948, 963, 965, 968, 970, 985, 987, 989, 992, 994, 996, 999, 1001, 1003, 1020, 1022, 1024, 1026, 1029, 1031, 1033, 1035, 1038, 1040, 1042, 1044, 1047, 1049, 1051, 1053, 1069, 1074, 1078, 1093, 1112, 1117, 1122, 1138, 1161, 1167, 1172, 1181, 1206, 1212, 1217, 1227, 1251, 1256, 1261, 1832, 3003, 3052, 3053, 3103, 3104, 3153, 3154, 3200, 3201, 3248, 3249, 3296, 3297, 3346, 4628, 4660, 4692, 4728, 4762, 4793, 5792, 5804, 5809, 5834, 5839, 5848]@{}
http://www.comp.hkbu.edu.hk/v1/?page=sitemap?=sc?=tc?=tc?=tc@[636, 913, 918, 922, 927, 943, 946, 948, 963, 965, 968, 970, 985, 987, 989, 992, 994, 996, 999, 1001, 1003, 1020, 1022, 1024, 1026, 1029, 1031, 1033, 1035, 1038, 1040, 1042, 1044, 1047, 1049, 1051, 1053, 1069, 1074, 1078, 1093, 1112, 1117, 1122, 1138, 1161, 1167, 1172, 1181, 1206, 1212, 1217, 1227, 1251, 1256, 1261, 1832, 3003, 3052, 3053, 3103, 3104, 3153, 3154, 3200, 3201, 3248, 3249, 3296, 3297, 3346, 4628, 4670, 4703, 4739, 4773, 4804, 5803, 5815, 5820, 5845, 5850, 5859]@{}
http://www.comp.hkbu.edu.hk/v1/?page=home?=tc?=tc@[636, 913, 918, 922, 927, 943, 946, 948, 963, 965, 968, 970, 985, 987, 989, 992, 994, 996, 999, 1001, 1003, 1020, 1022, 1024, 1026, 1029, 1031, 1033, 1035, 1038, 1040, 1042, 1044, 1047, 1049, 1051, 1053, 1069, 1074, 1078, 1093, 1112, 1117, 1122, 1138, 1161, 1167, 1172, 1181, 1206, 1212, 1217, 1227, 1251, 1256, 1261, 1832, 2999, 3048, 3049, 3099, 3100, 3149, 3150, 3196, 3197, 3244, 3245, 3292, 3293, 3342, 4624, 4656, 4692, 4728, 4762, 4793, 5792, 5804, 5809, 5834, 5839, 5848]@{}
http://www.comp.hkbu.edu.hk/~alumni/news/../news/../news/../news/../news/@[2492, 3084]@{}
http://www.comp.hkbu.edu.hk/~alumni/news/../scholarship/../news/../news/../news/@[2492, 3084]@{}
http://www.comp.hkbu.edu.hk/~alumni/news/../donation/../news/../news/../news/@[2492, 3084]@{}
http://www.comp.hkbu.edu.hk/v1/?page=job_vacancies?=tc?=tc?=tc?=tc?=tc@[636, 913, 918, 922, 927, 943, 946, 948, 963, 965, 968, 970, 985, 987, 989, 992, 994, 996, 999, 1001, 1003, 1020, 1022, 1024, 1026, 1029, 1031, 1033, 1035, 1038, 1040, 1042, 1044, 1047, 1049, 1051, 1053, 1069, 1074, 1078, 1093, 1112, 1117, 1122, 1138, 1161, 1167, 1172, 1181, 1206, 1212, 1217, 1227, 1251, 1256, 1261, 1832, 3005, 3054, 3055, 3105, 3106, 3155, 3156, 3202, 3203, 3250, 3251, 3298, 3299, 3348, 4631, 4673, 4706, 4742, 4776, 4807, 5806, 5818, 5823, 5848, 5853, 5862, 6213]@{}
http://www.comp.hkbu.edu.hk/v1/?page=job_vacancies?=sc?=tc?=tc?=tc?=tc@[636, 913, 918, 922, 927, 943, 946, 948, 963, 965, 968, 970, 985, 987, 989, 992, 994, 996, 999, 1001, 1003, 1020, 1022, 1024, 1026, 1029, 1031, 1033, 1035, 1038, 1040, 1042, 1044, 1047, 1049, 1051, 1053, 1069, 1074, 1078, 1093, 1112, 1117, 1122, 1138, 1161, 1167, 1172, 1181, 1206, 1212, 1217, 1227, 1251, 1256, 1261, 1832, 3005, 3054, 3055, 3105, 3106, 3155, 3156, 3202, 3203, 3250, 3251, 3298, 3299, 3348, 4630, 4658, 4691, 4727, 4761, 4792, 5791, 5803, 5808, 5833, 5838, 5847]@{}
http://www.comp.hkbu.edu.hk/v1/?page=sitemap?=tc?=tc?=tc?=tc?=tc@[636, 913, 918, 922, 927, 943, 946, 948, 963, 965, 968, 970, 985, 987, 989, 992, 994, 996, 999, 1001, 1003, 1020, 1022, 1024, 1026, 1029, 1031, 1033, 1035, 1038, 1040, 1042, 1044, 1047, 1049, 1051, 1053, 1069, 1074, 1078, 1093, 1112, 1117, 1122, 1138, 1161, 1167, 1172, 1181, 1206, 1212, 1217, 1227, 1251, 1256, 1261, 1832, 3005, 3054, 3055, 3105, 3106, 3155, 3156, 3202, 3203, 3250, 3251, 3298, 3299, 3348, 4631, 4659, 4699, 4735, 4769, 4800, 5799, 5811, 5816, 5841, 5846, 5855]@{}
http://www.comp.hkbu.edu.hk/v1/?page=sitemap?=sc?=tc?=tc?=tc?=tc@[636, 913, 918, 922, 927, 943, 946, 948, 963, 965, 968, 970, 985, 987, 989, 992, 994, 996, 999, 1001, 1003, 1020, 1022, 1024, 1026, 1029, 1031, 1033, 1035, 1038, 1040, 1042, 1044, 1047, 1049, 1051, 1053, 1069, 1074, 1078, 1093, 1112, 1117, 1122, 1138, 1161, 1167, 1172, 1181, 1206, 1212, 1217, 1227, 1251, 1256, 1261, 1832, 3005, 3054, 3055, 3105, 3106, 3155, 3156, 3202, 3203, 3250, 3251, 3298, 3299, 3348, 4630, 4672, 4705, 4741, 4775, 4806, 5805, 5817, 5822, 5847, 5852, 5861]@{}
http://www.comp.hkbu.edu.hk/v1/?page=home?=tc?=tc?=tc@[636, 913, 918, 922, 927, 943, 946, 948, 963, 965, 968, 970, 985, 987, 989, 992, 994, 996, 999, 1001, 1003, 1020, 1022, 1024, 1026, 1029, 1031, 1033, 1035, 1038, 1040, 1042, 1044, 1047, 1049, 1051, 1053, 1069, 1074, 1078, 1093, 1112, 1117, 1122, 1138, 1161, 1167, 1172, 1181, 1206, 1212, 1217, 1227, 1251, 1256, 1261, 1832, 3001, 3050, 3051, 3101, 3102, 3151, 3152, 3198, 3199, 3246, 3247, 3294, 3295, 3344, 4626, 4654, 4690, 4726, 4760, 4791, 5790, 5802, 5807, 5832, 5837, 5846, 6354, 6761]@{}
http://www.comp.hkbu.edu.hk/~alumni/news/../news/../news/../news/../news/../news/@[2492, 3084]@{}
http://www.comp.hkbu.edu.hk/~alumni/news/../scholarship/../news/../news/../news/../news/@[2492, 3084]@{}
http://www.comp.hkbu.edu.hk/~alumni/news/../donation/../news/../news/../news/../news/@[2492, 3084]@{}
http://www.comp.hkbu.edu.hk/v1/?page=job_vacancies@[184, 461, 466, 470, 475, 491, 494, 496, 511, 513, 516, 518, 533, 535, 537, 540, 542, 544, 547, 549, 551, 568, 570, 572, 574, 577, 579, 581, 583, 586, 588, 590, 592, 595, 597, 599, 601, 617, 622, 626, 641, 660, 665, 670, 686, 709, 715, 720, 729, 754, 760, 765, 775, 799, 804, 809, 1380, 2543, 2592, 2593, 2643, 2644, 2693, 2694, 2740, 2741, 2788, 2789, 2836, 2837, 2886, 4141, 4171, 4172, 4197]@{}
http://www.comp.hkbu.edu.hk/v1/?page=job_vacancies?=tc?=tc?=tc?=tc?=tc?=tc@[636, 913, 918, 922, 927, 943, 946, 948, 963, 965, 968, 970, 985, 987, 989, 992, 994, 996, 999, 1001, 1003, 1020, 1022, 1024, 1026, 1029, 1031, 1033, 1035, 1038, 1040, 1042, 1044, 1047, 1049, 1051, 1053, 1069, 1074, 1078, 1093, 1112, 1117, 1122, 1138, 1161, 1167, 1172, 1181, 1206, 1212, 1217, 1227, 1251, 1256, 1261, 1832, 3007, 3056, 3057, 3107, 3108, 3157, 3158, 3204, 3205, 3252, 3253, 3300, 3301, 3350, 4633, 4661, 4694, 4730, 4764, 4795, 5794, 5806, 5811, 5836, 5841, 5850]@{}
http://www.comp.hkbu.edu.hk/v1/?page=job_vacancies?=sc?=tc?=tc?=tc?=tc?=tc@[636, 913, 918, 922, 927, 943, 946, 948, 963, 965, 968, 970, 985, 987, 989, 992, 994, 996, 999, 1001, 1003, 1020, 1022, 1024, 1026, 1029, 1031, 1033, 1035, 1038, 1040, 1042, 1044, 1047, 1049, 1051, 1053, 1069, 1074, 1078, 1093, 1112, 1117, 1122, 1138, 1161, 1167, 1172, 1181, 1206, 1212, 1217, 1227, 1251, 1256, 1261, 1832, 3007, 3056, 3057, 3107, 3108, 3157, 3158, 3204, 3205, 3252, 3253, 3300, 3301, 3350, 4632, 4660, 4693, 4729, 4763, 4794, 5793, 5805, 5810, 5835, 5840, 5849, 6280, 6778]@{}
http://www.comp.hkbu.edu.hk/v1/?page=sitemap?=tc?=tc?=tc?=tc?=tc?=tc@[636, 913, 918, 922, 927, 943, 946, 948, 963, 965, 968, 970, 985, 987, 989, 992, 994, 996, 999, 1001, 1003, 1020, 1022, 1024, 1026, 1029, 1031, 1033, 1035, 1038, 1040, 1042, 1044, 1047, 1049, 1051, 1053, 1069, 1074, 1078, 1093, 1112, 1117, 1122, 1138, 1161, 1167, 1172, 1181, 1206, 1212, 1217, 1227, 1251, 1256, 1261, 1832, 3007, 3056, 3057, 3107, 3108, 3157, 3158, 3204, 3205, 3252, 3253, 3300, 3301, 3350, 4632, 4664, 4697, 4733, 4767, 4798, 5797, 5809, 5814, 5839, 5844, 5853, 6283]@{}
http://www.comp.hkbu.edu.hk/v1/?page=sitemap?=sc?=tc?=tc?=tc?=tc?=tc@[636, 913, 918, 922, 927, 943, 946, 948, 963, 965, 968, 970, 985, 987, 989, 992, 994, 996, 999, 1001, 1003, 1020, 1022, 1024, 1026, 1029, 1031, 1033, 1035, 1038, 1040, 1042, 1044, 1047, 1049, 1051, 1053, 1069, 1074, 1078, 1093, 1112, 1117, 1122, 1138, 1161, 1167, 1172, 1181, 1206, 1212, 1217, 1227, 1251, 1256, 1261, 1832, 3007, 3056, 3057, 3107, 3108, 3157, 3158, 3204, 3205, 3252, 3253, 3300, 3301, 3350, 4633, 4675, 4715, 4751, 4785, 4816, 5815, 5827, 5832, 5857, 5862, 5871]@{}
http://www.comp.hkbu.edu.hk/v1/?page=home?=tc?=tc?=tc?=tc@[636, 913, 918, 922, 927, 943, 946, 948, 963, 965, 968, 970, 985, 987, 989, 992, 994, 996, 999, 1001, 1003, 1020, 1022, 1024, 1026, 1029, 1031, 1033, 1035, 1038, 1040, 1042, 1044, 1047, 1049, 1051, 1053, 1069, 1074, 1078, 1093, 1112, 1117, 1122, 1138, 1161, 1167, 1172, 1181, 1206, 1212, 1217, 1227, 1251, 1256, 1261, 1832, 3003, 3052, 3053, 3103, 3104, 3153, 3154, 3200, 3201, 3248, 3249, 3296, 3297, 3346, 4629, 4661, 4696, 4732, 4766, 4797, 5796, 5808, 5813, 5838, 5843, 5852, 6699]@{}
http://www.comp.hkbu.edu.hk/~alumni/news/../news/../news/../news/../news/../news/../news/@[2492, 3084]@{}
http://www.comp.hkbu.edu.hk/~alumni/news/../scholarship/../news/../news/../news/../news/../news/@[2492, 3084]@{}
http://www.comp.hkbu.edu.hk/~alumni/news/../donation/../news/../news/../news/../news/../news/@[2492, 3084]@{}
http://www.comp.hkbu.edu.hk/v1/?page=job_vacancies?=tc?=tc?=tc?=tc?=tc?=tc?=tc@[636, 913, 918, 922, 927, 943, 946, 948, 963, 965, 968, 970, 985, 987, 989, 992, 994, 996, 999, 1001, 1003, 1020, 1022, 1024, 1026, 1029, 1031, 1033, 1035, 1038, 1040, 1042, 1044, 1047, 1049, 1051, 1053, 1069, 1074, 1078, 1093, 1112, 1117, 1122, 1138, 1161, 1167, 1172, 1181, 1206, 1212, 1217, 1227, 1251, 1256, 1261, 1832, 3009, 3058, 3059, 3109, 3110, 3159, 3160, 3206, 3207, 3254, 3255, 3302, 3303, 3352, 4635, 4663, 4698, 4734, 4768, 4799, 5798, 5810, 5815, 5840, 5845, 5854]@{}
http://www.comp.hkbu.edu.hk/v1/?page=job_vacancies?=sc?=tc?=tc?=tc?=tc?=tc?=tc@[636, 913, 918, 922, 927, 943, 946, 948, 963, 965, 968, 970, 985, 987, 989, 992, 994, 996, 999, 1001, 1003, 1020, 1022, 1024, 1026, 1029, 1031, 1033, 1035, 1038, 1040, 1042, 1044, 1047, 1049, 1051, 1053, 1069, 1074, 1078, 1093, 1112, 1117, 1122, 1138, 1161, 1167, 1172, 1181, 1206, 1212, 1217, 1227, 1251, 1256, 1261, 1832, 3009, 3058, 3059, 3109, 3110, 3159, 3160, 3206, 3207, 3254, 3255, 3302, 3303, 3352, 4635, 4663, 4695, 4731, 4765, 4796, 5795, 5807, 5812, 5837, 5842, 5851, 6697]@{}
http://www.comp.hkbu.edu.hk/v1/?page=sitemap?=tc?=tc?=tc?=tc?=tc?=tc?=tc@[636, 913, 918, 922, 927, 943, 946, 948, 963, 965, 968, 970, 985, 987, 989, 992, 994, 996, 999, 1001, 1003, 1020, 1022, 1024, 1026, 1029, 1031, 1033, 1035, 1038, 1040, 1042, 1044, 1047, 1049, 1051, 1053, 1069, 1074, 1078, 1093, 1112, 1117, 1122, 1138, 1161, 1167, 1172, 1181, 1206, 1212, 1217, 1227, 1251, 1256, 1261, 1832, 3009, 3058, 3059, 3109, 3110, 3159, 3160, 3206, 3207, 3254, 3255, 3302, 3303, 3352, 4634, 4662, 4697, 4733, 4767, 4798, 5797, 5809, 5814, 5839, 5844, 5853]@{}
http://www.comp.hkbu.edu.hk/v1/?page=sitemap?=sc?=tc?=tc?=tc?=tc?=tc?=tc@[636, 913, 918, 922, 927, 943, 946, 948, 963, 965, 968, 970, 985, 987, 989, 992, 994, 996, 999, 1001, 1003, 1020, 1022, 1024, 1026, 1029, 1031, 1033, 1035, 1038, 1040, 1042, 1044, 1047, 1049, 1051, 1053, 1069, 1074, 1078, 1093, 1112, 1117, 1122, 1138, 1161, 1167, 1172, 1181, 1206, 1212, 1217, 1227, 1251, 1256, 1261, 1832, 3009, 3058, 3059, 3109, 3110, 3159, 3160, 3206, 3207, 3254, 3255, 3302, 3303, 3352, 4634, 4666, 4699, 4735, 4769, 4800, 5799, 5811, 5816, 5841, 5846, 5855]@{}
http://www.comp.hkbu.edu.hk/v1/?page=home?=tc?=tc?=tc?=tc?=tc@[636, 913, 918, 922, 927, 943, 946, 948, 963, 965, 968, 970, 985, 987, 989, 992, 994, 996, 999, 1001, 1003, 1020, 1022, 1024, 1026, 1029, 1031, 1033, 1035, 1038, 1040, 1042, 1044, 1047, 1049, 1051, 1053, 1069, 1074, 1078, 1093, 1112, 1117, 1122, 1138, 1161, 1167, 1172, 1181, 1206, 1212, 1217, 1227, 1251, 1256, 1261, 1832, 3005, 3054, 3055, 3105, 3106, 3155, 3156, 3202, 3203, 3250, 3251, 3298, 3299, 3348, 4631, 4659, 4699, 4735, 4769, 4800, 5799, 5811, 5816, 5841, 5846, 5855, 6703]@{}
http://www.comp.hkbu.edu.hk/~alumni/news/../news/../news/../news/../news/../news/../news/../news/@[2492, 3084]@{}
http://www.comp.hkbu.edu.hk/~alumni/news/../scholarship/../news/../news/../news/../news/../news/../news/@[2492, 3084]@{}
http://www.comp.hkbu.edu.hk/~alumni/news/../donation/../news/../news/../news/../news/../news/../news/@[2492, 3084]@{}
http://www.comp.hkbu.edu.hk/v1/?page=job_vacancies?=tc?=tc?=tc?=tc?=tc?=tc?=tc?=tc@[636, 913, 918, 922, 927, 943, 946, 948, 963, 965, 968, 970, 985, 987, 989, 992, 994, 996, 999, 1001, 1003, 1020, 1022, 1024, 1026, 1029, 1031, 1033, 1035, 1038, 1040, 1042, 1044, 1047, 1049, 1051, 1053, 1069, 1074, 1078, 1093, 1112, 1117, 1122, 1138, 1161, 1167, 1172, 1181, 1206, 1212, 1217, 1227, 1251, 1256, 1261, 1832, 3011, 3060, 3061, 3111, 3112, 3161, 3162, 3208, 3209, 3256, 3257, 3304, 3305, 3354, 4637, 4679, 4714, 4750, 4784, 4815, 5814, 5826, 5831, 5856, 5861, 5870]@{}
http://www.comp.hkbu.edu.hk/v1/?page=job_vacancies?=sc?=tc?=tc?=tc?=tc?=tc?=tc?=tc@[636, 913, 918, 922, 927, 943, 946, 948, 963, 965, 968, 970, 985, 987, 989, 992, 994, 996, 999, 1001, 1003, 1020, 1022, 1024, 1026, 1029, 1031, 1033, 1035, 1038, 1040, 1042, 1044, 1047, 1049, 1051, 1053, 1069, 1074, 1078, 1093, 1112, 1117, 1122, 1138, 1161, 1167, 1172, 1181, 1206, 1212, 1217, 1227, 1251, 1256, 1261, 1832, 3011, 3060, 3061, 3111, 3112, 3161, 3162, 3208, 3209, 3256, 3257, 3304, 3305, 3354, 4637, 4665, 4698, 4734, 4768, 4799, 5798, 5810, 5815, 5840, 5845, 5854]@{}
http://www.comp.hkbu.edu.hk/v1/?page=sitemap?=tc?=tc?=tc?=tc?=tc?=tc?=tc?=tc@[636, 913, 918, 922, 927, 943, 946, 948, 963, 965, 968, 970, 985, 987, 989, 992, 994, 996, 999, 1001, 1003, 1020, 1022, 1024, 1026, 1029, 1031, 1033, 1035, 1038, 1040, 1042, 1044, 1047, 1049, 1051, 1053, 1069, 1074, 1078, 1093, 1112, 1117, 1122, 1138, 1161, 1167, 1172, 1181, 1206, 1212, 1217, 1227, 1251, 1256, 1261, 1832, 3011, 3060, 3061, 3111, 3112, 3161, 3162, 3208, 3209, 3256, 3257, 3304, 3305, 3354, 4637, 4665, 4701, 4737, 4771, 4802, 5801, 5813, 5818, 5843, 5848, 5857]@{}
http://www.comp.hkbu.edu.hk/v1/?page=sitemap?=sc?=tc?=tc?=tc?=tc?=tc?=tc?=tc@[636, 913, 918, 922, 927, 943, 946, 948, 963, 965, 968, 970, 985, 987, 989, 992, 994, 996, 999, 1001, 1003, 1020, 1022, 1024, 1026, 1029, 1031, 1033, 1035, 1038, 1040, 1042, 1044, 1047, 1049, 1051, 1053, 1069, 1074, 1078, 1093, 1112, 1117, 1122, 1138, 1161, 1167, 1172, 1181, 1206, 1212, 1217, 1227, 1251, 1256, 1261, 1832, 3011, 3060, 3061, 3111, 3112, 3161, 3162, 3208, 3209, 3256, 3257, 3304, 3305, 3354, 4637, 4679, 4715, 4751, 4785, 4816, 5815, 5827, 5832, 5857, 5862, 5871]@{}
http://www.comp.hkbu.edu.hk/v1/?page=sitemap@[182, 459, 464, 468, 473, 489, 492, 494, 509, 511, 514, 516, 531, 533, 535, 538, 540, 542, 545, 547, 549, 566, 568, 570, 572, 575, 577, 579, 581, 584, 586, 588, 590, 593, 595, 597, 599, 615, 620, 624, 639, 658, 663, 668, 684, 707, 713, 718, 727, 752, 758, 763, 773, 797, 802, 807, 1378, 2541, 2590, 2591, 2641, 2642, 2691, 2692, 2738, 2739, 2786, 2787, 2834, 2835, 2884, 4129, 4136, 4137, 4148, 4157, 4158, 4167, 4168, 4179, 4187, 4188, 4195, 4197, 4198, 4205, 4206, 4213, 4214, 4222, 4223, 4231, 4233, 4234, 4244, 4252, 4253, 4261, 4262, 4269, 4270, 4276, 4278, 4279, 4287, 4293, 4294, 4301, 4302, 4310, 4311, 4319, 4320, 4328, 4329, 4335, 4337, 4338, 4347, 4358, 4367, 4374, 4375, 4383, 4384, 4390, 4391, 4401, 4402, 4412, 4414, 4415, 4427, 4436, 4438, 4439, 4448, 4449, 4459, 4467, 4468, 4475, 4476, 4482, 4484, 4485, 4494, 4495, 4501, 4502, 4512, 4520, 4522, 4524, 4525, 4537, 4546, 4553, 4554, 4560, 4561, 4571, 4573, 4574, 4586, 4604, 4605, 4618, 4619, 4626, 4628, 4629, 4638, 4639, 4649, 4657, 4658, 4665, 4666, 4672, 4674, 4675, 4684, 4685, 4691, 4692, 4702, 4710, 4712, 4714, 4715, 4725, 4732, 4733, 4739, 4740, 4747, 4748, 4759, 4768, 4770, 4771, 4779, 4780, 4794, 4803, 4804, 4813, 4814, 4823, 4825, 4826, 4838, 4839, 4852, 4854, 4855, 4870, 4871, 4886, 4888, 4889, 4898, 4908, 4918, 4925, 4926, 4934, 4935, 4942, 4944, 4945, 4955, 4965, 4966, 4980, 4981, 4991, 4993, 4994, 5006, 5019, 5020, 5033, 5034, 5046, 5047, 5062, 5064, 5065, 5073, 5074, 5085, 5095, 5096, 5106, 5108, 5109, 5121, 5127, 5128, 5135, 5136, 5145, 5146, 5154, 5156, 5157, 5166, 5167, 5179, 5181, 5182, 5192, 5201, 5202, 5209, 5210, 5218, 5219, 5225, 5226, 5236, 5237, 5245, 5246, 5254, 5255, 5263, 5264, 5272, 5273, 5282, 5284, 5285, 5297, 5298, 5310, 5312, 5313, 5321, 5330, 5331, 5341, 5342, 5350, 5351, 5358, 5359, 5365, 5366, 5374, 5375, 5385, 5386, 5395, 5396, 5404, 5406, 5407, 5417, 5423, 5424, 5431, 5432, 5443, 5444, 5455, 5462, 5464, 5465, 5474, 5480, 5482, 5484, 5485, 5494, 5495, 5503, 5504, 5514, 5524, 5526, 5527, 5540, 5541, 5560, 5577, 5583, 5589, 5590, 5601, 5607, 5608, 5616, 5618, 5620, 5621, 5627, 5632, 5633, 5638, 5640, 5641, 5647, 5648, 5652, 5653, 5657, 5658, 5663, 5664, 5670]@{}
http://www.comp.hkbu.edu.hk/v1/?page=home?=tc?=tc?=tc?=tc?=tc?=tc@[636, 913, 918, 922, 927, 943, 946, 948, 963, 965, 968, 970, 985, 987, 989, 992, 994, 996, 999, 1001, 1003, 1020, 1022, 1024, 1026, 1029, 1031, 1033, 1035, 1038, 1040, 1042, 1044, 1047, 1049, 1051, 1053, 1069, 1074, 1078, 1093, 1112, 1117, 1122, 1138, 1161, 1167, 1172, 1181, 1206, 1212, 1217, 1227, 1251, 1256, 1261, 1832, 3007, 3056, 3057, 3107, 3108, 3157, 3158, 3204, 3205, 3252, 3253, 3300, 3301, 3350, 4632, 4664, 4700, 4736, 4770, 4801, 5800, 5812, 5817, 5842, 5847, 5856, 6785]@{}
http://www.comp.hkbu.edu.hk/~alumni/news/../news/../news/../news/../news/../news/../news/../news/../news/@[2492, 3084]@{}
http://www.comp.hkbu.edu.hk/~alumni/news/../scholarship/../news/../news/../news/../news/../news/../news/../news/@[2492, 3084]@{}
http://www.comp.hkbu.edu.hk/~alumni/news/../donation/../news/../news/../news/../news/../news/../news/../news/@[2492, 3084]@{}
http://www.comp.hkbu.edu.hk/v1/?page=job_vacancies?=tc?=tc?=tc?=tc?=tc?=tc?=tc?=tc?=tc@[636, 913, 918, 922, 927, 943, 946, 948, 963, 965, 968, 970, 985, 987, 989, 992, 994, 996, 999, 1001, 1003, 1020, 1022, 1024, 1026, 1029, 1031, 1033, 1035, 1038, 1040, 1042, 1044, 1047, 1049, 1051, 1053, 1069, 1074, 1078, 1093, 1112, 1117, 1122, 1138, 1161, 1167, 1172, 1181, 1206, 1212, 1217, 1227, 1251, 1256, 1261, 1832, 3013, 3062, 3063, 3113, 3114, 3163, 3164, 3210, 3211, 3258, 3259, 3306, 3307, 3356, 4639, 4681, 4714, 4750, 4784, 4815, 5814, 5826, 5831, 5856, 5861, 5870]@{}
http://www.comp.hkbu.edu.hk/v1/?page=job_vacancies?=sc?=tc?=tc?=tc?=tc?=tc?=tc?=tc?=tc@[636, 913, 918, 922, 927, 943, 946, 948, 963, 965, 968, 970, 985, 987, 989, 992, 994, 996, 999, 1001, 1003, 1020, 1022, 1024, 1026, 1029, 1031, 1033, 1035, 1038, 1040, 1042, 1044, 1047, 1049, 1051, 1053, 1069, 1074, 1078, 1093, 1112, 1117, 1122, 1138, 1161, 1167, 1172, 1181, 1206, 1212, 1217, 1227, 1251, 1256, 1261, 1832, 3013, 3062, 3063, 3113, 3114, 3163, 3164, 3210, 3211, 3258, 3259, 3306, 3307, 3356, 4639, 4681, 4713, 4749, 4783, 4814, 5813, 5825, 5830, 5855, 5860, 5869]@{}
http://www.comp.hkbu.edu.hk/v1/?page=sitemap?=tc?=tc?=tc?=tc?=tc?=tc?=tc?=tc?=tc@[636, 913, 918, 922, 927, 943, 946, 948, 963, 965, 968, 970, 985, 987, 989, 992, 994, 996, 999, 1001, 1003, 1020, 1022, 1024, 1026, 1029, 1031, 1033, 1035, 1038, 1040, 1042, 1044, 1047, 1049, 1051, 1053, 1069, 1074, 1078, 1093, 1112, 1117, 1122, 1138, 1161, 1167, 1172, 1181, 1206, 1212, 1217, 1227, 1251, 1256, 1261, 1832, 3013, 3062, 3063, 3113, 3114, 3163, 3164, 3210, 3211, 3258, 3259, 3306, 3307, 3356, 4638, 4666, 4698, 4734, 4768, 4799, 5798, 5810, 5815, 5840, 5845, 5854]@{}
http://www.comp.hkbu.edu.hk/v1/?page=sitemap?=sc?=tc?=tc?=tc?=tc?=tc?=tc?=tc?=tc@[636, 913, 918, 922, 927, 943, 946, 948, 963, 965, 968, 970, 985, 987, 989, 992, 994, 996, 999, 1001, 1003, 1020, 1022, 1024, 1026, 1029, 1031, 1033, 1035, 1038, 1040, 1042, 1044, 1047, 1049, 1051, 1053, 1069, 1074, 1078, 1093, 1112, 1117, 1122, 1138, 1161, 1167, 1172, 1181, 1206, 1212, 1217, 1227, 1251, 1256, 1261, 1832, 3013, 3062, 3063, 3113, 3114, 3163, 3164, 3210, 3211, 3258, 3259, 3306, 3307, 3356, 4638, 4680, 4716, 4752, 4786, 4817, 5816, 5828, 5833, 5858, 5863, 5872]@{}
http://www.comp.hkbu.edu.hk/v1/?lang=tc@[636, 913, 918, 922, 927, 943, 946, 948, 963, 965, 968, 970, 985, 987, 989, 992, 994, 996, 999, 1001, 1003, 1020, 1022, 1024, 1026, 1029, 1031, 1033, 1035, 1038, 1040, 1042, 1044, 1047, 1049, 1051, 1053, 1069, 1074, 1078, 1093, 1112, 1117, 1122, 1138, 1161, 1167, 1172, 1181, 1206, 1212, 1217, 1227, 1251, 1256, 1261, 1832, 2991, 3040, 3041, 3091, 3092, 3141, 3142, 3188, 3189, 3236, 3237, 3284, 3285, 3334, 4616, 4658, 4698, 4734, 4768, 4799, 5798, 5810, 5815, 5840, 5845, 5854]@{}
http://www.comp.hkbu.edu.hk/~alumni/news/@[2492, 3084]@{}
http://www.sci.hkbu.edu.hk/eng/page/?page=prospective-students@[933, 1038, 1039, 1049, 1050, 1051, 1052, 1061, 1062, 1063, 1064, 1073, 1083, 1096, 1097, 1110, 1111, 1124, 1214, 1236, 1248, 1249, 1262, 1263, 1275, 1286, 1287, 1302, 1303, 1324, 1325, 1338, 1340, 1341, 1352, 1353, 1361, 1363, 1364, 1385, 1397, 1398, 1410, 1411, 1428, 1429, 1442, 1443, 1455, 1457, 1458, 1479, 1490, 1498, 1499, 1507, 1509, 1510, 1522, 1523, 1533, 1535, 1536, 1556, 1569, 1570, 1577, 1578, 1588, 1599, 1600, 1607, 1608, 1615, 1617, 1618, 1628, 1640, 1641, 1650, 1651, 1660, 1662, 1664, 1665, 1686, 1696, 1697, 1703, 1704, 1718, 1719, 1730, 1731, 1738, 1740, 1741, 1764, 1765, 1792, 1793, 1820, 1821, 1852, 1853, 1911, 1912, 1949, 1957, 1958, 1965, 1966, 1973, 1975, 1976, 2000, 2001, 2029, 2030, 2058, 2434, 2474, 2483, 2519, 2528, 2557, 2568, 2616, 2625, 2658, 2667, 2697, 2708, 2737, 2746, 2781, 2798, 2832, 2849, 2886, 2903, 2954, 2971, 3081, 3098, 3126, 3448, 3489, 3490, 3506, 3507, 3514, 3515, 3530, 3531, 3546, 3547, 3619, 3628, 3658]@{}
http://www.sci.hkbu.edu.hk/eng/page/?page=current-students@[933, 1038, 1039, 1049, 1050, 1051, 1052, 1061, 1062, 1063, 1064, 1073, 1083, 1096, 1097, 1110, 1111, 1124, 1214, 1236, 1248, 1249, 1262, 1263, 1275, 1286, 1287, 1302, 1303, 1324, 1325, 1338, 1340, 1341, 1352, 1353, 1361, 1363, 1364, 1385, 1397, 1398, 1410, 1411, 1428, 1429, 1442, 1443, 1455, 1457, 1458, 1479, 1490, 1498, 1499, 1507, 1509, 1510, 1522, 1523, 1533, 1535, 1536, 1556, 1569, 1570, 1577, 1578, 1588, 1599, 1600, 1607, 1608, 1615, 1617, 1618, 1628, 1640, 1641, 1650, 1651, 1660, 1662, 1664, 1665, 1686, 1696, 1697, 1703, 1704, 1718, 1719, 1730, 1731, 1738, 1740, 1741, 1764, 1765, 1792, 1793, 1820, 1821, 1852, 1853, 1911, 1912, 1949, 1957, 1958, 1965, 1966, 1973, 1975, 1976, 2000, 2001, 2029, 2030, 2058, 3104, 3145, 3146, 3162, 3163, 3170, 3171, 3186, 3187, 3202, 3203, 3275, 3284, 3314]@{}
http://www.sci.hkbu.edu.hk/eng/page/@[933, 1038, 1039, 1049, 1050, 1051, 1052, 1061, 1062, 1063, 1064, 1073, 1083, 1096, 1097, 1110, 1111, 1124, 1214, 1236, 1248, 1249, 1262, 1263, 1275, 1286, 1287, 1302, 1303, 1324, 1325, 1338, 1340, 1341, 1352, 1353, 1361, 1363, 1364, 1385, 1397, 1398, 1410, 1411, 1428, 1429, 1442, 1443, 1455, 1457, 1458, 1479, 1490, 1498, 1499, 1507, 1509, 1510, 1522, 1523, 1533, 1535, 1536, 1556, 1569, 1570, 1577, 1578, 1588, 1599, 1600, 1607, 1608, 1615, 1617, 1618, 1628, 1640, 1641, 1650, 1651, 1660, 1662, 1664, 1665, 1686, 1696, 1697, 1703, 1704, 1718, 1719, 1730, 1731, 1738, 1740, 1741, 1764, 1765, 1792, 1793, 1820, 1821, 1852, 1853, 1911, 1912, 1949, 1957, 1958, 1965, 1966, 1973, 1975, 1976, 2000, 2001, 2029, 2030, 2058, 2372, 2377, 2891, 3207, 3248, 3249, 3265, 3266, 3273, 3274, 3289, 3290, 3305, 3306, 3378, 3387, 3417]@{}
http://www.sci.hkbu.edu.hk/eng/about-us/honorary-doctorate@[933, 1038, 1039, 1049, 1050, 1051, 1052, 1061, 1062, 1063, 1064, 1073, 1083, 1096, 1097, 1110, 1111, 1124, 1214, 1236, 1248, 1249, 1262, 1263, 1275, 1286, 1287, 1302, 1303, 1324, 1325, 1338, 1340, 1341, 1352, 1353, 1361, 1363, 1364, 1385, 1397, 1398, 1410, 1411, 1428, 1429, 1442, 1443, 1455, 1457, 1458, 1479, 1490, 1498, 1499, 1507, 1509, 1510, 1522, 1523, 1533, 1535, 1536, 1556, 1569, 1570, 1577, 1578, 1588, 1599, 1600, 1607, 1608, 1615, 1617, 1618, 1628, 1640, 1641, 1650, 1651, 1660, 1662, 1664, 1665, 1686, 1696, 1697, 1703, 1704, 1718, 1719, 1730, 1731, 1738, 1740, 1741, 1764, 1765, 1792, 1793, 1820, 1821, 1852, 1853, 1911, 1912, 1949, 1957, 1958, 1965, 1966, 1973, 1975, 1976, 2000, 2001, 2029, 2030, 2058, 2373, 2385, 2386, 2399, 2400, 2411, 2412, 2442, 2443, 2477, 2478, 2518, 2519, 2551, 2552, 2563, 2564, 2572, 2596, 2602, 2603, 2611, 2612, 2617, 3738, 3779, 3780, 3796, 3797, 3804, 3805, 3820, 3821, 3836, 3837, 3909, 3918, 3948]@{}
http://www.sci.hkbu.edu.hk/eng/about-us/distinguished-professorship/eng/page/?page=prospective-students@[933, 1038, 1039, 1049, 1050, 1051, 1052, 1061, 1062, 1063, 1064, 1073, 1083, 1096, 1097, 1110, 1111, 1124, 1214, 1236, 1248, 1249, 1262, 1263, 1275, 1286, 1287, 1302, 1303, 1324, 1325, 1338, 1340, 1341, 1352, 1353, 1361, 1363, 1364, 1385, 1397, 1398, 1410, 1411, 1428, 1429, 1442, 1443, 1455, 1457, 1458, 1479, 1490, 1498, 1499, 1507, 1509, 1510, 1522, 1523, 1533, 1535, 1536, 1556, 1569, 1570, 1577, 1578, 1588, 1599, 1600, 1607, 1608, 1615, 1617, 1618, 1628, 1640, 1641, 1650, 1651, 1660, 1662, 1664, 1665, 1686, 1696, 1697, 1703, 1704, 1718, 1719, 1730, 1731, 1738, 1740, 1741, 1764, 1765, 1792, 1793, 1820, 1821, 1852, 1853, 1911, 1912, 1949, 1957, 1958, 1965, 1966, 1973, 1975, 1976, 2000, 2001, 2029, 2030, 2058, 2556, 2592, 2593, 2621, 2622, 2650, 2651, 2679, 2680, 2708, 3060, 3133, 3134, 3206, 3207, 3281, 3282, 3353, 3354, 3428, 3429, 3495, 3496, 3569, 3570, 3639, 3640, 3712, 3713, 3793, 5408, 5411, 5412, 5417, 5421, 5425, 5428, 5434, 5438, 5441, 5442, 5447, 5451, 5455, 5458, 5464, 5468, 5471, 5472, 5477, 5481, 5485, 5488, 5494, 5498, 5501, 5502, 5507, 5511, 5515, 5518, 5524, 5528, 5531, 5532, 5537, 5541, 5545, 5548, 5554, 5571, 5577, 5600, 5606, 5625, 5631, 5650, 5656, 5675, 5681, 5690, 5703, 5712, 5721, 5730, 5760, 5763, 5766, 5769, 5772, 5782, 5785, 5788, 5791, 5794, 7903, 7944, 7945, 7961, 7962, 7969, 7970, 7985, 7986, 8001, 8002, 8074, 8083, 8113]@{}
http://www.sci.hkbu.edu.hk/eng/about-us/honorary-doctorate/eng/page/?page=prospective-students@[933, 1038, 1039, 1049, 1050, 1051, 1052, 1061, 1062, 1063, 1064, 1073, 1083, 1096, 1097, 1110, 1111, 1124, 1214, 1236, 1248, 1249, 1262, 1263, 1275, 1286, 1287, 1302, 1303, 1324, 1325, 1338, 1340, 1341, 1352, 1353, 1361, 1363, 1364, 1385, 1397, 1398, 1410, 1411, 1428, 1429, 1442, 1443, 1455, 1457, 1458, 1479, 1490, 1498, 1499, 1507, 1509, 1510, 1522, 1523, 1533, 1535, 1536, 1556, 1569, 1570, 1577, 1578, 1588, 1599, 1600, 1607, 1608, 1615, 1617, 1618, 1628, 1640, 1641, 1650, 1651, 1660, 1662, 1664, 1665, 1686, 1696, 1697, 1703, 1704, 1718, 1719, 1730, 1731, 1738, 1740, 1741, 1764, 1765, 1792, 1793, 1820, 1821, 1852, 1853, 1911, 1912, 1949, 1957, 1958, 1965, 1966, 1973, 1975, 1976, 2000, 2001, 2029, 2030, 2058, 2556, 2592, 2593, 2621, 2622, 2650, 2651, 2679, 2680, 2708, 3060, 3133, 3134, 3206, 3207, 3281, 3282, 3353, 3354, 3428, 3429, 3495, 3496, 3569, 3570, 3639, 3640, 3712, 3713, 3793, 5408, 5411, 5412, 5417, 5421, 5425, 5428, 5434, 5438, 5441, 5442, 5447, 5451, 5455, 5458, 5464, 5468, 5471, 5472, 5477, 5481, 5485, 5488, 5494, 5498, 5501, 5502, 5507, 5511, 5515, 5518, 5524, 5528, 5531, 5532, 5537, 5541, 5545, 5548, 5554, 5571, 5577, 5600, 5606, 5625, 5631, 5650, 5656, 5675, 5681, 5690, 5703, 5712, 5721, 5730, 5760, 5763, 5766, 5769, 5772, 5782, 5785, 5788, 5791, 5794, 7903, 7944, 7945, 7961, 7962, 7969, 7970, 7985, 7986, 8001, 8002, 8074, 8083, 8113]@{}
http://www.sci.hkbu.edu.hk/eng/about-us/distinguished-professor-of-science@[933, 1038, 1039, 1049, 1050, 1051, 1052, 1061, 1062, 1063, 1064, 1073, 1083, 1096, 1097, 1110, 1111, 1124, 1214, 1236, 1248, 1249, 1262, 1263, 1275, 1286, 1287, 1302, 1303, 1324, 1325, 1338, 1340, 1341, 1352, 1353, 1361, 1363, 1364, 1385, 1397, 1398, 1410, 1411, 1428, 1429, 1442, 1443, 1455, 1457, 1458, 1479, 1490, 1498, 1499, 1507, 1509, 1510, 1522, 1523, 1533, 1535, 1536, 1556, 1569, 1570, 1577, 1578, 1588, 1599, 1600, 1607, 1608, 1615, 1617, 1618, 1628, 1640, 1641, 1650, 1651, 1660, 1662, 1664, 1665, 1686, 1696, 1697, 1703, 1704, 1718, 1719, 1730, 1731, 1738, 1740, 1741, 1764, 1765, 1792, 1793, 1820, 1821, 1852, 1853, 1911, 1912, 1949, 1957, 1958, 1965, 1966, 1973, 1975, 1976, 2000, 2001, 2029, 2030, 2058, 2373, 2385, 2386, 2399, 2400, 2411, 2412, 2442, 2443, 2477, 2478, 2518, 2519, 2551, 2552, 2563, 2564, 2572, 2598, 2604, 2605, 2613, 2614, 2621, 3554, 3595, 3596, 3612, 3613, 3620, 3621, 3636, 3637, 3652, 3653, 3725, 3734, 3764]@{}
http://www.sci.hkbu.edu.hk/eng/about-us/dr-kennedy-wong-distinguished-visiting-professorship-scheme@[933, 1038, 1039, 1049, 1050, 1051, 1052, 1061, 1062, 1063, 1064, 1073, 1083, 1096, 1097, 1110, 1111, 1124, 1214, 1236, 1248, 1249, 1262, 1263, 1275, 1286, 1287, 1302, 1303, 1324, 1325, 1338, 1340, 1341, 1352, 1353, 1361, 1363, 1364, 1385, 1397, 1398, 1410, 1411, 1428, 1429, 1442, 1443, 1455, 1457, 1458, 1479, 1490, 1498, 1499, 1507, 1509, 1510, 1522, 1523, 1533, 1535, 1536, 1556, 1569, 1570, 1577, 1578, 1588, 1599, 1600, 1607, 1608, 1615, 1617, 1618, 1628, 1640, 1641, 1650, 1651, 1660, 1662, 1664, 1665, 1686, 1696, 1697, 1703, 1704, 1718, 1719, 1730, 1731, 1738, 1740, 1741, 1764, 1765, 1792, 1793, 1820, 1821, 1852, 1853, 1911, 1912, 1949, 1957, 1958, 1965, 1966, 1973, 1975, 1976, 2000, 2001, 2029, 2030, 2058, 2373, 2385, 2386, 2399, 2400, 2411, 2412, 2442, 2443, 2477, 2478, 2518, 2519, 2551, 2552, 2563, 2564, 2572, 2601, 2607, 2608, 2616, 2617, 2627, 3223, 3264, 3265, 3281, 3282, 3289, 3290, 3305, 3306, 3321, 3322, 3394, 3403, 3433]@{}
http://www.sci.hkbu.edu.hk/eng/about-us/distinguished-professor-of-science/eng/page/?page=prospective-students@[933, 1038, 1039, 1049, 1050, 1051, 1052, 1061, 1062, 1063, 1064, 1073, 1083, 1096, 1097, 1110, 1111, 1124, 1214, 1236, 1248, 1249, 1262, 1263, 1275, 1286, 1287, 1302, 1303, 1324, 1325, 1338, 1340, 1341, 1352, 1353, 1361, 1363, 1364, 1385, 1397, 1398, 1410, 1411, 1428, 1429, 1442, 1443, 1455, 1457, 1458, 1479, 1490, 1498, 1499, 1507, 1509, 1510, 1522, 1523, 1533, 1535, 1536, 1556, 1569, 1570, 1577, 1578, 1588, 1599, 1600, 1607, 1608, 1615, 1617, 1618, 1628, 1640, 1641, 1650, 1651, 1660, 1662, 1664, 1665, 1686, 1696, 1697, 1703, 1704, 1718, 1719, 1730, 1731, 1738, 1740, 1741, 1764, 1765, 1792, 1793, 1820, 1821, 1852, 1853, 1911, 1912, 1949, 1957, 1958, 1965, 1966, 1973, 1975, 1976, 2000, 2001, 2029, 2030, 2058, 2556, 2592, 2593, 2621, 2622, 2650, 2651, 2679, 2680, 2708, 3060, 3133, 3134, 3206, 3207, 3281, 3282, 3353, 3354, 3428, 3429, 3495, 3496, 3569, 3570, 3639, 3640, 3712, 3713, 3793, 5408, 5411, 5412, 5417, 5421, 5425, 5428, 5434, 5438, 5441, 5442, 5447, 5451, 5455, 5458, 5464, 5468, 5471, 5472, 5477, 5481, 5485, 5488, 5494, 5498, 5501, 5502, 5507, 5511, 5515, 5518, 5524, 5528, 5531, 5532, 5537, 5541, 5545, 5548, 5554, 5571, 5577, 5600, 5606, 5625, 5631, 5650, 5656, 5675, 5681, 5690, 5703, 5712, 5721, 5730, 5760, 5763, 5766, 5769, 5772, 5782, 5785, 5788, 5791, 5794, 7903, 7944, 7945, 7961, 7962, 7969, 7970, 7985, 7986, 8001, 8002, 8074, 8083, 8113]@{}
http://www.sci.hkbu.edu.hk/eng/about-us/dr-kennedy-wong-distinguished-visiting-professorship-scheme/eng/page/?page=prospective-students@[933, 1038, 1039, 1049, 1050, 1051, 1052, 1061, 1062, 1063, 1064, 1073, 1083, 1096, 1097, 1110, 1111, 1124, 1214, 1236, 1248, 1249, 1262, 1263, 1275, 1286, 1287, 1302, 1303, 1324, 1325, 1338, 1340, 1341, 1352, 1353, 1361, 1363, 1364, 1385, 1397, 1398, 1410, 1411, 1428, 1429, 1442, 1443, 1455, 1457, 1458, 1479, 1490, 1498, 1499, 1507, 1509, 1510, 1522, 1523, 1533, 1535, 1536, 1556, 1569, 1570, 1577, 1578, 1588, 1599, 1600, 1607, 1608, 1615, 1617, 1618, 1628, 1640, 1641, 1650, 1651, 1660, 1662, 1664, 1665, 1686, 1696, 1697, 1703, 1704, 1718, 1719, 1730, 1731, 1738, 1740, 1741, 1764, 1765, 1792, 1793, 1820, 1821, 1852, 1853, 1911, 1912, 1949, 1957, 1958, 1965, 1966, 1973, 1975, 1976, 2000, 2001, 2029, 2030, 2058, 2556, 2592, 2593, 2621, 2622, 2650, 2651, 2679, 2680, 2708, 3060, 3133, 3134, 3206, 3207, 3281, 3282, 3353, 3354, 3428, 3429, 3495, 3496, 3569, 3570, 3639, 3640, 3712, 3713, 3793, 5408, 5411, 5412, 5417, 5421, 5425, 5428, 5434, 5438, 5441, 5442, 5447, 5451, 5455, 5458, 5464, 5468, 5471, 5472, 5477, 5481, 5485, 5488, 5494, 5498, 5501, 5502, 5507, 5511, 5515, 5518, 5524, 5528, 5531, 5532, 5537, 5541, 5545, 5548, 5554, 5571, 5577, 5600, 5606, 5625, 5631, 5650, 5656, 5675, 5681, 5690, 5703, 5712, 5721, 5730, 5760, 5763, 5766, 5769, 5772, 5782, 5785, 5788, 5791, 5794, 7903, 7944, 7945, 7961, 7962, 7969, 7970, 7985, 7986, 8001, 8002, 8074, 8083, 8113]@{}
http://www.sci.hkbu.edu.hk/eng/page/eng/about-us/vision-mission@[933, 1038, 1039, 1049, 1050, 1051, 1052, 1061, 1062, 1063, 1064, 1073, 1083, 1096, 1097, 1110, 1111, 1124, 1214, 1236, 1248, 1249, 1262, 1263, 1275, 1286, 1287, 1302, 1303, 1324, 1325, 1338, 1340, 1341, 1352, 1353, 1361, 1363, 1364, 1385, 1397, 1398, 1410, 1411, 1428, 1429, 1442, 1443, 1455, 1457, 1458, 1479, 1490, 1498, 1499, 1507, 1509, 1510, 1522, 1523, 1533, 1535, 1536, 1556, 1569, 1570, 1577, 1578, 1588, 1599, 1600, 1607, 1608, 1615, 1617, 1618, 1628, 1640, 1641, 1650, 1651, 1660, 1662, 1664, 1665, 1686, 1696, 1697, 1703, 1704, 1718, 1719, 1730, 1731, 1738, 1740, 1741, 1764, 1765, 1792, 1793, 1820, 1821, 1852, 1853, 1911, 1912, 1949, 1957, 1958, 1965, 1966, 1973, 1975, 1976, 2000, 2001, 2029, 2030, 2058, 2556, 2592, 2593, 2621, 2622, 2650, 2651, 2679, 2680, 2708, 3060, 3133, 3134, 3206, 3207, 3281, 3282, 3353, 3354, 3428, 3429, 3495, 3496, 3569, 3570, 3639, 3640, 3712, 3713, 3793, 5408, 5411, 5412, 5417, 5421, 5425, 5428, 5434, 5438, 5441, 5442, 5447, 5451, 5455, 5458, 5464, 5468, 5471, 5472, 5477, 5481, 5485, 5488, 5494, 5498, 5501, 5502, 5507, 5511, 5515, 5518, 5524, 5528, 5531, 5532, 5537, 5541, 5545, 5548, 5554, 5571, 5577, 5600, 5606, 5625, 5631, 5650, 5656, 5675, 5681, 5690, 5703, 5712, 5721, 5730, 5760, 5763, 5766, 5769, 5772, 5782, 5785, 5788, 5791, 5794, 7903, 7944, 7945, 7961, 7962, 7969, 7970, 7985, 7986, 8001, 8002, 8074, 8083, 8113]@{}
http://www.sci.hkbu.edu.hk/eng/page/eng/about-us/faculty-advisory-committee@[933, 1038, 1039, 1049, 1050, 1051, 1052, 1061, 1062, 1063, 1064, 1073, 1083, 1096, 1097, 1110, 1111, 1124, 1214, 1236, 1248, 1249, 1262, 1263, 1275, 1286, 1287, 1302, 1303, 1324, 1325, 1338, 1340, 1341, 1352, 1353, 1361, 1363, 1364, 1385, 1397, 1398, 1410, 1411, 1428, 1429, 1442, 1443, 1455, 1457, 1458, 1479, 1490, 1498, 1499, 1507, 1509, 1510, 1522, 1523, 1533, 1535, 1536, 1556, 1569, 1570, 1577, 1578, 1588, 1599, 1600, 1607, 1608, 1615, 1617, 1618, 1628, 1640, 1641, 1650, 1651, 1660, 1662, 1664, 1665, 1686, 1696, 1697, 1703, 1704, 1718, 1719, 1730, 1731, 1738, 1740, 1741, 1764, 1765, 1792, 1793, 1820, 1821, 1852, 1853, 1911, 1912, 1949, 1957, 1958, 1965, 1966, 1973, 1975, 1976, 2000, 2001, 2029, 2030, 2058, 2556, 2592, 2593, 2621, 2622, 2650, 2651, 2679, 2680, 2708, 3060, 3133, 3134, 3206, 3207, 3281, 3282, 3353, 3354, 3428, 3429, 3495, 3496, 3569, 3570, 3639, 3640, 3712, 3713, 3793, 5408, 5411, 5412, 5417, 5421, 5425, 5428, 5434, 5438, 5441, 5442, 5447, 5451, 5455, 5458, 5464, 5468, 5471, 5472, 5477, 5481, 5485, 5488, 5494, 5498, 5501, 5502, 5507, 5511, 5515, 5518, 5524, 5528, 5531, 5532, 5537, 5541, 5545, 5548, 5554, 5571, 5577, 5600, 5606, 5625, 5631, 5650, 5656, 5675, 5681, 5690, 5703, 5712, 5721, 5730, 5760, 5763, 5766, 5769, 5772, 5782, 5785, 5788, 5791, 5794, 7903, 7944, 7945, 7961, 7962, 7969, 7970, 7985, 7986, 8001, 8002, 8074, 8083, 8113]@{}
http://www.sci.hkbu.edu.hk/eng@[933, 1038, 1039, 1049, 1050, 1051, 1052, 1061, 1062, 1063, 1064, 1073, 1083, 1096, 1097, 1110, 1111, 1124, 1214, 1236, 1248, 1249, 1262, 1263, 1275, 1286, 1287, 1302, 1303, 1324, 1325, 1338, 1340, 1341, 1352, 1353, 1361, 1363, 1364, 1385, 1397, 1398, 1410, 1411, 1428, 1429, 1442, 1443, 1455, 1457, 1458, 1479, 1490, 1498, 1499, 1507, 1509, 1510, 1522, 1523, 1533, 1535, 1536, 1556, 1569, 1570, 1577, 1578, 1588, 1599, 1600, 1607, 1608, 1615, 1617, 1618, 1628, 1640, 1641, 1650, 1651, 1660, 1662, 1664, 1665, 1686, 1696, 1697, 1703, 1704, 1718, 1719, 1730, 1731, 1738, 1740, 1741, 1764, 1765, 1792, 1793, 1820, 1821, 1852, 1853, 1911, 1912, 1949, 1957, 1958, 1965, 1966, 1973, 1975, 1976, 2000, 2001, 2029, 2030, 2058, 2556, 2592, 2593, 2621, 2622, 2650, 2651, 2679, 2680, 2708, 3060, 3133, 3134, 3206, 3207, 3281, 3282, 3353, 3354, 3428, 3429, 3495, 3496, 3569, 3570, 3639, 3640, 3712, 3713, 3793, 5408, 5411, 5412, 5417, 5421, 5425, 5428, 5434, 5438, 5441, 5442, 5447, 5451, 5455, 5458, 5464, 5468, 5471, 5472, 5477, 5481, 5485, 5488, 5494, 5498, 5501, 5502, 5507, 5511, 5515, 5518, 5524, 5528, 5531, 5532, 5537, 5541, 5545, 5548, 5554, 5571, 5577, 5600, 5606, 5625, 5631, 5650, 5656, 5675, 5681, 5690, 5703, 5712, 5721, 5730, 5760, 5763, 5766, 5769, 5772, 5782, 5785, 5788, 5791, 5794, 7903, 7944, 7945, 7961, 7962, 7969, 7970, 7985, 7986, 8001, 8002, 8074, 8083, 8113]@{}
http://www.sci.hkbu.edu.hk/eng/about-us/vision-mission@[933, 1038, 1039, 1049, 1050, 1051, 1052, 1061, 1062, 1063, 1064, 1073, 1083, 1096, 1097, 1110, 1111, 1124, 1214, 1236, 1248, 1249, 1262, 1263, 1275, 1286, 1287, 1302, 1303, 1324, 1325, 1338, 1340, 1341, 1352, 1353, 1361, 1363, 1364, 1385, 1397, 1398, 1410, 1411, 1428, 1429, 1442, 1443, 1455, 1457, 1458, 1479, 1490, 1498, 1499, 1507, 1509, 1510, 1522, 1523, 1533, 1535, 1536, 1556, 1569, 1570, 1577, 1578, 1588, 1599, 1600, 1607, 1608, 1615, 1617, 1618, 1628, 1640, 1641, 1650, 1651, 1660, 1662, 1664, 1665, 1686, 1696, 1697, 1703, 1704, 1718, 1719, 1730, 1731, 1738, 1740, 1741, 1764, 1765, 1792, 1793, 1820, 1821, 1852, 1853, 1911, 1912, 1949, 1957, 1958, 1965, 1966, 1973, 1975, 1976, 2000, 2001, 2029, 2030, 2058, 2373, 2385, 2386, 2399, 2400, 2411, 2412, 2442, 2443, 2477, 2478, 2518, 2519, 2551, 2552, 2563, 2564, 2572, 2597, 2605, 2606, 2612, 3127, 3168, 3169, 3185, 3186, 3193, 3194, 3209, 3210, 3225, 3226, 3298, 3307, 3337]@{}
http://www.sci.hkbu.edu.hk/eng/about-us/faculty-advisory-committee@[933, 1038, 1039, 1049, 1050, 1051, 1052, 1061, 1062, 1063, 1064, 1073, 1083, 1096, 1097, 1110, 1111, 1124, 1214, 1236, 1248, 1249, 1262, 1263, 1275, 1286, 1287, 1302, 1303, 1324, 1325, 1338, 1340, 1341, 1352, 1353, 1361, 1363, 1364, 1385, 1397, 1398, 1410, 1411, 1428, 1429, 1442, 1443, 1455, 1457, 1458, 1479, 1490, 1498, 1499, 1507, 1509, 1510, 1522, 1523, 1533, 1535, 1536, 1556, 1569, 1570, 1577, 1578, 1588, 1599, 1600, 1607, 1608, 1615, 1617, 1618, 1628, 1640, 1641, 1650, 1651, 1660, 1662, 1664, 1665, 1686, 1696, 1697, 1703, 1704, 1718, 1719, 1730, 1731, 1738, 1740, 1741, 1764, 1765, 1792, 1793, 1820, 1821, 1852, 1853, 1911, 1912, 1949, 1957, 1958, 1965, 1966, 1973, 1975, 1976, 2000, 2001, 2029, 2030, 2058, 2373, 2385, 2386, 2399, 2400, 2411, 2412, 2442, 2443, 2477, 2478, 2518, 2519, 2551, 2552, 2563, 2564, 2572, 2597, 2605, 2606, 2612, 2713, 2729, 2730, 2739, 2740, 2747, 2748, 2757, 2758, 2771, 3116, 3881, 3922, 3923, 3939, 3940, 3947, 3948, 3963, 3964, 3979, 3980, 4052, 4061, 4091]@{}
http://www.sci.hkbu.edu.hk/eng/about-us/vision-mission/eng/page/?page=prospective-students@[933, 1038, 1039, 1049, 1050, 1051, 1052, 1061, 1062, 1063, 1064, 1073, 1083, 1096, 1097, 1110, 1111, 1124, 1214, 1236, 1248, 1249, 1262, 1263, 1275, 1286, 1287, 1302, 1303, 1324, 1325, 1338, 1340, 1341, 1352, 1353, 1361, 1363, 1364, 1385, 1397, 1398, 1410, 1411, 1428, 1429, 1442, 1443, 1455, 1457, 1458, 1479, 1490, 1498, 1499, 1507, 1509, 1510, 1522, 1523, 1533, 1535, 1536, 1556, 1569, 1570, 1577, 1578, 1588, 1599, 1600, 1607, 1608, 1615, 1617, 1618, 1628, 1640, 1641, 1650, 1651, 1660, 1662, 1664, 1665, 1686, 1696, 1697, 1703, 1704, 1718, 1719, 1730, 1731, 1738, 1740, 1741, 1764, 1765, 1792, 1793, 1820, 1821, 1852, 1853, 1911, 1912, 1949, 1957, 1958, 1965, 1966, 1973, 1975, 1976, 2000, 2001, 2029, 2030, 2058, 2556, 2592, 2593, 2621, 2622, 2650, 2651, 2679, 2680, 2708, 3060, 3133, 3134, 3206, 3207, 3281, 3282, 3353, 3354, 3428, 3429, 3495, 3496, 3569, 3570, 3639, 3640, 3712, 3713, 3793, 5408, 5411, 5412, 5417, 5421, 5425, 5428, 5434, 5438, 5441, 5442, 5447, 5451, 5455, 5458, 5464, 5468, 5471, 5472, 5477, 5481, 5485, 5488, 5494, 5498, 5501, 5502, 5507, 5511, 5515, 5518, 5524, 5528, 5531, 5532, 5537, 5541, 5545, 5548, 5554, 5571, 5577, 5600, 5606, 5625, 5631, 5650, 5656, 5675, 5681, 5690, 5703, 5712, 5721, 5730, 5760, 5763, 5766, 5769, 5772, 5782, 5785, 5788, 5791, 5794, 7903, 7944, 7945, 7961, 7962, 7969, 7970, 7985, 7986, 8001, 8002, 8074, 8083, 8113]@{}
http://www.sci.hkbu.edu.hk/eng/about-us/faculty-advisory-committee/eng/page/?page=prospective-students@[933, 1038, 1039, 1049, 1050, 1051, 1052, 1061, 1062, 1063, 1064, 1073, 1083, 1096, 1097, 1110, 1111, 1124, 1214, 1236, 1248, 1249, 1262, 1263, 1275, 1286, 1287, 1302, 1303, 1324, 1325, 1338, 1340, 1341, 1352, 1353, 1361, 1363, 1364, 1385, 1397, 1398, 1410, 1411, 1428, 1429, 1442, 1443, 1455, 1457, 1458, 1479, 1490, 1498, 1499, 1507, 1509, 1510, 1522, 1523, 1533, 1535, 1536, 1556, 1569, 1570, 1577, 1578, 1588, 1599, 1600, 1607, 1608, 1615, 1617, 1618, 1628, 1640, 1641, 1650, 1651, 1660, 1662, 1664, 1665, 1686, 1696, 1697, 1703, 1704, 1718, 1719, 1730, 1731, 1738, 1740, 1741, 1764, 1765, 1792, 1793, 1820, 1821, 1852, 1853, 1911, 1912, 1949, 1957, 1958, 1965, 1966, 1973, 1975, 1976, 2000, 2001, 2029, 2030, 2058, 2556, 2592, 2593, 2621, 2622, 2650, 2651, 2679, 2680, 2708, 3060, 3133, 3134, 3206, 3207, 3281, 3282, 3353, 3354, 3428, 3429, 3495, 3496, 3569, 3570, 3639, 3640, 3712, 3713, 3793, 5408, 5411, 5412, 5417, 5421, 5425, 5428, 5434, 5438, 5441, 5442, 5447, 5451, 5455, 5458, 5464, 5468, 5471, 5472, 5477, 5481, 5485, 5488, 5494, 5498, 5501, 5502, 5507, 5511, 5515, 5518, 5524, 5528, 5531, 5532, 5537, 5541, 5545, 5548, 5554, 5571, 5577, 5600, 5606, 5625, 5631, 5650, 5656, 5675, 5681, 5690, 5703, 5712, 5721, 5730, 5760, 5763, 5766, 5769, 5772, 5782, 5785, 5788, 5791, 5794, 7903, 7944, 7945, 7961, 7962, 7969, 7970, 7985, 7986, 8001, 8002, 8074, 8083, 8113]@{}
http://www.sci.hkbu.edu.hk/eng/about-us/distinguished-professorship@[933, 1038, 1039, 1049, 1050, 1051, 1052, 1061, 1062, 1063, 1064, 1073, 1083, 1096, 1097, 1110, 1111, 1124, 1214, 1236, 1248, 1249, 1262, 1263, 1275, 1286, 1287, 1302, 1303, 1324, 1325, 1338, 1340, 1341, 1352, 1353, 1361, 1363, 1364, 1385, 1397, 1398, 1410, 1411, 1428, 1429, 1442, 1443, 1455, 1457, 1458, 1479, 1490, 1498, 1499, 1507, 1509, 1510, 1522, 1523, 1533, 1535, 1536, 1556, 1569, 1570, 1577, 1578, 1588, 1599, 1600, 1607, 1608, 1615, 1617, 1618, 1628, 1640, 1641, 1650, 1651, 1660, 1662, 1664, 1665, 1686, 1696, 1697, 1703, 1704, 1718, 1719, 1730, 1731, 1738, 1740, 1741, 1764, 1765, 1792, 1793, 1820, 1821, 1852, 1853, 1911, 1912, 1949, 1957, 1958, 1965, 1966, 1973, 1975, 1976, 2000, 2001, 2029, 2030, 2058, 2373, 2385, 2386, 2399, 2400, 2411, 2412, 2442, 2443, 2477, 2478, 2518, 2519, 2551, 2552, 2563, 2564, 2572, 2596, 2604, 2605, 2610, 2772, 2813, 2814, 2830, 2831, 2838, 2839, 2854, 2855, 2870, 2871, 2943, 2952, 2982]@{}
