https://www.hkbu.edu.hk@[49]@[]
https://www.hkbu.edu.hk/eng/about/privacy.jsp@[49]@[]
https://www.comp.hkbu.edu.hk/v1/?page=dlecture@[2565]@[2565]
https://www.comp.hkbu.edu.hk/v1/?file=355@[12, 15, 18, 21, 24, 27, 30, 33, 36, 39, 42, 45, 48, 51, 54, 57, 60, 63, 66, 69, 72, 75, 78, 81, 84, 87, 90, 93, 96, 191, 237, 244, 273, 329, 344, 350, 434, 463, 523, 631, 661, 671, 752, 799, 816, 856, 864, 910, 937, 963, 976, 1012, 1038, 1045, 1098, 1149, 1205, 1230, 1236, 1252, 1292, 1341, 1363, 1367, 1377, 1385, 1388, 1407, 1420, 1421, 1571, 1724, 1732, 1746, 1758, 1760, 1771, 1808, 1871, 1902, 1932, 1960, 1974, 2008, 2060, 2063, 2208, 2223, 2253, 2254, 2283, 2298, 2375, 2405, 2436, 2446, 2447, 2455, 2511, 2516, 2519, 2540, 2544, 2564, 2590, 2643, 2656, 2674, 2686, 2687, 2715, 2843, 2846, 2854, 2932, 2993, 3064, 3260, 3267, 3284, 3290, 3312, 3382, 3500, 3520, 3593, 3616, 3642, 3654, 3708, 3727, 3755, 3800, 3831, 3842, 3908, 3909, 3914, 3925, 3946, 3979, 3984, 4037, 4133, 4161, 4263, 4298, 4338, 4348, 4351, 4446, 4559, 4573, 4632, 4641, 4667, 4744, 4871, 4904, 4906, 4939, 4984, 4985, 5073, 5156, 5259, 5346, 5485, 5550, 5551, 5568, 5762, 5784, 5864, 5881, 5933, 5935, 5949, 5951, 5965, 5967, 5981, 5983, 6007, 6009, 6023, 6025, 6039, 6041, 6055, 6057, 6131, 6169, 6221, 6225, 6256, 6329, 6395, 6403, 6506, 6570, 6607, 6610, 6686, 6699, 6729, 6937, 6983, 7079, 7166, 7243, 7273, 7286, 7297, 7453, 7502, 7534, 7635, 9549, 9552, 9555]@[]
https://www.comp.hkbu.edu.hk/v1/?file=1431@[12, 15, 18, 21, 24, 27, 30, 33, 36, 39, 42, 45, 48, 51, 54, 57, 60, 63, 66, 69, 72, 75, 78, 81, 84, 87, 90, 93, 96, 99, 102, 105, 108, 111, 114, 117, 120, 123, 126, 129, 132, 135, 138, 141, 144, 147, 150, 153, 156, 159, 162, 165, 168, 171, 174, 177, 180, 183, 186, 189, 192, 195, 198, 201, 204, 207, 210, 213, 216, 219, 222, 225, 228, 231, 234, 237, 240, 243, 246, 249, 252, 255, 258, 261, 264, 267, 270, 273, 276, 279, 282, 285, 288, 291, 294, 297, 300, 303, 306, 309, 312, 315, 318, 321, 324, 327, 330, 333, 336, 339, 342, 345, 348, 351, 354, 357, 360, 363, 366, 369, 372, 375, 378, 381, 384, 387, 390, 393, 396, 399, 402, 405, 408, 411, 414, 417, 420, 423, 426, 429, 432, 435, 438, 441, 444, 447, 450, 453, 456, 459, 462, 465, 468, 471, 474, 477, 480, 483, 486, 489, 492, 495, 498, 501, 504, 507, 510, 513, 516, 519, 522, 525, 528, 531, 534, 537, 540, 543, 546, 549, 552, 555, 558, 561, 564, 567, 570, 573, 576, 579, 582, 585, 588, 591, 594, 597, 600, 603, 606, 609, 612, 615, 618, 621, 624, 627, 630, 633, 636, 639, 642, 645, 648, 651, 654, 657, 660, 663, 666, 669, 672, 675, 678, 681, 684, 687, 690, 693, 696, 699, 702, 705, 708, 711, 714, 717, 720, 723, 726, 729, 732, 735, 738, 741, 744, 747, 750, 753, 756, 759, 762, 765, 768, 771, 774, 777, 780, 783, 786, 789, 792, 795, 798, 801, 804, 807, 810, 813, 816, 819, 822, 825, 828, 831, 834, 837, 840, 843, 846, 849, 852, 855, 858, 861, 864, 867, 870, 873, 876, 879, 882, 885, 888, 891, 894, 897, 900, 903, 906, 909, 912, 915, 918, 921, 924, 927, 930, 933, 936, 939, 942, 945, 948, 951, 954, 957, 960, 963, 966, 969, 972, 975, 978, 981, 984, 987, 990, 993, 996, 999, 1002, 1005, 1008, 1011, 1014, 1017, 1020, 1023, 1026, 1029, 1032, 1035, 1038, 1041, 1044, 1047, 1050, 1196, 1210, 1276, 1352, 1406, 1407, 1447, 1799, 1830, 1838, 1855, 1906, 1926, 1934, 1958, 2026, 2028, 2120, 2127, 2160, 2305, 2387, 2750, 2834, 2868, 2871, 2932, 2975, 2985, 2988, 3094, 3098, 3273, 3282, 3358, 3390, 3428, 3469, 3471, 3509, 3536, 3587, 3657, 3785, 3815, 3817, 3844, 3938, 4016, 4039, 4048, 4049, 4057, 4076, 4136, 4194, 4265, 4273, 4348, 4432, 4467, 4503, 4505, 4561, 4593, 4610, 4625, 4683, 4701, 4723, 4740, 4757, 4797, 4894, 4995, 5007, 5033, 5036, 5040, 5046, 5094, 5139, 5147, 5178, 5213, 5276, 5281, 5338, 5361, 5371, 5372, 5767, 10584, 10587, 10590]@[]
https://policies.google.com/terms@[4155]@[4155]
https://policies.google.com/privacy@[7656]@[7656]
https://myaccount.google.com@[62]@[62]
https://mail.google.com/mail/?tab=wm@[62]@[62]
https://drive.google.com/?tab=wo@[62]@[62]
https://accounts.google.com/SignUp?continue=https%3A%2F%2Fmyaccount.google.com%2Fgeneral-light@[415]@[415]
https://support.google.com/websearch?hl=zh@[97]@[97]
https://www.google.com.hk@[28]@[28]
https://support.google.com/accounts/answer/23852?hl=zh-HK@[62]@[62]
