http://www.comp.hkbu.edu.hk@[22, 35, 578, 590, 2173, 2673, 2680, 2687, 2699, 2711, 3846, 3890, 3936, 3979, 4020, 4061, 4099, 6938]@{}
http://www.comp.hkbu.edu.hk/v1/?page=hkbu@[14]@{}
http://www.comp.hkbu.edu.hk/v1/?page=sci@[9, 821]@{}
http://www.comp.hkbu.edu.hk/v1/?page=job_vacancies?=tc@[22, 35, 578, 590, 2173, 2673, 2680, 2687, 2699, 2711, 3852, 3896, 3942, 3985, 4026, 4067, 4105, 6914]@{}
http://www.comp.hkbu.edu.hk/v1/?page=job_vacancies?=sc@[22, 35, 578, 590, 2173, 2673, 2680, 2687, 2699, 2711, 3852, 3896, 3942, 3985, 4026, 4067, 4105, 6923]@{}
http://www.comp.hkbu.edu.hk/v1/?page=sitemap?=tc@[22, 35, 578, 590, 2173, 2673, 2680, 2687, 2699, 2711, 3852, 3896, 3942, 3985, 4026, 4067, 4105, 6926]@{}
http://www.comp.hkbu.edu.hk/v1/?page=sitemap?=sc@[22, 35, 578, 590, 2173, 2673, 2680, 2687, 2699, 2711, 3852, 3896, 3942, 3985, 4026, 4067, 4105, 6941]@{}
http://www.comp.hkbu.edu.hk/v1/?lang=sc@[22, 35, 578, 590, 2173, 2673, 2680, 2687, 2699, 2711, 3846, 3890, 3936, 3979, 4020, 4061, 4099, 6907]@{}
http://www.comp.hkbu.edu.hk/~alumni/news/../news/@[762, 833, 910, 1057, 1107, 1195, 1277, 1352, 1403, 1481, 1532, 1613, 1670, 1749, 1802, 1857, 1915, 1972, 2046, 2131, 2188, 2267, 2316, 2406, 2461, 2535, 2593, 2647, 2735, 2815, 2900, 2999, 3124, 3199, 3290, 3379, 3481, 3571, 3655, 3747, 3847, 3954, 4066, 4176, 4305, 4397, 4487, 4549, 4615, 4679, 4756, 4841, 4923, 5037, 5054]@{}
http://www.comp.hkbu.edu.hk/~alumni/news/../scholarship/@[869, 886]@{}
http://www.comp.hkbu.edu.hk/~alumni/news/../donation/@[669, 702, 734, 767, 800, 845, 890, 935, 985, 1206, 1359, 1376]@{}
http://www.comp.hkbu.edu.hk/v1/?page=job_vacancies?=tc?=tc@[22, 35, 578, 590, 2173, 2673, 2680, 2687, 2699, 2711, 3854, 3898, 3944, 3987, 4028, 4069, 4107, 6928]@{}
http://www.comp.hkbu.edu.hk/v1/?page=job_vacancies?=sc?=tc@[22, 35, 578, 590, 2173, 2673, 2680, 2687, 2699, 2711, 3854, 3898, 3944, 3987, 4028, 4069, 4107, 6957]@{}
http://www.comp.hkbu.edu.hk/v1/?page=sitemap?=tc?=tc@[22, 35, 578, 590, 2173, 2673, 2680, 2687, 2699, 2711, 3854, 3898, 3944, 3987, 4028, 4069, 4107, 6919]@{}
http://www.comp.hkbu.edu.hk/v1/?page=sitemap?=sc?=tc@[22, 35, 578, 590, 2173, 2673, 2680, 2687, 2699, 2711, 3854, 3898, 3944, 3987, 4028, 4069, 4107, 6946]@{}
http://www.comp.hkbu.edu.hk/v1/?page=home@[22, 35, 578, 590, 2173, 2673, 2680, 2687, 2699, 2711, 3850, 3894, 3940, 3983, 4024, 4065, 4103, 6911]@{}
http://www.comp.hkbu.edu.hk/~alumni/news/../news/../news/@[762, 833, 910, 1057, 1107, 1195, 1277, 1352, 1403, 1481, 1532, 1613, 1670, 1749, 1802, 1857, 1915, 1972, 2046, 2131, 2188, 2267, 2316, 2406, 2461, 2535, 2593, 2647, 2735, 2815, 2900, 2999, 3124, 3199, 3290, 3379, 3481, 3571, 3655, 3747, 3847, 3954, 4066, 4176, 4305, 4397, 4487, 4549, 4615, 4679, 4756, 4841, 4923, 5037, 5054]@{}
http://www.comp.hkbu.edu.hk/~alumni/news/../scholarship/../news/@[762, 833, 910, 1057, 1107, 1195, 1277, 1352, 1403, 1481, 1532, 1613, 1670, 1749, 1802, 1857, 1915, 1972, 2046, 2131, 2188, 2267, 2316, 2406, 2461, 2535, 2593, 2647, 2735, 2815, 2900, 2999, 3124, 3199, 3290, 3379, 3481, 3571, 3655, 3747, 3847, 3954, 4066, 4176, 4305, 4397, 4487, 4549, 4615, 4679, 4756, 4841, 4923, 5037, 5054]@{}
http://www.comp.hkbu.edu.hk/~alumni/news/../donation/../news/@[762, 833, 910, 1057, 1107, 1195, 1277, 1352, 1403, 1481, 1532, 1613, 1670, 1749, 1802, 1857, 1915, 1972, 2046, 2131, 2188, 2267, 2316, 2406, 2461, 2535, 2593, 2647, 2735, 2815, 2900, 2999, 3124, 3199, 3290, 3379, 3481, 3571, 3655, 3747, 3847, 3954, 4066, 4176, 4305, 4397, 4487, 4549, 4615, 4679, 4756, 4841, 4923, 5037, 5054]@{}
http://www.comp.hkbu.edu.hk/v1/?page=job_vacancies?=tc?=tc?=tc@[22, 35, 578, 590, 2173, 2673, 2680, 2687, 2699, 2711, 3856, 3900, 3946, 3989, 4030, 4071, 4109, 6954]@{}
http://www.comp.hkbu.edu.hk/v1/?page=job_vacancies?=sc?=tc?=tc@[22, 35, 578, 590, 2173, 2673, 2680, 2687, 2699, 2711, 3856, 3900, 3946, 3989, 4030, 4071, 4109, 6923]@{}
http://www.comp.hkbu.edu.hk/v1/?page=sitemap?=tc?=tc?=tc@[22, 35, 578, 590, 2173, 2673, 2680, 2687, 2699, 2711, 3856, 3900, 3946, 3989, 4030, 4071, 4109, 6951]@{}
http://www.comp.hkbu.edu.hk/v1/?page=sitemap?=sc?=tc?=tc@[22, 35, 578, 590, 2173, 2673, 2680, 2687, 2699, 2711, 3856, 3900, 3946, 3989, 4030, 4071, 4109, 6954]@{}
http://www.comp.hkbu.edu.hk/v1/?page=home?=tc@[22, 35, 578, 590, 2173, 2673, 2680, 2687, 2699, 2711, 3852, 3896, 3942, 3985, 4026, 4067, 4105, 6939]@{}
http://www.comp.hkbu.edu.hk/~alumni/news/../news/../news/../news/@[762, 833, 910, 1057, 1107, 1195, 1277, 1352, 1403, 1481, 1532, 1613, 1670, 1749, 1802, 1857, 1915, 1972, 2046, 2131, 2188, 2267, 2316, 2406, 2461, 2535, 2593, 2647, 2735, 2815, 2900, 2999, 3124, 3199, 3290, 3379, 3481, 3571, 3655, 3747, 3847, 3954, 4066, 4176, 4305, 4397, 4487, 4549, 4615, 4679, 4756, 4841, 4923, 5037, 5054]@{}
http://www.comp.hkbu.edu.hk/~alumni/news/../scholarship/../news/../news/@[762, 833, 910, 1057, 1107, 1195, 1277, 1352, 1403, 1481, 1532, 1613, 1670, 1749, 1802, 1857, 1915, 1972, 2046, 2131, 2188, 2267, 2316, 2406, 2461, 2535, 2593, 2647, 2735, 2815, 2900, 2999, 3124, 3199, 3290, 3379, 3481, 3571, 3655, 3747, 3847, 3954, 4066, 4176, 4305, 4397, 4487, 4549, 4615, 4679, 4756, 4841, 4923, 5037, 5054]@{}
http://www.comp.hkbu.edu.hk/~alumni/news/../donation/../news/../news/@[762, 833, 910, 1057, 1107, 1195, 1277, 1352, 1403, 1481, 1532, 1613, 1670, 1749, 1802, 1857, 1915, 1972, 2046, 2131, 2188, 2267, 2316, 2406, 2461, 2535, 2593, 2647, 2735, 2815, 2900, 2999, 3124, 3199, 3290, 3379, 3481, 3571, 3655, 3747, 3847, 3954, 4066, 4176, 4305, 4397, 4487, 4549, 4615, 4679, 4756, 4841, 4923, 5037, 5054]@{}
http://www.comp.hkbu.edu.hk/v1/?page=job_vacancies?=tc?=tc?=tc?=tc@[22, 35, 578, 590, 2173, 2673, 2680, 2687, 2699, 2711, 3858, 3902, 3948, 3991, 4032, 4073, 4111, 6934]@{}
http://www.comp.hkbu.edu.hk/v1/?page=job_vacancies?=sc?=tc?=tc?=tc@[22, 35, 578, 590, 2173, 2673, 2680, 2687, 2699, 2711, 3858, 3902, 3948, 3991, 4032, 4073, 4111, 6922]@{}
http://www.comp.hkbu.edu.hk/v1/?page=sitemap?=tc?=tc?=tc?=tc@[22, 35, 578, 590, 2173, 2673, 2680, 2687, 2699, 2711, 3858, 3902, 3948, 3991, 4032, 4073, 4111, 6940]@{}
http://www.comp.hkbu.edu.hk/v1/?page=sitemap?=sc?=tc?=tc?=tc@[22, 35, 578, 590, 2173, 2673, 2680, 2687, 2699, 2711, 3858, 3902, 3948, 3991, 4032, 4073, 4111, 6948]@{}
http://www.comp.hkbu.edu.hk/v1/?page=home?=tc?=tc@[22, 35, 578, 590, 2173, 2673, 2680, 2687, 2699, 2711, 3854, 3898, 3944, 3987, 4028, 4069, 4107, 6922]@{}
http://www.comp.hkbu.edu.hk/~alumni/news/../news/../news/../news/../news/@[762, 833, 910, 1057, 1107, 1195, 1277, 1352, 1403, 1481, 1532, 1613, 1670, 1749, 1802, 1857, 1915, 1972, 2046, 2131, 2188, 2267, 2316, 2406, 2461, 2535, 2593, 2647, 2735, 2815, 2900, 2999, 3124, 3199, 3290, 3379, 3481, 3571, 3655, 3747, 3847, 3954, 4066, 4176, 4305, 4397, 4487, 4549, 4615, 4679, 4756, 4841, 4923, 5037, 5054]@{}
http://www.comp.hkbu.edu.hk/~alumni/news/../scholarship/../news/../news/../news/@[762, 833, 910, 1057, 1107, 1195, 1277, 1352, 1403, 1481, 1532, 1613, 1670, 1749, 1802, 1857, 1915, 1972, 2046, 2131, 2188, 2267, 2316, 2406, 2461, 2535, 2593, 2647, 2735, 2815, 2900, 2999, 3124, 3199, 3290, 3379, 3481, 3571, 3655, 3747, 3847, 3954, 4066, 4176, 4305, 4397, 4487, 4549, 4615, 4679, 4756, 4841, 4923, 5037, 5054]@{}
http://www.comp.hkbu.edu.hk/~alumni/news/../donation/../news/../news/../news/@[762, 833, 910, 1057, 1107, 1195, 1277, 1352, 1403, 1481, 1532, 1613, 1670, 1749, 1802, 1857, 1915, 1972, 2046, 2131, 2188, 2267, 2316, 2406, 2461, 2535, 2593, 2647, 2735, 2815, 2900, 2999, 3124, 3199, 3290, 3379, 3481, 3571, 3655, 3747, 3847, 3954, 4066, 4176, 4305, 4397, 4487, 4549, 4615, 4679, 4756, 4841, 4923, 5037, 5054]@{}
http://www.comp.hkbu.edu.hk/v1/?page=job_vacancies?=tc?=tc?=tc?=tc?=tc@[22, 35, 578, 590, 2173, 2673, 2680, 2687, 2699, 2711, 3860, 3904, 3950, 3993, 4034, 4075, 4113, 6929]@{}
http://www.comp.hkbu.edu.hk/v1/?page=job_vacancies?=sc?=tc?=tc?=tc?=tc@[22, 35, 578, 590, 2173, 2673, 2680, 2687, 2699, 2711, 3860, 3904, 3950, 3993, 4034, 4075, 4113, 6931]@{}
http://www.comp.hkbu.edu.hk/v1/?page=sitemap?=tc?=tc?=tc?=tc?=tc@[22, 35, 578, 590, 2173, 2673, 2680, 2687, 2699, 2711, 3860, 3904, 3950, 3993, 4034, 4075, 4113, 6951]@{}
http://www.comp.hkbu.edu.hk/v1/?page=sitemap?=sc?=tc?=tc?=tc?=tc@[22, 35, 578, 590, 2173, 2673, 2680, 2687, 2699, 2711, 3860, 3904, 3950, 3993, 4034, 4075, 4113, 6936]@{}
http://www.comp.hkbu.edu.hk/v1/?page=home?=tc?=tc?=tc@[22, 35, 578, 590, 2173, 2673, 2680, 2687, 2699, 2711, 3856, 3900, 3946, 3989, 4030, 4071, 4109, 6936]@{}
http://www.comp.hkbu.edu.hk/~alumni/news/../news/../news/../news/../news/../news/@[762, 833, 910, 1057, 1107, 1195, 1277, 1352, 1403, 1481, 1532, 1613, 1670, 1749, 1802, 1857, 1915, 1972, 2046, 2131, 2188, 2267, 2316, 2406, 2461, 2535, 2593, 2647, 2735, 2815, 2900, 2999, 3124, 3199, 3290, 3379, 3481, 3571, 3655, 3747, 3847, 3954, 4066, 4176, 4305, 4397, 4487, 4549, 4615, 4679, 4756, 4841, 4923, 5037, 5054]@{}
http://www.comp.hkbu.edu.hk/~alumni/news/../scholarship/../news/../news/../news/../news/@[762, 833, 910, 1057, 1107, 1195, 1277, 1352, 1403, 1481, 1532, 1613, 1670, 1749, 1802, 1857, 1915, 1972, 2046, 2131, 2188, 2267, 2316, 2406, 2461, 2535, 2593, 2647, 2735, 2815, 2900, 2999, 3124, 3199, 3290, 3379, 3481, 3571, 3655, 3747, 3847, 3954, 4066, 4176, 4305, 4397, 4487, 4549, 4615, 4679, 4756, 4841, 4923, 5037, 5054]@{}
http://www.comp.hkbu.edu.hk/~alumni/news/../donation/../news/../news/../news/../news/@[762, 833, 910, 1057, 1107, 1195, 1277, 1352, 1403, 1481, 1532, 1613, 1670, 1749, 1802, 1857, 1915, 1972, 2046, 2131, 2188, 2267, 2316, 2406, 2461, 2535, 2593, 2647, 2735, 2815, 2900, 2999, 3124, 3199, 3290, 3379, 3481, 3571, 3655, 3747, 3847, 3954, 4066, 4176, 4305, 4397, 4487, 4549, 4615, 4679, 4756, 4841, 4923, 5037, 5054]@{}
http://www.comp.hkbu.edu.hk/v1/?page=job_vacancies@[22, 35, 124, 136, 1721, 2221, 2228, 2235, 2247, 2259, 3398, 3442, 3488, 3531, 3572, 3613, 3651, 4449]@{}
http://www.comp.hkbu.edu.hk/v1/?page=job_vacancies?=tc?=tc?=tc?=tc?=tc?=tc@[22, 35, 578, 590, 2173, 2673, 2680, 2687, 2699, 2711, 3862, 3906, 3952, 3995, 4036, 4077, 4115, 6926]@{}
http://www.comp.hkbu.edu.hk/v1/?page=job_vacancies?=sc?=tc?=tc?=tc?=tc?=tc@[22, 35, 578, 590, 2173, 2673, 2680, 2687, 2699, 2711, 3862, 3906, 3952, 3995, 4036, 4077, 4115, 6953]@{}
http://www.comp.hkbu.edu.hk/v1/?page=sitemap?=tc?=tc?=tc?=tc?=tc?=tc@[22, 35, 578, 590, 2173, 2673, 2680, 2687, 2699, 2711, 3862, 3906, 3952, 3995, 4036, 4077, 4115, 6943]@{}
http://www.comp.hkbu.edu.hk/v1/?page=sitemap?=sc?=tc?=tc?=tc?=tc?=tc@[22, 35, 578, 590, 2173, 2673, 2680, 2687, 2699, 2711, 3862, 3906, 3952, 3995, 4036, 4077, 4115, 6953]@{}
http://www.comp.hkbu.edu.hk/v1/?page=home?=tc?=tc?=tc?=tc@[22, 35, 578, 590, 2173, 2673, 2680, 2687, 2699, 2711, 3858, 3902, 3948, 3991, 4032, 4073, 4111, 6937]@{}
http://www.comp.hkbu.edu.hk/~alumni/news/../news/../news/../news/../news/../news/../news/@[762, 833, 910, 1057, 1107, 1195, 1277, 1352, 1403, 1481, 1532, 1613, 1670, 1749, 1802, 1857, 1915, 1972, 2046, 2131, 2188, 2267, 2316, 2406, 2461, 2535, 2593, 2647, 2735, 2815, 2900, 2999, 3124, 3199, 3290, 3379, 3481, 3571, 3655, 3747, 3847, 3954, 4066, 4176, 4305, 4397, 4487, 4549, 4615, 4679, 4756, 4841, 4923, 5037, 5054]@{}
http://www.comp.hkbu.edu.hk/~alumni/news/../scholarship/../news/../news/../news/../news/../news/@[762, 833, 910, 1057, 1107, 1195, 1277, 1352, 1403, 1481, 1532, 1613, 1670, 1749, 1802, 1857, 1915, 1972, 2046, 2131, 2188, 2267, 2316, 2406, 2461, 2535, 2593, 2647, 2735, 2815, 2900, 2999, 3124, 3199, 3290, 3379, 3481, 3571, 3655, 3747, 3847, 3954, 4066, 4176, 4305, 4397, 4487, 4549, 4615, 4679, 4756, 4841, 4923, 5037, 5054]@{}
http://www.comp.hkbu.edu.hk/~alumni/news/../donation/../news/../news/../news/../news/../news/@[762, 833, 910, 1057, 1107, 1195, 1277, 1352, 1403, 1481, 1532, 1613, 1670, 1749, 1802, 1857, 1915, 1972, 2046, 2131, 2188, 2267, 2316, 2406, 2461, 2535, 2593, 2647, 2735, 2815, 2900, 2999, 3124, 3199, 3290, 3379, 3481, 3571, 3655, 3747, 3847, 3954, 4066, 4176, 4305, 4397, 4487, 4549, 4615, 4679, 4756, 4841, 4923, 5037, 5054]@{}
http://www.comp.hkbu.edu.hk/v1/?page=job_vacancies?=tc?=tc?=tc?=tc?=tc?=tc?=tc@[22, 35, 578, 590, 2173, 2673, 2680, 2687, 2699, 2711, 3864, 3908, 3954, 3997, 4038, 4079, 4117, 6925]@{}
http://www.comp.hkbu.edu.hk/v1/?page=job_vacancies?=sc?=tc?=tc?=tc?=tc?=tc?=tc@[22, 35, 578, 590, 2173, 2673, 2680, 2687, 2699, 2711, 3864, 3908, 3954, 3997, 4038, 4079, 4117, 6945]@{}
http://www.comp.hkbu.edu.hk/v1/?page=sitemap?=tc?=tc?=tc?=tc?=tc?=tc?=tc@[22, 35, 578, 590, 2173, 2673, 2680, 2687, 2699, 2711, 3864, 3908, 3954, 3997, 4038, 4079, 4117, 6925]@{}
http://www.comp.hkbu.edu.hk/v1/?page=sitemap?=sc?=tc?=tc?=tc?=tc?=tc?=tc@[22, 35, 578, 590, 2173, 2673, 2680, 2687, 2699, 2711, 3864, 3908, 3954, 3997, 4038, 4079, 4117, 6946]@{}
http://www.comp.hkbu.edu.hk/v1/?page=home?=tc?=tc?=tc?=tc?=tc@[22, 35, 578, 590, 2173, 2673, 2680, 2687, 2699, 2711, 3860, 3904, 3950, 3993, 4034, 4075, 4113, 6950]@{}
http://www.comp.hkbu.edu.hk/~alumni/news/../news/../news/../news/../news/../news/../news/../news/@[762, 833, 910, 1057, 1107, 1195, 1277, 1352, 1403, 1481, 1532, 1613, 1670, 1749, 1802, 1857, 1915, 1972, 2046, 2131, 2188, 2267, 2316, 2406, 2461, 2535, 2593, 2647, 2735, 2815, 2900, 2999, 3124, 3199, 3290, 3379, 3481, 3571, 3655, 3747, 3847, 3954, 4066, 4176, 4305, 4397, 4487, 4549, 4615, 4679, 4756, 4841, 4923, 5037, 5054]@{}
http://www.comp.hkbu.edu.hk/~alumni/news/../scholarship/../news/../news/../news/../news/../news/../news/@[762, 833, 910, 1057, 1107, 1195, 1277, 1352, 1403, 1481, 1532, 1613, 1670, 1749, 1802, 1857, 1915, 1972, 2046, 2131, 2188, 2267, 2316, 2406, 2461, 2535, 2593, 2647, 2735, 2815, 2900, 2999, 3124, 3199, 3290, 3379, 3481, 3571, 3655, 3747, 3847, 3954, 4066, 4176, 4305, 4397, 4487, 4549, 4615, 4679, 4756, 4841, 4923, 5037, 5054]@{}
http://www.comp.hkbu.edu.hk/~alumni/news/../donation/../news/../news/../news/../news/../news/../news/@[762, 833, 910, 1057, 1107, 1195, 1277, 1352, 1403, 1481, 1532, 1613, 1670, 1749, 1802, 1857, 1915, 1972, 2046, 2131, 2188, 2267, 2316, 2406, 2461, 2535, 2593, 2647, 2735, 2815, 2900, 2999, 3124, 3199, 3290, 3379, 3481, 3571, 3655, 3747, 3847, 3954, 4066, 4176, 4305, 4397, 4487, 4549, 4615, 4679, 4756, 4841, 4923, 5037, 5054]@{}
http://www.comp.hkbu.edu.hk/v1/?page=job_vacancies?=tc?=tc?=tc?=tc?=tc?=tc?=tc?=tc@[22, 35, 578, 590, 2173, 2673, 2680, 2687, 2699, 2711, 3866, 3910, 3956, 3999, 4040, 4081, 4119, 6968]@{}
http://www.comp.hkbu.edu.hk/v1/?page=job_vacancies?=sc?=tc?=tc?=tc?=tc?=tc?=tc?=tc@[22, 35, 578, 590, 2173, 2673, 2680, 2687, 2699, 2711, 3866, 3910, 3956, 3999, 4040, 4081, 4119, 6947]@{}
http://www.comp.hkbu.edu.hk/v1/?page=sitemap?=tc?=tc?=tc?=tc?=tc?=tc?=tc?=tc@[22, 35, 578, 590, 2173, 2673, 2680, 2687, 2699, 2711, 3866, 3910, 3956, 3999, 4040, 4081, 4119, 6938]@{}
http://www.comp.hkbu.edu.hk/v1/?page=sitemap?=sc?=tc?=tc?=tc?=tc?=tc?=tc?=tc@[22, 35, 578, 590, 2173, 2673, 2680, 2687, 2699, 2711, 3866, 3910, 3956, 3999, 4040, 4081, 4119, 6946]@{}
http://www.comp.hkbu.edu.hk/v1/?page=sitemap@[22, 35, 123, 135, 1719, 2219, 2226, 2233, 2245, 2257, 3396, 3440, 3486, 3529, 3570, 3611, 3649, 5809]@{}
http://www.comp.hkbu.edu.hk/v1/?page=home?=tc?=tc?=tc?=tc?=tc?=tc@[22, 35, 578, 590, 2173, 2673, 2680, 2687, 2699, 2711, 3862, 3906, 3952, 3995, 4036, 4077, 4115, 6946]@{}
http://www.comp.hkbu.edu.hk/~alumni/news/../news/../news/../news/../news/../news/../news/../news/../news/@[762, 833, 910, 1057, 1107, 1195, 1277, 1352, 1403, 1481, 1532, 1613, 1670, 1749, 1802, 1857, 1915, 1972, 2046, 2131, 2188, 2267, 2316, 2406, 2461, 2535, 2593, 2647, 2735, 2815, 2900, 2999, 3124, 3199, 3290, 3379, 3481, 3571, 3655, 3747, 3847, 3954, 4066, 4176, 4305, 4397, 4487, 4549, 4615, 4679, 4756, 4841, 4923, 5037, 5054]@{}
http://www.comp.hkbu.edu.hk/~alumni/news/../scholarship/../news/../news/../news/../news/../news/../news/../news/@[762, 833, 910, 1057, 1107, 1195, 1277, 1352, 1403, 1481, 1532, 1613, 1670, 1749, 1802, 1857, 1915, 1972, 2046, 2131, 2188, 2267, 2316, 2406, 2461, 2535, 2593, 2647, 2735, 2815, 2900, 2999, 3124, 3199, 3290, 3379, 3481, 3571, 3655, 3747, 3847, 3954, 4066, 4176, 4305, 4397, 4487, 4549, 4615, 4679, 4756, 4841, 4923, 5037, 5054]@{}
http://www.comp.hkbu.edu.hk/~alumni/news/../donation/../news/../news/../news/../news/../news/../news/../news/@[762, 833, 910, 1057, 1107, 1195, 1277, 1352, 1403, 1481, 1532, 1613, 1670, 1749, 1802, 1857, 1915, 1972, 2046, 2131, 2188, 2267, 2316, 2406, 2461, 2535, 2593, 2647, 2735, 2815, 2900, 2999, 3124, 3199, 3290, 3379, 3481, 3571, 3655, 3747, 3847, 3954, 4066, 4176, 4305, 4397, 4487, 4549, 4615, 4679, 4756, 4841, 4923, 5037, 5054]@{}
http://www.comp.hkbu.edu.hk/v1/?page=job_vacancies?=tc?=tc?=tc?=tc?=tc?=tc?=tc?=tc?=tc@[22, 35, 578, 590, 2173, 2673, 2680, 2687, 2699, 2711, 3868, 3912, 3958, 4001, 4042, 4083, 4121, 6942]@{}
http://www.comp.hkbu.edu.hk/v1/?page=job_vacancies?=sc?=tc?=tc?=tc?=tc?=tc?=tc?=tc?=tc@[22, 35, 578, 590, 2173, 2673, 2680, 2687, 2699, 2711, 3868, 3912, 3958, 4001, 4042, 4083, 4121, 6954]@{}
http://www.comp.hkbu.edu.hk/v1/?page=sitemap?=tc?=tc?=tc?=tc?=tc?=tc?=tc?=tc?=tc@[22, 35, 578, 590, 2173, 2673, 2680, 2687, 2699, 2711, 3868, 3912, 3958, 4001, 4042, 4083, 4121, 6922]@{}
http://www.comp.hkbu.edu.hk/v1/?page=sitemap?=sc?=tc?=tc?=tc?=tc?=tc?=tc?=tc?=tc@[22, 35, 578, 590, 2173, 2673, 2680, 2687, 2699, 2711, 3868, 3912, 3958, 4001, 4042, 4083, 4121, 6948]@{}
http://www.comp.hkbu.edu.hk/v1/?lang=tc@[22, 35, 578, 590, 2173, 2673, 2680, 2687, 2699, 2711, 3846, 3890, 3936, 3979, 4020, 4061, 4099, 6950]@{}
http://www.comp.hkbu.edu.hk/~alumni/news/@[762, 833, 910, 1057, 1107, 1195, 1277, 1352, 1403, 1481, 1532, 1613, 1670, 1749, 1802, 1857, 1915, 1972, 2046, 2131, 2188, 2267, 2316, 2406, 2461, 2535, 2593, 2647, 2735, 2815, 2900, 2999, 3124, 3199, 3290, 3379, 3481, 3571, 3655, 3747, 3847, 3954, 4066, 4176, 4305, 4397, 4487, 4549, 4615, 4679, 4756, 4841, 4923, 5037, 5054]@{}
http://www.sci.hkbu.edu.hk/eng/page/?page=prospective-students@[9, 821]@{}
http://www.sci.hkbu.edu.hk/eng/page/?page=current-students@[9, 821]@{}
http://www.sci.hkbu.edu.hk/eng/page/@[9, 821]@{}
http://www.sci.hkbu.edu.hk/eng/about-us/honorary-doctorate@[9, 821]@{}
http://www.sci.hkbu.edu.hk/eng/about-us/distinguished-professorship/eng/page/?page=prospective-students@[9, 821]@{}
http://www.sci.hkbu.edu.hk/eng/about-us/honorary-doctorate/eng/page/?page=prospective-students@[9, 821]@{}
http://www.sci.hkbu.edu.hk/eng/about-us/distinguished-professor-of-science@[9, 821]@{}
http://www.sci.hkbu.edu.hk/eng/about-us/dr-kennedy-wong-distinguished-visiting-professorship-scheme@[9, 821]@{}
http://www.sci.hkbu.edu.hk/eng/about-us/distinguished-professor-of-science/eng/page/?page=prospective-students@[9, 821]@{}
http://www.sci.hkbu.edu.hk/eng/about-us/dr-kennedy-wong-distinguished-visiting-professorship-scheme/eng/page/?page=prospective-students@[9, 821]@{}
http://www.sci.hkbu.edu.hk/eng/page/eng/about-us/vision-mission@[9, 821]@{}
http://www.sci.hkbu.edu.hk/eng/page/eng/about-us/faculty-advisory-committee@[9, 821]@{}
http://www.sci.hkbu.edu.hk/eng@[9, 821]@{}
http://www.sci.hkbu.edu.hk/eng/about-us/vision-mission@[9, 821]@{}
http://www.sci.hkbu.edu.hk/eng/about-us/faculty-advisory-committee@[9, 821]@{}
http://www.sci.hkbu.edu.hk/eng/about-us/vision-mission/eng/page/?page=prospective-students@[9, 821]@{}
http://www.sci.hkbu.edu.hk/eng/about-us/faculty-advisory-committee/eng/page/?page=prospective-students@[9, 821]@{}
http://www.sci.hkbu.edu.hk/eng/about-us/distinguished-professorship@[9, 821]@{}
