http://www.comp.hkbu.edu.hk@[115, 217]@[115, 217]
https://www.comp.hkbu.edu.hk/v1/?page=home@[115, 223]@[115, 223]
https://www.comp.hkbu.edu.hk/v1/?page=whats_new@[113, 413, 419, 919, 937, 951, 973, 984, 2118, 2923, 3155]@[113, 413, 419, 919, 937, 951, 973, 984, 2118, 2923, 3155]
https://www.comp.hkbu.edu.hk@[115, 207]@[115, 207]
https://www.comp.hkbu.edu.hk/v1/?page=news@[113, 413, 419, 919, 937, 951, 973, 984, 2118, 2923, 3155]@[113, 413, 419, 919, 937, 951, 973, 984, 2118, 2923, 3155]
https://www.comp.hkbu.edu.hk/v1/?page=events@[170, 181, 488, 498, 513, 1161, 1171, 1183, 1196, 1204, 1215, 1811, 1824, 1833, 1846, 1857, 2420, 3017, 3025, 3035, 3629, 3638, 4311, 4320, 4945, 5409, 5423, 5437, 5448, 5904, 5915, 5922, 5934, 6365, 6384, 6403, 6414, 6930, 6942, 6955, 6968, 7458, 7470, 7483, 7921]@[170, 181, 488, 498, 513, 1161, 1171, 1183, 1196, 1204, 1215, 1811, 1824, 1833, 1846, 1857, 2420, 3017, 3025, 3035, 3629, 3638, 4311, 4320, 4945, 5409, 5423, 5437, 5448, 5904, 5915, 5922, 5934, 6365, 6384, 6403, 6414, 6930, 6942, 6955, 6968, 7458, 7470, 7483, 7921]
https://www.comp.hkbu.edu.hk/outreach@[25, 87, 113]@[25, 87, 113]
https://www.comp.hkbu.edu.hk/v1/?page=seminars@[150, 221]@[150, 221]
https://www.hkstp.org/en@[510, 526, 590]@[510, 526, 590]
https://www.hkstp.org@[510, 526, 590]@[510, 526, 590]
