http://www.comp.hkbu.edu.hk@[1, 161, 176, 225, 238]@[161, 176, 225, 238]
https://www.comp.hkbu.edu.hk/v1/?page=library@[199, 226, 242, 604, 675, 748, 799, 832, 845, 901, 952, 985, 998, 1054, 1105, 1138, 1151, 1181, 1295]@[199, 226, 242, 604, 675, 748, 799, 832, 845, 901, 952, 985, 998, 1054, 1105, 1138, 1151, 1181, 1295]
https://www.comp.hkbu.edu.hk/v1/?page=alumni@[3]@[]
https://www.comp.hkbu.edu.hk/v1/?page=job_vacancies@[206]@[206]
https://www.comp.hkbu.edu.hk/v1/?page=intranet@[125]@[125]
https://www.comp.hkbu.edu.hk/v1/?page=sitemap@[310, 317, 582]@[310, 317, 582]
https://www.comp.hkbu.edu.hk/v1/?page=home@[1, 176, 221, 234]@[176, 221, 234]
https://www.comp.hkbu.edu.hk/v1/?page=about_us@[135]@[135]
https://iss.hkbu.edu.hk/buam/buam2/reset_pwd/verify_acct.seam@[28, 59]@[28, 59]
https://iss.hkbu.edu.hk/buam/buam2/change_pwd/index.seam@[126]@[126]
https://library.hkbu.edu.hk/happenings/news/service-arrangements-7-sep-2020@[205, 232, 248, 436, 439, 469, 480, 500, 719, 759, 784, 793, 797, 810, 840, 886, 889, 894, 925, 933, 994, 1007, 1081, 1115, 1139, 1197]@[205, 232, 248, 436, 439, 469, 480, 500, 719, 759, 784, 793, 797, 810, 840, 886, 889, 894, 925, 933, 994, 1007, 1081, 1115, 1139, 1197]
https://www.comp.hkbu.edu.hk/v1/?page=people@[125]@[125]
https://www.comp.hkbu.edu.hk/v1/?page=research@[121]@[121]
https://www.comp.hkbu.edu.hk/v1/?page=prospective_students@[184, 191, 205]@[184, 191, 205]
https://www.comp.hkbu.edu.hk/v1/?page=current_students@[128]@[128]
https://www.comp.hkbu.edu.hk/v1/?page=facilities@[132]@[132]
https://www.comp.hkbu.edu.hk/v1/?page=head@[114, 117, 151, 155, 289, 314, 320, 366, 372, 390, 417, 453, 463, 485, 495, 506]@[114, 117, 151, 155, 289, 314, 320, 366, 372, 390, 417, 453, 463, 485, 495, 506]
https://iss.hkbu.edu.hk/buam/buam2/reset_pwd_alumni/verify_acct.seam@[25, 183, 187, 190, 193, 197, 200, 204, 207]@[25, 183, 187, 190, 193, 197, 200, 204, 207]
https://www.comp.hkbu.edu.hk/v1/?page=whats_new@[214, 452, 711, 767, 806, 1120, 1304, 1306, 1628, 1736, 1738, 1824, 1826, 1919, 1924, 2344, 2365, 2378, 2420, 2474, 2772, 2815, 2864, 2883, 2975, 2982, 3040, 3087, 3341, 3369, 3382, 3386, 3630, 3727, 3931, 3981, 4059, 4097, 4169, 4173, 4178, 4180, 4255]@[214, 452, 711, 767, 806, 1120, 1304, 1306, 1628, 1736, 1738, 1824, 1826, 1919, 1924, 2344, 2365, 2378, 2420, 2474, 2772, 2815, 2864, 2883, 2975, 2982, 3040, 3087, 3341, 3369, 3382, 3386, 3630, 3727, 3931, 3981, 4059, 4097, 4169, 4173, 4178, 4180, 4255]
https://www.comp.hkbu.edu.hk/v1/?page=achievements@[120]@[120]
https://www.comp.hkbu.edu.hk/v1/?page=newsletter@[180]@[180]
https://www.comp.hkbu.edu.hk/v1/?page=dept_profile@[120]@[120]
https://www.comp.hkbu.edu.hk/v1/?page=video_introduction@[162]@[162]
https://www.comp.hkbu.edu.hk/v1/?page=contact@[111, 144, 147, 162, 179]@[111, 144, 147, 162, 179]
https://aao.hkbu.edu.hk/en/contact/index.php@[116, 126]@[116, 126]
https://iss.hkbu.edu.hk/buam/buam2/activation/index.seam@[29]@[29]
https://www.comp.hkbu.edu.hk/v1/?page=faculty@[139, 157, 242, 251, 260, 296, 438, 484, 510]@[139, 157, 242, 251, 260, 296, 438, 484, 510]
https://www.comp.hkbu.edu.hk/v1/?page=admin@[361]@[361]
https://www.comp.hkbu.edu.hk/v1/?page=research_staff@[309]@[309]
https://www.comp.hkbu.edu.hk/v1/?page=pg_students@[388]@[388]
https://www.comp.hkbu.edu.hk/v1/?page=research_areas@[115, 167]@[115, 167]
https://www.comp.hkbu.edu.hk/v1/?page=centres@[125, 137, 150, 161, 182, 279, 296, 343, 355, 361, 373, 430]@[125, 137, 150, 161, 182, 279, 296, 343, 355, 361, 373, 430]
https://www.hkbu.edu.hk/eng/about/privacy.jsp@[182, 190, 197, 209, 227, 245, 260, 262, 298, 310, 326, 351, 360, 370, 394, 396, 430, 450, 453, 455, 462, 471, 479, 515, 548, 571, 589, 613, 645, 700, 722, 848, 972, 982, 1072, 1079, 1122, 1128, 1135, 1145, 1186, 1194, 1212, 1219, 1242, 1264, 1272, 1300, 1321, 1333, 1351, 1367, 1419, 1432, 1461, 1474, 1485, 1495, 1510, 1523, 1526, 1533, 1568, 1574, 1579, 1597, 1599, 1615, 1628, 1633, 1639, 1651, 1655, 1676, 1699, 1719, 1748, 1751, 1763, 1792, 1802, 1804, 1817, 1834, 1844, 1849, 1858, 1866, 1886, 1894, 1901, 1903, 1934, 1969, 1974, 1979, 2000, 2012, 2026, 2046, 2055, 2091, 2120, 2127, 2159, 2167, 2175]@[182, 190, 197, 209, 227, 245, 260, 262, 298, 310, 326, 351, 360, 370, 394, 396, 430, 450, 453, 455, 462, 471, 479, 515, 548, 571, 589, 613, 645, 700, 722, 848, 972, 982, 1072, 1079, 1122, 1128, 1135, 1145, 1186, 1194, 1212, 1219, 1242, 1264, 1272, 1300, 1321, 1333, 1351, 1367, 1419, 1432, 1461, 1474, 1485, 1495, 1510, 1523, 1526, 1533, 1568, 1574, 1579, 1597, 1599, 1615, 1628, 1633, 1639, 1651, 1655, 1676, 1699, 1719, 1748, 1751, 1763, 1792, 1802, 1804, 1817, 1834, 1844, 1849, 1858, 1866, 1886, 1894, 1901, 1903, 1934, 1969, 1974, 1979, 2000, 2012, 2026, 2046, 2055, 2091, 2120, 2127, 2159, 2167, 2175]
https://www.comp.hkbu.edu.hk/v1/?page=funded_projects@[162, 188, 203, 224, 258, 288, 310, 333, 374, 398, 458, 535, 543, 567, 624, 633, 696, 787, 831, 893, 901, 917, 934, 969, 1013, 1073, 1096, 1133, 1155, 1199, 1232, 1249, 1263, 1268, 1318, 1330, 1365, 1375, 1408, 1459, 1468, 1480, 1508, 1534, 1598, 1624, 1649, 1673, 1698, 1738, 1761, 1790, 1798, 1813, 1839, 1872, 1879, 1901, 1915, 1923, 2022, 2034, 2053, 2065, 2091, 2131, 2186, 2314, 2366, 2385, 2394, 2486, 2535, 2545, 2560, 2567, 2585, 2655, 2677, 2690, 2740, 2757, 2765, 2787, 2917, 2942, 2957, 2995, 3082, 3113, 3166, 3187, 3219, 3247, 3264, 3286, 3288, 3332, 3364, 3389, 3443, 3446, 3456, 3471, 3488, 3570, 3605, 3624, 3684, 3701, 3727, 3887, 3914, 3930, 3948]@[162, 188, 203, 224, 258, 288, 310, 333, 374, 398, 458, 535, 543, 567, 624, 633, 696, 787, 831, 893, 901, 917, 934, 969, 1013, 1073, 1096, 1133, 1155, 1199, 1232, 1249, 1263, 1268, 1318, 1330, 1365, 1375, 1408, 1459, 1468, 1480, 1508, 1534, 1598, 1624, 1649, 1673, 1698, 1738, 1761, 1790, 1798, 1813, 1839, 1872, 1879, 1901, 1915, 1923, 2022, 2034, 2053, 2065, 2091, 2131, 2186, 2314, 2366, 2385, 2394, 2486, 2535, 2545, 2560, 2567, 2585, 2655, 2677, 2690, 2740, 2757, 2765, 2787, 2917, 2942, 2957, 2995, 3082, 3113, 3166, 3187, 3219, 3247, 3264, 3286, 3288, 3332, 3364, 3389, 3443, 3446, 3456, 3471, 3488, 3570, 3605, 3624, 3684, 3701, 3727, 3887, 3914, 3930, 3948]
https://www.comp.hkbu.edu.hk/v1/?page=journal_editorship@[164, 222, 235, 249, 314, 334, 372]@[164, 222, 235, 249, 314, 334, 372]
https://www.comp.hkbu.edu.hk/v1/?page=technical_reports@[181]@[181]
https://www.comp.hkbu.edu.hk/v1/?pid=32@[465]@[465]
https://www.comp.hkbu.edu.hk/v1/?page=4_prospective_stud_ug_prog@[172]@[172]
https://www.comp.hkbu.edu.hk/v1/?page=4_prospective_stud_ug_prog_nj@[168]@[168]
https://www.comp.hkbu.edu.hk/v1/?page=prospective_stud_pg@[138]@[138]
https://www.comp.hkbu.edu.hk/v1/?page=mscais@[5, 36, 75, 82, 91, 154, 188, 241, 247, 251]@[5, 36, 75, 82, 91, 154, 188, 241, 247, 251]
https://www.comp.hkbu.edu.hk/v1/?page=mscitm@[6, 37, 76, 83, 98, 128, 162, 215, 221, 225]@[6, 37, 76, 83, 98, 128, 162, 215, 221, 225]
https://www.comp.hkbu.edu.hk/v1/?page=current_stud_ug@[293]@[293]
https://www.comp.hkbu.edu.hk/v1/?page=current_stud_pg@[146]@[146]
https://www.comp.hkbu.edu.hk/v1/?pid=273@[5, 36, 75, 82, 91, 154, 188, 241, 247, 251]@[5, 36, 75, 82, 91, 154, 188, 241, 247, 251]
https://www.comp.hkbu.edu.hk/v1/?pid=95@[6, 37, 76, 83, 98, 128, 162, 215, 221, 225]@[6, 37, 76, 83, 98, 128, 162, 215, 221, 225]
https://www.comp.hkbu.edu.hk/v1/?pid=128@[121, 131, 143, 178, 195]@[121, 131, 143, 178, 195]
https://aao.hkbu.edu.hk/en/home/index.php@[57, 144, 153]@[57, 144, 153]
https://www.hkbu.edu.hk/eng/visitors/visitors.jsp@[172]@[172]
https://www.comp.hkbu.edu.hk@[1, 158, 227, 240]@[158, 227, 240]
https://www.comp.hkbu.edu.hk/v1/?pid=174@[164]@[164]
https://www.comp.hkbu.edu.hk/v1/?pid=175@[170]@[170]
https://www.comp.hkbu.edu.hk/v1/?page=facilities_teaching@[174, 309, 336, 358, 447]@[174, 309, 336, 358, 447]
https://www.comp.hkbu.edu.hk/msc/itm/en@[6, 37, 76, 83, 98, 128, 162, 215, 221, 225]@[6, 37, 76, 83, 98, 128, 162, 215, 221, 225]
https://www.comp.hkbu.edu.hk/v1/?page=facilities_research@[155, 161, 199, 297, 318]@[155, 161, 199, 297, 318]
https://www.comp.hkbu.edu.hk/msc@[11, 22]@[]
https://www.hkbu.edu.hk/eng/media/media1.jsp@[133]@[133]
https://www.comp.hkbu.edu.hk/v1/?page=news@[214, 452, 711, 767, 806, 1120, 1304, 1306, 1628, 1736, 1738, 1824, 1826, 1919, 1924, 2344, 2365, 2378, 2420, 2474, 2772, 2815, 2864, 2883, 2975, 2982, 3040, 3087, 3341, 3369, 3382, 3386, 3630, 3727, 3931, 3981, 4059, 4097, 4169, 4173, 4178, 4180, 4255]@[214, 452, 711, 767, 806, 1120, 1304, 1306, 1628, 1736, 1738, 1824, 1826, 1919, 1924, 2344, 2365, 2378, 2420, 2474, 2772, 2815, 2864, 2883, 2975, 2982, 3040, 3087, 3341, 3369, 3382, 3386, 3630, 3727, 3931, 3981, 4059, 4097, 4169, 4173, 4178, 4180, 4255]
https://www.comp.hkbu.edu.hk/v1/?page=awards_and_scholarships@[126]@[126]
https://www.comp.hkbu.edu.hk/v1/?page=events@[176, 226, 250, 385, 396, 427, 506, 530, 533, 644, 815, 1016, 1028, 1095, 1178, 1222, 1551, 1578, 1604, 1636, 1672, 1787, 1816, 1940, 2091, 2138, 2200, 2214, 2244, 2284, 2300, 2321, 2554, 2574, 2683, 2728, 2748, 2783, 2790, 2813, 2840, 2854, 2899, 2952, 3003, 3405, 3414, 3417, 3438, 3443, 3452, 3522, 3537, 3681, 3696, 3763, 3941, 3954, 3972, 4012, 4052, 4063, 4123, 4202, 4257, 4289, 4463, 4492, 4546, 4560, 4594, 4603, 4861, 4869, 4879, 4912, 5013, 5026, 5033, 5053, 5065, 5104, 5111, 5135, 5158, 5256, 5357, 5406, 5415, 5502, 5531, 5959, 6070, 6109, 6126, 6145, 6188, 6307, 6318, 6356, 6377, 6396, 6401, 6418, 6450, 6459, 6469, 6596, 6621, 6780, 6796, 6902, 6947, 7322, 7361, 7371, 7481, 7535, 7623, 7628, 7840, 8025, 8104, 8132, 8298]@[176, 226, 250, 385, 396, 427, 506, 530, 533, 644, 815, 1016, 1028, 1095, 1178, 1222, 1551, 1578, 1604, 1636, 1672, 1787, 1816, 1940, 2091, 2138, 2200, 2214, 2244, 2284, 2300, 2321, 2554, 2574, 2683, 2728, 2748, 2783, 2790, 2813, 2840, 2854, 2899, 2952, 3003, 3405, 3414, 3417, 3438, 3443, 3452, 3522, 3537, 3681, 3696, 3763, 3941, 3954, 3972, 4012, 4052, 4063, 4123, 4202, 4257, 4289, 4463, 4492, 4546, 4560, 4594, 4603, 4861, 4869, 4879, 4912, 5013, 5026, 5033, 5053, 5065, 5104, 5111, 5135, 5158, 5256, 5357, 5406, 5415, 5502, 5531, 5959, 6070, 6109, 6126, 6145, 6188, 6307, 6318, 6356, 6377, 6396, 6401, 6418, 6450, 6459, 6469, 6596, 6621, 6780, 6796, 6902, 6947, 7322, 7361, 7371, 7481, 7535, 7623, 7628, 7840, 8025, 8104, 8132, 8298]
https://www.comp.hkbu.edu.hk/v1/?pid=14@[162]@[162]
https://www.comp.hkbu.edu.hk/v1/?page=highlights@[107, 111, 194, 220, 236, 267, 318, 328, 394, 496, 506, 599, 665, 676, 744, 752, 781, 818, 828, 918, 994, 1013, 1023, 1064, 1070, 1085, 1103, 1116, 1119, 1168, 1183, 1202, 1220, 1259, 1316, 1385, 1417, 1432, 1441, 1457, 1473, 1533, 1681, 1689, 1766, 1829, 1849, 1866, 1899, 1953, 1980, 2003]@[107, 111, 194, 220, 236, 267, 318, 328, 394, 496, 506, 599, 665, 676, 744, 752, 781, 818, 828, 918, 994, 1013, 1023, 1064, 1070, 1085, 1103, 1116, 1119, 1168, 1183, 1202, 1220, 1259, 1316, 1385, 1417, 1432, 1441, 1457, 1473, 1533, 1681, 1689, 1766, 1829, 1849, 1866, 1899, 1953, 1980, 2003]
https://www.comp.hkbu.edu.hk/v1/?pid=16@[111, 144, 147, 162, 179]@[111, 144, 147, 162, 179]
https://foundation.hkbu.edu.hk/en/ways-to-give@[506, 512, 706, 743, 748, 814]@[506, 512, 706, 743, 748, 814]
https://pers.hkbu.edu.hk/job@[66, 98, 107, 111, 137, 168, 204]@[66, 98, 107, 111, 137, 168, 204]
https://www.comp.hkbu.edu.hk/outreach@[164]@[164]
https://www.comp.hkbu.edu.hk/v1/?pid=77@[117, 179, 314, 964, 1066, 1109, 1169]@[117, 179, 314, 964, 1066, 1109, 1169]
https://www.comp.hkbu.edu.hk/v1/?page=career_wt@[300]@[300]
https://www.comp.hkbu.edu.hk/v1/?page=driving_direction@[132, 180]@[132, 180]
https://foundation.hkbu.edu.hk/en@[523, 529, 637, 665, 685, 720, 765, 799, 809, 824, 840, 869, 885, 903, 944, 1007, 1030, 1045, 1081, 1100, 1133, 1139, 1195]@[523, 529, 637, 665, 685, 720, 765, 799, 809, 824, 840, 869, 885, 903, 944, 1007, 1030, 1045, 1081, 1100, 1133, 1139, 1195]
https://iss.hkbu.edu.hk/buam/buam2/registration/index.seam@[31]@[31]
https://www.comp.hkbu.edu.hk/v1/?pid=124@[124, 126, 153, 167, 187, 229, 244, 295, 315, 349, 359, 361, 383, 394]@[124, 126, 153, 167, 187, 229, 244, 295, 315, 349, 359, 361, 383, 394]
https://www.comp.hkbu.edu.hk/v1/?pid=125@[124, 149, 199, 261]@[124, 149, 199, 261]
https://foundation.hkbu.edu.hk/en/contact-us@[506, 512]@[506, 512]
https://foundation.hkbu.edu.hk/en/user/login@[506, 512]@[506, 512]
https://ito.hkbu.edu.hk/index.php/services-2/account-password/#tab-3@[73, 254, 582, 625, 628, 831, 912]@[73, 254, 582, 625, 628, 831, 912]
https://policies.google.com/terms@[2, 12, 18, 34, 39, 78, 88, 106, 131, 158, 189, 270, 321, 364, 367, 375, 499, 552, 575, 583, 700, 739, 903, 929, 946, 1022, 1036, 1052, 1061, 1197, 1253, 1268, 1468, 1603, 1667, 1699, 1756, 1852, 1866, 1875, 1881, 1983, 2079, 2097, 2111, 2123, 2169, 2196, 2218, 2273, 2289, 2357, 2389, 2411, 2427, 2479, 2494, 2515, 2596, 2656, 2715, 2735, 2789, 2796, 2801, 2838, 2859, 2870, 2877, 2939, 3010, 3022, 3060, 3117, 3201, 3261, 3276, 3278, 3293, 3365, 3372, 3394, 3694, 3750, 3768, 3820, 3859, 3902, 4013, 4019, 4026]@[12, 18, 34, 39, 78, 88, 106, 131, 158, 189, 270, 321, 364, 367, 375, 499, 552, 575, 583, 700, 739, 903, 929, 946, 1022, 1036, 1052, 1061, 1197, 1253, 1268, 1468, 1603, 1667, 1699, 1756, 1852, 1866, 1875, 1881, 1983, 2079, 2097, 2111, 2123, 2169, 2196, 2218, 2273, 2289, 2357, 2389, 2411, 2427, 2479, 2494, 2515, 2596, 2656, 2715, 2735, 2789, 2796, 2801, 2838, 2859, 2870, 2877, 2939, 3010, 3022, 3060, 3117, 3201, 3261, 3276, 3278, 3293, 3365, 3372, 3394, 3694, 3750, 3768, 3820, 3859, 3902, 4013, 4019, 4026]
https://policies.google.com/privacy@[15, 38, 218, 223, 283, 422, 761, 784, 987, 992, 998, 1063, 1094, 1142, 1215, 1689, 1697, 1806, 1837, 1975, 2201, 2236, 2424, 2550, 2570, 2649, 2774, 2892, 2908, 3118, 3133, 3160, 3173, 3177, 3199, 3244, 3282, 3291, 3404, 3424, 3516, 3534, 3554, 3616, 3670, 3683, 3720, 3785, 3869, 3889, 3915, 3952, 3975, 4029, 4131, 4228, 4291, 4344, 4386, 4429, 4436, 4501, 4623, 4809, 4819, 4825, 4832, 4884, 4899, 4957, 5064, 5169, 5346, 5474, 5510, 5561, 5617, 5869, 5889, 6052, 6059, 6144, 6210, 6308, 6332, 6840, 6897, 6950, 6969, 7063, 7100, 7133, 7160, 7166, 7237, 7329, 7485]@[15, 38, 218, 223, 283, 422, 761, 784, 987, 992, 998, 1063, 1094, 1142, 1215, 1689, 1697, 1806, 1837, 1975, 2201, 2236, 2424, 2550, 2570, 2649, 2774, 2892, 2908, 3118, 3133, 3160, 3173, 3177, 3199, 3244, 3282, 3291, 3404, 3424, 3516, 3534, 3554, 3616, 3670, 3683, 3720, 3785, 3869, 3889, 3915, 3952, 3975, 4029, 4131, 4228, 4291, 4344, 4386, 4429, 4436, 4501, 4623, 4809, 4819, 4825, 4832, 4884, 4899, 4957, 5064, 5169, 5346, 5474, 5510, 5561, 5617, 5869, 5889, 6052, 6059, 6144, 6210, 6308, 6332, 6840, 6897, 6950, 6969, 7063, 7100, 7133, 7160, 7166, 7237, 7329, 7485]
