http://www.comp.hkbu.edu.hk@[3839, 3841, 3845, 4573, 5635, 5884, 5893, 5902, 5911, 5920, 5929, 5957, 6018, 6175, 6257, 6334, 6681, 6751]@{}
http://www.comp.hkbu.edu.hk/v1/?page=job_vacancies?=tc@[3845, 3847, 3851, 4579, 5631, 5880, 5889, 5898, 5907, 5916, 5925, 5953, 6014, 6171, 6241, 6318, 6660, 6736]@{}
http://www.comp.hkbu.edu.hk/v1/?page=job_vacancies?=sc@[3845, 3847, 3851, 4579, 5631, 5880, 5889, 5898, 5907, 5916, 5925, 5953, 6014, 6171, 6248, 6322, 6671, 6745]@{}
http://www.comp.hkbu.edu.hk/v1/?page=sitemap?=tc@[3845, 3847, 3851, 4578, 5627, 5876, 5885, 5894, 5903, 5912, 5921, 5949, 6010, 6167, 6243, 6321, 6663, 6741]@{}
http://www.comp.hkbu.edu.hk/v1/?page=sitemap?=sc@[3845, 3847, 3851, 4578, 5626, 5875, 5884, 5893, 5902, 5911, 5920, 5948, 6009, 6166, 6247, 6323, 6670, 6752]@{}
http://www.comp.hkbu.edu.hk/v1/?lang=sc@[3839, 3841, 3845, 4573, 5622, 5871, 5880, 5889, 5898, 5907, 5916, 5944, 6005, 6162, 6237, 6319, 6660, 6722]@{}
http://www.comp.hkbu.edu.hk/v1/?page=job_vacancies?=tc?=tc@[3847, 3849, 3853, 4580, 5628, 5877, 5886, 5895, 5904, 5913, 5922, 5950, 6011, 6168, 6249, 6324, 6669, 6734]@{}
http://www.comp.hkbu.edu.hk/v1/?page=job_vacancies?=sc?=tc@[3847, 3849, 3853, 4580, 5638, 5887, 5896, 5905, 5914, 5923, 5932, 5960, 6021, 6178, 6255, 6336, 6688, 6765]@{}
http://www.comp.hkbu.edu.hk/v1/?page=sitemap?=tc?=tc@[3847, 3849, 3853, 4580, 5628, 5877, 5886, 5895, 5904, 5913, 5922, 5950, 6011, 6168, 6248, 6320, 6663, 6725]@{}
http://www.comp.hkbu.edu.hk/v1/?page=sitemap?=sc?=tc@[3847, 3849, 3853, 4580, 5642, 5891, 5900, 5909, 5918, 5927, 5936, 5964, 6025, 6182, 6264, 6334, 6682, 6757]@{}
http://www.comp.hkbu.edu.hk/v1/?page=home@[3843, 3845, 3849, 4576, 5620, 5869, 5878, 5887, 5896, 5905, 5914, 5942, 6003, 6160, 6235, 6315, 6658, 6730]@{}
http://www.comp.hkbu.edu.hk/v1/?page=job_vacancies?=tc?=tc?=tc@[3849, 3851, 3855, 4583, 5642, 5891, 5900, 5909, 5918, 5927, 5936, 5964, 6025, 6182, 6259, 6338, 6685, 6761]@{}
http://www.comp.hkbu.edu.hk/v1/?page=job_vacancies?=sc?=tc?=tc@[3849, 3851, 3855, 4582, 5626, 5875, 5884, 5893, 5902, 5911, 5920, 5948, 6009, 6166, 6247, 6320, 6668, 6730]@{}
http://www.comp.hkbu.edu.hk/v1/?page=sitemap?=tc?=tc?=tc@[3849, 3851, 3855, 4583, 5632, 5881, 5890, 5899, 5908, 5917, 5926, 5954, 6015, 6172, 6253, 6335, 6677, 6753]@{}
http://www.comp.hkbu.edu.hk/v1/?page=sitemap?=sc?=tc?=tc@[3849, 3851, 3855, 4583, 5635, 5884, 5893, 5902, 5911, 5920, 5929, 5957, 6018, 6175, 6257, 6333, 6678, 6760]@{}
http://www.comp.hkbu.edu.hk/v1/?page=home?=tc@[3845, 3847, 3851, 4578, 5630, 5879, 5888, 5897, 5906, 5915, 5924, 5952, 6013, 6170, 6246, 6328, 6674, 6751]@{}
http://www.comp.hkbu.edu.hk/v1/?page=job_vacancies?=tc?=tc?=tc?=tc@[3851, 3853, 3857, 4585, 5643, 5892, 5901, 5910, 5919, 5928, 5937, 5965, 6026, 6183, 6262, 6339, 6682, 6748]@{}
http://www.comp.hkbu.edu.hk/v1/?page=job_vacancies?=sc?=tc?=tc?=tc@[3851, 3853, 3857, 4585, 5644, 5893, 5902, 5911, 5920, 5929, 5938, 5966, 6027, 6184, 6259, 6329, 6675, 6744]@{}
http://www.comp.hkbu.edu.hk/v1/?page=sitemap?=tc?=tc?=tc?=tc@[3851, 3853, 3857, 4584, 5632, 5881, 5890, 5899, 5908, 5917, 5926, 5954, 6015, 6172, 6251, 6327, 6676, 6746]@{}
http://www.comp.hkbu.edu.hk/v1/?page=sitemap?=sc?=tc?=tc?=tc@[3851, 3853, 3857, 4584, 5643, 5892, 5901, 5910, 5919, 5928, 5937, 5965, 6026, 6183, 6262, 6343, 6687, 6760]@{}
http://www.comp.hkbu.edu.hk/v1/?page=home?=tc?=tc@[3847, 3849, 3853, 4580, 5632, 5881, 5890, 5899, 5908, 5917, 5926, 5954, 6015, 6172, 6254, 6335, 6678, 6740]@{}
http://www.comp.hkbu.edu.hk/v1/?page=job_vacancies?=tc?=tc?=tc?=tc?=tc@[3853, 3855, 3859, 4587, 5646, 5895, 5904, 5913, 5922, 5931, 5940, 5968, 6029, 6186, 6263, 6339, 6684, 6751]@{}
http://www.comp.hkbu.edu.hk/v1/?page=job_vacancies?=sc?=tc?=tc?=tc?=tc@[3853, 3855, 3859, 4586, 5631, 5880, 5889, 5898, 5907, 5916, 5925, 5953, 6014, 6171, 6250, 6331, 6680, 6746]@{}
http://www.comp.hkbu.edu.hk/v1/?page=sitemap?=tc?=tc?=tc?=tc?=tc@[3853, 3855, 3859, 4587, 5639, 5888, 5897, 5906, 5915, 5924, 5933, 5961, 6022, 6179, 6252, 6333, 6680, 6760]@{}
http://www.comp.hkbu.edu.hk/v1/?page=sitemap?=sc?=tc?=tc?=tc?=tc@[3853, 3855, 3859, 4586, 5645, 5894, 5903, 5912, 5921, 5930, 5939, 5967, 6028, 6185, 6266, 6340, 6686, 6748]@{}
http://www.comp.hkbu.edu.hk/v1/?page=home?=tc?=tc?=tc@[3849, 3851, 3855, 4582, 5630, 5879, 5888, 5897, 5906, 5915, 5924, 5952, 6013, 6170, 6251, 6327, 6676, 6738]@{}
http://www.comp.hkbu.edu.hk/v1/?page=job_vacancies@[3391, 3393, 3397]@{}
http://www.comp.hkbu.edu.hk/v1/?page=job_vacancies?=tc?=tc?=tc?=tc?=tc?=tc@[3855, 3857, 3861, 4589, 5634, 5883, 5892, 5901, 5910, 5919, 5928, 5956, 6017, 6174, 6255, 6332, 6676, 6738]@{}
http://www.comp.hkbu.edu.hk/v1/?page=job_vacancies?=sc?=tc?=tc?=tc?=tc?=tc@[3855, 3857, 3861, 4588, 5633, 5882, 5891, 5900, 5909, 5918, 5927, 5955, 6016, 6173, 6253, 6334, 6686, 6755]@{}
http://www.comp.hkbu.edu.hk/v1/?page=sitemap?=tc?=tc?=tc?=tc?=tc?=tc@[3855, 3857, 3861, 4588, 5637, 5886, 5895, 5904, 5913, 5922, 5931, 5959, 6020, 6177, 6256, 6328, 6675, 6747]@{}
http://www.comp.hkbu.edu.hk/v1/?page=sitemap?=sc?=tc?=tc?=tc?=tc?=tc@[3855, 3857, 3861, 4589, 5655, 5904, 5913, 5922, 5931, 5940, 5949, 5977, 6038, 6195, 6277, 6347, 6694, 6760]@{}
http://www.comp.hkbu.edu.hk/v1/?page=home?=tc?=tc?=tc?=tc@[3851, 3853, 3857, 4585, 5636, 5885, 5894, 5903, 5912, 5921, 5930, 5958, 6019, 6176, 6255, 6330, 6676, 6749]@{}
http://www.comp.hkbu.edu.hk/v1/?page=job_vacancies?=tc?=tc?=tc?=tc?=tc?=tc?=tc@[3857, 3859, 3863, 4591, 5638, 5887, 5896, 5905, 5914, 5923, 5932, 5960, 6021, 6178, 6259, 6334, 6672, 6734]@{}
http://www.comp.hkbu.edu.hk/v1/?page=job_vacancies?=sc?=tc?=tc?=tc?=tc?=tc?=tc@[3857, 3859, 3863, 4591, 5635, 5884, 5893, 5902, 5911, 5920, 5929, 5957, 6018, 6175, 6254, 6327, 6674, 6756]@{}
http://www.comp.hkbu.edu.hk/v1/?page=sitemap?=tc?=tc?=tc?=tc?=tc?=tc?=tc@[3857, 3859, 3863, 4590, 5637, 5886, 5895, 5904, 5913, 5922, 5931, 5959, 6020, 6177, 6252, 6325, 6669, 6731]@{}
http://www.comp.hkbu.edu.hk/v1/?page=sitemap?=sc?=tc?=tc?=tc?=tc?=tc?=tc@[3857, 3859, 3863, 4590, 5639, 5888, 5897, 5906, 5915, 5924, 5933, 5961, 6022, 6179, 6253, 6334, 6686, 6761]@{}
http://www.comp.hkbu.edu.hk/v1/?page=home?=tc?=tc?=tc?=tc?=tc@[3853, 3855, 3859, 4587, 5639, 5888, 5897, 5906, 5915, 5924, 5933, 5961, 6022, 6179, 6258, 6334, 6680, 6762]@{}
http://www.comp.hkbu.edu.hk/v1/?page=job_vacancies?=tc?=tc?=tc?=tc?=tc?=tc?=tc?=tc@[3859, 3861, 3865, 4593, 5654, 5903, 5912, 5921, 5930, 5939, 5948, 5976, 6037, 6194, 6273, 6354, 6694, 6774]@{}
http://www.comp.hkbu.edu.hk/v1/?page=job_vacancies?=sc?=tc?=tc?=tc?=tc?=tc?=tc?=tc@[3859, 3861, 3865, 4593, 5638, 5887, 5896, 5905, 5914, 5923, 5932, 5960, 6021, 6178, 6259, 6341, 6690, 6756]@{}
http://www.comp.hkbu.edu.hk/v1/?page=sitemap?=tc?=tc?=tc?=tc?=tc?=tc?=tc?=tc@[3859, 3861, 3865, 4593, 5641, 5890, 5899, 5908, 5917, 5926, 5935, 5963, 6024, 6181, 6254, 6327, 6675, 6753]@{}
http://www.comp.hkbu.edu.hk/v1/?page=sitemap?=sc?=tc?=tc?=tc?=tc?=tc?=tc?=tc@[3859, 3861, 3865, 4593, 5655, 5904, 5913, 5922, 5931, 5940, 5949, 5977, 6038, 6195, 6277, 6350, 6699, 6761]@{}
http://www.comp.hkbu.edu.hk/v1/?page=sitemap@[3389, 3391, 3395]@{}
http://www.comp.hkbu.edu.hk/v1/?page=home?=tc?=tc?=tc?=tc?=tc?=tc@[3855, 3857, 3861, 4588, 5640, 5889, 5898, 5907, 5916, 5925, 5934, 5962, 6023, 6180, 6262, 6337, 6687, 6762]@{}
http://www.comp.hkbu.edu.hk/v1/?page=job_vacancies?=tc?=tc?=tc?=tc?=tc?=tc?=tc?=tc?=tc@[3861, 3863, 3867, 4595, 5654, 5903, 5912, 5921, 5930, 5939, 5948, 5976, 6037, 6194, 6270, 6347, 6693, 6764]@{}
http://www.comp.hkbu.edu.hk/v1/?page=job_vacancies?=sc?=tc?=tc?=tc?=tc?=tc?=tc?=tc?=tc@[3861, 3863, 3867, 4595, 5653, 5902, 5911, 5920, 5929, 5938, 5947, 5975, 6036, 6193, 6269, 6350, 6697, 6772]@{}
http://www.comp.hkbu.edu.hk/v1/?page=sitemap?=tc?=tc?=tc?=tc?=tc?=tc?=tc?=tc?=tc@[3861, 3863, 3867, 4594, 5638, 5887, 5896, 5905, 5914, 5923, 5932, 5960, 6021, 6178, 6259, 6335, 6673, 6735]@{}
http://www.comp.hkbu.edu.hk/v1/?page=sitemap?=sc?=tc?=tc?=tc?=tc?=tc?=tc?=tc?=tc@[3861, 3863, 3867, 4594, 5656, 5905, 5914, 5923, 5932, 5941, 5950, 5978, 6039, 6196, 6273, 6350, 6699, 6770]@{}
http://www.comp.hkbu.edu.hk/v1/?lang=tc@[3839, 3841, 3845, 4572, 5638, 5887, 5896, 5905, 5914, 5923, 5932, 5960, 6021, 6178, 6259, 6335, 6687, 6756]@{}
