http://www.comp.hkbu.edu.hk@[17, 63, 96, 108, 128, 140, 160, 173, 197, 625, 653, 688, 755, 762, 789, 793, 797, 821, 829, 865, 882, 1380, 1411, 1468, 1487, 1506, 1518, 1609, 1622, 1685, 1695, 1721, 1828, 1840, 1876, 1948, 2008, 2050, 2103, 2457, 2710, 2809, 3794, 3835, 3878, 3919, 3967, 4008, 4049, 4087, 4126, 5345, 5526, 5535, 5586, 6856, 6961, 6983, 7003]@{}
http://www.comp.hkbu.edu.hk/v1/?page=sci@[82, 150, 164, 188, 196, 209, 343, 523, 534, 547, 743, 768, 797, 970, 1787, 1815, 1847, 1893, 2346, 2359, 4234, 4910, 4922, 4941, 4957, 4971, 4983, 8248, 8275]@{}
http://www.comp.hkbu.edu.hk/v1/?page=job_vacancies?=tc@[17, 63, 96, 108, 128, 140, 160, 173, 197, 625, 653, 688, 755, 762, 789, 793, 797, 821, 829, 865, 882, 1380, 1411, 1468, 1487, 1506, 1518, 1609, 1622, 1685, 1695, 1721, 1828, 1840, 1876, 1948, 2008, 2050, 2103, 2457, 2710, 2809, 3800, 3841, 3884, 3925, 3973, 4014, 4055, 4093, 4132, 5341, 5522, 5531, 5582, 6832, 6937, 6959, 6979]@{}
http://www.comp.hkbu.edu.hk/v1/?page=job_vacancies?=sc@[17, 63, 96, 108, 128, 140, 160, 173, 197, 625, 653, 688, 755, 762, 789, 793, 797, 821, 829, 865, 882, 1380, 1411, 1468, 1487, 1506, 1518, 1609, 1622, 1685, 1695, 1721, 1828, 1840, 1876, 1948, 2008, 2050, 2103, 2457, 2710, 2809, 3800, 3841, 3884, 3925, 3973, 4014, 4055, 4093, 4132, 5341, 5522, 5531, 5582, 6841, 6946, 6968, 6988]@{}
http://www.comp.hkbu.edu.hk/v1/?page=sitemap?=tc@[17, 63, 96, 108, 128, 140, 160, 173, 197, 625, 653, 688, 755, 762, 789, 793, 797, 821, 829, 865, 882, 1380, 1411, 1468, 1487, 1506, 1518, 1609, 1622, 1685, 1695, 1721, 1828, 1840, 1876, 1948, 2008, 2050, 2103, 2457, 2710, 2809, 3800, 3841, 3884, 3925, 3973, 4014, 4055, 4093, 4131, 5337, 5518, 5527, 5578, 6844, 6949, 6971, 6991]@{}
http://www.comp.hkbu.edu.hk/v1/?page=sitemap?=sc@[17, 63, 96, 108, 128, 140, 160, 173, 197, 625, 653, 688, 755, 762, 789, 793, 797, 821, 829, 865, 882, 1380, 1411, 1468, 1487, 1506, 1518, 1609, 1622, 1685, 1695, 1721, 1828, 1840, 1876, 1948, 2008, 2050, 2103, 2457, 2710, 2809, 3800, 3841, 3884, 3925, 3973, 4014, 4055, 4093, 4131, 5336, 5517, 5526, 5577, 6859, 6964, 6986, 7006]@{}
http://www.comp.hkbu.edu.hk/v1/?lang=sc@[17, 63, 96, 108, 128, 140, 160, 173, 197, 625, 653, 688, 755, 762, 789, 793, 797, 821, 829, 865, 882, 1380, 1411, 1468, 1487, 1506, 1518, 1609, 1622, 1685, 1695, 1721, 1828, 1840, 1876, 1948, 2008, 2050, 2103, 2457, 2710, 2809, 3794, 3835, 3878, 3919, 3967, 4008, 4049, 4087, 4126, 5332, 5513, 5522, 5573, 6825, 6930, 6952, 6972]@{}
http://www.comp.hkbu.edu.hk/~alumni/news/../news/@[20, 31, 39, 646, 5073, 5097, 5106]@{}
http://www.comp.hkbu.edu.hk/~alumni/news/../scholarship/@[20, 31, 39, 905, 929, 938]@{}
http://www.comp.hkbu.edu.hk/~alumni/news/../donation/@[20, 31, 39, 1395, 1419, 1428]@{}
http://www.comp.hkbu.edu.hk/v1/?page=job_vacancies?=tc?=tc@[17, 63, 96, 108, 128, 140, 160, 173, 197, 625, 653, 688, 755, 762, 789, 793, 797, 821, 829, 865, 882, 1380, 1411, 1468, 1487, 1506, 1518, 1609, 1622, 1685, 1695, 1721, 1828, 1840, 1876, 1948, 2008, 2050, 2103, 2457, 2710, 2809, 3802, 3843, 3886, 3927, 3975, 4016, 4057, 4095, 4133, 5338, 5519, 5528, 5579, 6846, 6951, 6973, 6993]@{}
http://www.comp.hkbu.edu.hk/v1/?page=job_vacancies?=sc?=tc@[17, 63, 96, 108, 128, 140, 160, 173, 197, 625, 653, 688, 755, 762, 789, 793, 797, 821, 829, 865, 882, 1380, 1411, 1468, 1487, 1506, 1518, 1609, 1622, 1685, 1695, 1721, 1828, 1840, 1876, 1948, 2008, 2050, 2103, 2457, 2710, 2809, 3802, 3843, 3886, 3927, 3975, 4016, 4057, 4095, 4133, 5348, 5529, 5538, 5589, 6875, 6980, 7002, 7022]@{}
http://www.comp.hkbu.edu.hk/v1/?page=sitemap?=tc?=tc@[17, 63, 96, 108, 128, 140, 160, 173, 197, 625, 653, 688, 755, 762, 789, 793, 797, 821, 829, 865, 882, 1380, 1411, 1468, 1487, 1506, 1518, 1609, 1622, 1685, 1695, 1721, 1828, 1840, 1876, 1948, 2008, 2050, 2103, 2457, 2710, 2809, 3802, 3843, 3886, 3927, 3975, 4016, 4057, 4095, 4133, 5338, 5519, 5528, 5579, 6837, 6942, 6964, 6984]@{}
http://www.comp.hkbu.edu.hk/v1/?page=sitemap?=sc?=tc@[17, 63, 96, 108, 128, 140, 160, 173, 197, 625, 653, 688, 755, 762, 789, 793, 797, 821, 829, 865, 882, 1380, 1411, 1468, 1487, 1506, 1518, 1609, 1622, 1685, 1695, 1721, 1828, 1840, 1876, 1948, 2008, 2050, 2103, 2457, 2710, 2809, 3802, 3843, 3886, 3927, 3975, 4016, 4057, 4095, 4133, 5352, 5533, 5542, 5593, 6864, 6969, 6991, 7011]@{}
http://www.comp.hkbu.edu.hk/v1/?page=home@[17, 63, 96, 108, 128, 140, 160, 173, 197, 625, 653, 688, 755, 762, 789, 793, 797, 821, 829, 865, 882, 1380, 1411, 1468, 1487, 1506, 1518, 1609, 1622, 1685, 1695, 1721, 1828, 1840, 1876, 1948, 2008, 2050, 2103, 2457, 2710, 2809, 3798, 3839, 3882, 3923, 3971, 4012, 4053, 4091, 4129, 5330, 5511, 5520, 5571, 6829, 6934, 6956, 6976]@{}
http://www.comp.hkbu.edu.hk/~alumni/news/../news/../news/@[20, 31, 39, 646, 5073, 5097, 5106]@{}
http://www.comp.hkbu.edu.hk/~alumni/news/../scholarship/../news/@[20, 31, 39, 646, 5073, 5097, 5106]@{}
http://www.comp.hkbu.edu.hk/~alumni/news/../donation/../news/@[20, 31, 39, 646, 5073, 5097, 5106]@{}
http://www.comp.hkbu.edu.hk/v1/?page=job_vacancies?=tc?=tc?=tc@[17, 63, 96, 108, 128, 140, 160, 173, 197, 625, 653, 688, 755, 762, 789, 793, 797, 821, 829, 865, 882, 1380, 1411, 1468, 1487, 1506, 1518, 1609, 1622, 1685, 1695, 1721, 1828, 1840, 1876, 1948, 2008, 2050, 2103, 2457, 2710, 2809, 3804, 3845, 3888, 3929, 3977, 4018, 4059, 4097, 4136, 5352, 5533, 5542, 5593, 6872, 6977, 6999, 7019]@{}
http://www.comp.hkbu.edu.hk/v1/?page=job_vacancies?=sc?=tc?=tc@[17, 63, 96, 108, 128, 140, 160, 173, 197, 625, 653, 688, 755, 762, 789, 793, 797, 821, 829, 865, 882, 1380, 1411, 1468, 1487, 1506, 1518, 1609, 1622, 1685, 1695, 1721, 1828, 1840, 1876, 1948, 2008, 2050, 2103, 2457, 2710, 2809, 3804, 3845, 3888, 3929, 3977, 4018, 4059, 4097, 4135, 5336, 5517, 5526, 5577, 6841, 6946, 6968, 6988]@{}
http://www.comp.hkbu.edu.hk/v1/?page=sitemap?=tc?=tc?=tc@[17, 63, 96, 108, 128, 140, 160, 173, 197, 625, 653, 688, 755, 762, 789, 793, 797, 821, 829, 865, 882, 1380, 1411, 1468, 1487, 1506, 1518, 1609, 1622, 1685, 1695, 1721, 1828, 1840, 1876, 1948, 2008, 2050, 2103, 2457, 2710, 2809, 3804, 3845, 3888, 3929, 3977, 4018, 4059, 4097, 4136, 5342, 5523, 5532, 5583, 6869, 6974, 6996, 7016]@{}
http://www.comp.hkbu.edu.hk/v1/?page=sitemap?=sc?=tc?=tc@[17, 63, 96, 108, 128, 140, 160, 173, 197, 625, 653, 688, 755, 762, 789, 793, 797, 821, 829, 865, 882, 1380, 1411, 1468, 1487, 1506, 1518, 1609, 1622, 1685, 1695, 1721, 1828, 1840, 1876, 1948, 2008, 2050, 2103, 2457, 2710, 2809, 3804, 3845, 3888, 3929, 3977, 4018, 4059, 4097, 4136, 5345, 5526, 5535, 5586, 6872, 6977, 6999, 7019]@{}
http://www.comp.hkbu.edu.hk/v1/?page=home?=tc@[17, 63, 96, 108, 128, 140, 160, 173, 197, 625, 653, 688, 755, 762, 789, 793, 797, 821, 829, 865, 882, 1380, 1411, 1468, 1487, 1506, 1518, 1609, 1622, 1685, 1695, 1721, 1828, 1840, 1876, 1948, 2008, 2050, 2103, 2457, 2710, 2809, 3800, 3841, 3884, 3925, 3973, 4014, 4055, 4093, 4131, 5340, 5521, 5530, 5581, 6857, 6962, 6984, 7004]@{}
http://www.comp.hkbu.edu.hk/~alumni/news/../news/../news/../news/@[20, 31, 39, 646, 5073, 5097, 5106]@{}
http://www.comp.hkbu.edu.hk/~alumni/news/../scholarship/../news/../news/@[20, 31, 39, 646, 5073, 5097, 5106]@{}
http://www.comp.hkbu.edu.hk/~alumni/news/../donation/../news/../news/@[20, 31, 39, 646, 5073, 5097, 5106]@{}
http://www.comp.hkbu.edu.hk/v1/?page=job_vacancies?=tc?=tc?=tc?=tc@[17, 63, 96, 108, 128, 140, 160, 173, 197, 625, 653, 688, 755, 762, 789, 793, 797, 821, 829, 865, 882, 1380, 1411, 1468, 1487, 1506, 1518, 1609, 1622, 1685, 1695, 1721, 1828, 1840, 1876, 1948, 2008, 2050, 2103, 2457, 2710, 2809, 3806, 3847, 3890, 3931, 3979, 4020, 4061, 4099, 4138, 5353, 5534, 5543, 5594, 6852, 6957, 6979, 6999]@{}
http://www.comp.hkbu.edu.hk/v1/?page=job_vacancies?=sc?=tc?=tc?=tc@[17, 63, 96, 108, 128, 140, 160, 173, 197, 625, 653, 688, 755, 762, 789, 793, 797, 821, 829, 865, 882, 1380, 1411, 1468, 1487, 1506, 1518, 1609, 1622, 1685, 1695, 1721, 1828, 1840, 1876, 1948, 2008, 2050, 2103, 2457, 2710, 2809, 3806, 3847, 3890, 3931, 3979, 4020, 4061, 4099, 4138, 5354, 5535, 5544, 5595, 6840, 6945, 6967, 6987]@{}
http://www.comp.hkbu.edu.hk/v1/?page=sitemap?=tc?=tc?=tc?=tc@[17, 63, 96, 108, 128, 140, 160, 173, 197, 625, 653, 688, 755, 762, 789, 793, 797, 821, 829, 865, 882, 1380, 1411, 1468, 1487, 1506, 1518, 1609, 1622, 1685, 1695, 1721, 1828, 1840, 1876, 1948, 2008, 2050, 2103, 2457, 2710, 2809, 3806, 3847, 3890, 3931, 3979, 4020, 4061, 4099, 4137, 5342, 5523, 5532, 5583, 6858, 6963, 6985, 7005]@{}
http://www.comp.hkbu.edu.hk/v1/?page=sitemap?=sc?=tc?=tc?=tc@[17, 63, 96, 108, 128, 140, 160, 173, 197, 625, 653, 688, 755, 762, 789, 793, 797, 821, 829, 865, 882, 1380, 1411, 1468, 1487, 1506, 1518, 1609, 1622, 1685, 1695, 1721, 1828, 1840, 1876, 1948, 2008, 2050, 2103, 2457, 2710, 2809, 3806, 3847, 3890, 3931, 3979, 4020, 4061, 4099, 4137, 5353, 5534, 5543, 5594, 6866, 6971, 6993, 7013]@{}
http://www.comp.hkbu.edu.hk/v1/?page=home?=tc?=tc@[17, 63, 96, 108, 128, 140, 160, 173, 197, 625, 653, 688, 755, 762, 789, 793, 797, 821, 829, 865, 882, 1380, 1411, 1468, 1487, 1506, 1518, 1609, 1622, 1685, 1695, 1721, 1828, 1840, 1876, 1948, 2008, 2050, 2103, 2457, 2710, 2809, 3802, 3843, 3886, 3927, 3975, 4016, 4057, 4095, 4133, 5342, 5523, 5532, 5583, 6840, 6945, 6967, 6987]@{}
http://www.comp.hkbu.edu.hk/~alumni/news/../news/../news/../news/../news/@[20, 31, 39, 646, 5073, 5097, 5106]@{}
http://www.comp.hkbu.edu.hk/v1/?page=alumni@[18, 170, 194, 203]@{}
http://www.comp.hkbu.edu.hk/~alumni/news/../scholarship/../news/../news/../news/@[20, 31, 39, 646, 5073, 5097, 5106]@{}
http://www.comp.hkbu.edu.hk/~alumni/news/../donation/../news/../news/../news/@[20, 31, 39, 646, 5073, 5097, 5106]@{}
http://www.comp.hkbu.edu.hk/v1/?page=job_vacancies?=tc?=tc?=tc?=tc?=tc@[17, 63, 96, 108, 128, 140, 160, 173, 197, 625, 653, 688, 755, 762, 789, 793, 797, 821, 829, 865, 882, 1380, 1411, 1468, 1487, 1506, 1518, 1609, 1622, 1685, 1695, 1721, 1828, 1840, 1876, 1948, 2008, 2050, 2103, 2457, 2710, 2809, 3808, 3849, 3892, 3933, 3981, 4022, 4063, 4101, 4140, 5356, 5537, 5546, 5597, 6847, 6952, 6974, 6994]@{}
http://www.comp.hkbu.edu.hk/v1/?page=job_vacancies?=sc?=tc?=tc?=tc?=tc@[17, 63, 96, 108, 128, 140, 160, 173, 197, 625, 653, 688, 755, 762, 789, 793, 797, 821, 829, 865, 882, 1380, 1411, 1468, 1487, 1506, 1518, 1609, 1622, 1685, 1695, 1721, 1828, 1840, 1876, 1948, 2008, 2050, 2103, 2457, 2710, 2809, 3808, 3849, 3892, 3933, 3981, 4022, 4063, 4101, 4139, 5341, 5522, 5531, 5582, 6849, 6954, 6976, 6996]@{}
http://www.comp.hkbu.edu.hk/v1/?page=sitemap?=tc?=tc?=tc?=tc?=tc@[17, 63, 96, 108, 128, 140, 160, 173, 197, 625, 653, 688, 755, 762, 789, 793, 797, 821, 829, 865, 882, 1380, 1411, 1468, 1487, 1506, 1518, 1609, 1622, 1685, 1695, 1721, 1828, 1840, 1876, 1948, 2008, 2050, 2103, 2457, 2710, 2809, 3808, 3849, 3892, 3933, 3981, 4022, 4063, 4101, 4140, 5349, 5530, 5539, 5590, 6869, 6974, 6996, 7016]@{}
http://www.comp.hkbu.edu.hk/v1/?page=sitemap?=sc?=tc?=tc?=tc?=tc@[17, 63, 96, 108, 128, 140, 160, 173, 197, 625, 653, 688, 755, 762, 789, 793, 797, 821, 829, 865, 882, 1380, 1411, 1468, 1487, 1506, 1518, 1609, 1622, 1685, 1695, 1721, 1828, 1840, 1876, 1948, 2008, 2050, 2103, 2457, 2710, 2809, 3808, 3849, 3892, 3933, 3981, 4022, 4063, 4101, 4139, 5355, 5536, 5545, 5596, 6854, 6959, 6981, 7001]@{}
http://www.comp.hkbu.edu.hk/v1/?page=home?=tc?=tc?=tc@[17, 63, 96, 108, 128, 140, 160, 173, 197, 625, 653, 688, 755, 762, 789, 793, 797, 821, 829, 865, 882, 1380, 1411, 1468, 1487, 1506, 1518, 1609, 1622, 1685, 1695, 1721, 1828, 1840, 1876, 1948, 2008, 2050, 2103, 2457, 2710, 2809, 3804, 3845, 3888, 3929, 3977, 4018, 4059, 4097, 4135, 5340, 5521, 5530, 5581, 6854, 6959, 6981, 7001]@{}
http://www.comp.hkbu.edu.hk/~alumni/news/../news/../news/../news/../news/../news/@[20, 31, 39, 646, 5073, 5097, 5106]@{}
http://www.comp.hkbu.edu.hk/~alumni/news/../scholarship/../news/../news/../news/../news/@[20, 31, 39, 646, 5073, 5097, 5106]@{}
http://www.comp.hkbu.edu.hk/~alumni/news/../donation/../news/../news/../news/../news/@[20, 31, 39, 646, 5073, 5097, 5106]@{}
http://www.comp.hkbu.edu.hk/v1/?page=job_vacancies@[17, 63, 96, 108, 173, 201, 236, 303, 310, 337, 341, 345, 369, 377, 413, 430, 928, 959, 1016, 1035, 1054, 1066, 1157, 1170, 1233, 1243, 1269, 1376, 1388, 1424, 1496, 1556, 1598, 1651, 2005, 2258, 2357, 3346, 3387, 3430, 3471, 3519, 3560, 3601, 3639, 3678, 4367, 4484, 4504]@{}
http://www.comp.hkbu.edu.hk/v1/?page=job_vacancies?=tc?=tc?=tc?=tc?=tc?=tc@[17, 63, 96, 108, 128, 140, 160, 173, 197, 625, 653, 688, 755, 762, 789, 793, 797, 821, 829, 865, 882, 1380, 1411, 1468, 1487, 1506, 1518, 1609, 1622, 1685, 1695, 1721, 1828, 1840, 1876, 1948, 2008, 2050, 2103, 2457, 2710, 2809, 3810, 3851, 3894, 3935, 3983, 4024, 4065, 4103, 4142, 5344, 5525, 5534, 5585, 6844, 6949, 6971, 6991]@{}
http://www.comp.hkbu.edu.hk/v1/?page=job_vacancies?=sc?=tc?=tc?=tc?=tc?=tc@[17, 63, 96, 108, 128, 140, 160, 173, 197, 625, 653, 688, 755, 762, 789, 793, 797, 821, 829, 865, 882, 1380, 1411, 1468, 1487, 1506, 1518, 1609, 1622, 1685, 1695, 1721, 1828, 1840, 1876, 1948, 2008, 2050, 2103, 2457, 2710, 2809, 3810, 3851, 3894, 3935, 3983, 4024, 4065, 4103, 4141, 5343, 5524, 5533, 5584, 6871, 6976, 6998, 7018]@{}
http://www.comp.hkbu.edu.hk/v1/?page=sitemap?=tc?=tc?=tc?=tc?=tc?=tc@[17, 63, 96, 108, 128, 140, 160, 173, 197, 625, 653, 688, 755, 762, 789, 793, 797, 821, 829, 865, 882, 1380, 1411, 1468, 1487, 1506, 1518, 1609, 1622, 1685, 1695, 1721, 1828, 1840, 1876, 1948, 2008, 2050, 2103, 2457, 2710, 2809, 3810, 3851, 3894, 3935, 3983, 4024, 4065, 4103, 4141, 5347, 5528, 5537, 5588, 6861, 6966, 6988, 7008]@{}
http://www.comp.hkbu.edu.hk/v1/?page=sitemap?=sc?=tc?=tc?=tc?=tc?=tc@[17, 63, 96, 108, 128, 140, 160, 173, 197, 625, 653, 688, 755, 762, 789, 793, 797, 821, 829, 865, 882, 1380, 1411, 1468, 1487, 1506, 1518, 1609, 1622, 1685, 1695, 1721, 1828, 1840, 1876, 1948, 2008, 2050, 2103, 2457, 2710, 2809, 3810, 3851, 3894, 3935, 3983, 4024, 4065, 4103, 4142, 5365, 5546, 5555, 5606, 6871, 6976, 6998, 7018]@{}
http://www.comp.hkbu.edu.hk/v1/?page=home?=tc?=tc?=tc?=tc@[17, 63, 96, 108, 128, 140, 160, 173, 197, 625, 653, 688, 755, 762, 789, 793, 797, 821, 829, 865, 882, 1380, 1411, 1468, 1487, 1506, 1518, 1609, 1622, 1685, 1695, 1721, 1828, 1840, 1876, 1948, 2008, 2050, 2103, 2457, 2710, 2809, 3806, 3847, 3890, 3931, 3979, 4020, 4061, 4099, 4138, 5346, 5527, 5536, 5587, 6855, 6960, 6982, 7002]@{}
http://www.comp.hkbu.edu.hk/~alumni/news/../news/../news/../news/../news/../news/../news/@[20, 31, 39, 646, 5073, 5097, 5106]@{}
http://www.comp.hkbu.edu.hk/~alumni/news/../scholarship/../news/../news/../news/../news/../news/@[20, 31, 39, 646, 5073, 5097, 5106]@{}
http://www.comp.hkbu.edu.hk/~alumni/news/../donation/../news/../news/../news/../news/../news/@[20, 31, 39, 646, 5073, 5097, 5106]@{}
http://www.comp.hkbu.edu.hk/v1/?page=job_vacancies?=tc?=tc?=tc?=tc?=tc?=tc?=tc@[17, 63, 96, 108, 128, 140, 160, 173, 197, 625, 653, 688, 755, 762, 789, 793, 797, 821, 829, 865, 882, 1380, 1411, 1468, 1487, 1506, 1518, 1609, 1622, 1685, 1695, 1721, 1828, 1840, 1876, 1948, 2008, 2050, 2103, 2457, 2710, 2809, 3812, 3853, 3896, 3937, 3985, 4026, 4067, 4105, 4144, 5348, 5529, 5538, 5589, 6843, 6948, 6970, 6990]@{}
http://www.comp.hkbu.edu.hk/v1/?page=job_vacancies?=sc?=tc?=tc?=tc?=tc?=tc?=tc@[17, 63, 96, 108, 128, 140, 160, 173, 197, 625, 653, 688, 755, 762, 789, 793, 797, 821, 829, 865, 882, 1380, 1411, 1468, 1487, 1506, 1518, 1609, 1622, 1685, 1695, 1721, 1828, 1840, 1876, 1948, 2008, 2050, 2103, 2457, 2710, 2809, 3812, 3853, 3896, 3937, 3985, 4026, 4067, 4105, 4144, 5345, 5526, 5535, 5586, 6863, 6968, 6990, 7010]@{}
http://www.comp.hkbu.edu.hk/v1/?page=sitemap?=tc?=tc?=tc?=tc?=tc?=tc?=tc@[17, 63, 96, 108, 128, 140, 160, 173, 197, 625, 653, 688, 755, 762, 789, 793, 797, 821, 829, 865, 882, 1380, 1411, 1468, 1487, 1506, 1518, 1609, 1622, 1685, 1695, 1721, 1828, 1840, 1876, 1948, 2008, 2050, 2103, 2457, 2710, 2809, 3812, 3853, 3896, 3937, 3985, 4026, 4067, 4105, 4143, 5347, 5528, 5537, 5588, 6843, 6948, 6970, 6990]@{}
http://www.comp.hkbu.edu.hk/v1/?page=sitemap?=sc?=tc?=tc?=tc?=tc?=tc?=tc@[17, 63, 96, 108, 128, 140, 160, 173, 197, 625, 653, 688, 755, 762, 789, 793, 797, 821, 829, 865, 882, 1380, 1411, 1468, 1487, 1506, 1518, 1609, 1622, 1685, 1695, 1721, 1828, 1840, 1876, 1948, 2008, 2050, 2103, 2457, 2710, 2809, 3812, 3853, 3896, 3937, 3985, 4026, 4067, 4105, 4143, 5349, 5530, 5539, 5590, 6864, 6969, 6991, 7011]@{}
http://www.comp.hkbu.edu.hk/v1/?page=home?=tc?=tc?=tc?=tc?=tc@[17, 63, 96, 108, 128, 140, 160, 173, 197, 625, 653, 688, 755, 762, 789, 793, 797, 821, 829, 865, 882, 1380, 1411, 1468, 1487, 1506, 1518, 1609, 1622, 1685, 1695, 1721, 1828, 1840, 1876, 1948, 2008, 2050, 2103, 2457, 2710, 2809, 3808, 3849, 3892, 3933, 3981, 4022, 4063, 4101, 4140, 5349, 5530, 5539, 5590, 6868, 6973, 6995, 7015]@{}
http://www.comp.hkbu.edu.hk/~alumni/news/../news/../news/../news/../news/../news/../news/../news/@[20, 31, 39, 646, 5073, 5097, 5106]@{}
http://www.comp.hkbu.edu.hk/~alumni/news/../scholarship/../news/../news/../news/../news/../news/../news/@[20, 31, 39, 646, 5073, 5097, 5106]@{}
http://www.comp.hkbu.edu.hk/~alumni/news/../donation/../news/../news/../news/../news/../news/../news/@[20, 31, 39, 646, 5073, 5097, 5106]@{}
http://www.comp.hkbu.edu.hk/v1/?page=job_vacancies?=tc?=tc?=tc?=tc?=tc?=tc?=tc?=tc@[17, 63, 96, 108, 128, 140, 160, 173, 197, 625, 653, 688, 755, 762, 789, 793, 797, 821, 829, 865, 882, 1380, 1411, 1468, 1487, 1506, 1518, 1609, 1622, 1685, 1695, 1721, 1828, 1840, 1876, 1948, 2008, 2050, 2103, 2457, 2710, 2809, 3814, 3855, 3898, 3939, 3987, 4028, 4069, 4107, 4146, 5364, 5545, 5554, 5605, 6886, 6991, 7013, 7033]@{}
http://www.comp.hkbu.edu.hk/v1/?page=job_vacancies?=sc?=tc?=tc?=tc?=tc?=tc?=tc?=tc@[17, 63, 96, 108, 128, 140, 160, 173, 197, 625, 653, 688, 755, 762, 789, 793, 797, 821, 829, 865, 882, 1380, 1411, 1468, 1487, 1506, 1518, 1609, 1622, 1685, 1695, 1721, 1828, 1840, 1876, 1948, 2008, 2050, 2103, 2457, 2710, 2809, 3814, 3855, 3898, 3939, 3987, 4028, 4069, 4107, 4146, 5348, 5529, 5538, 5589, 6865, 6970, 6992, 7012]@{}
http://www.comp.hkbu.edu.hk/v1/?page=sitemap?=tc?=tc?=tc?=tc?=tc?=tc?=tc?=tc@[17, 63, 96, 108, 128, 140, 160, 173, 197, 625, 653, 688, 755, 762, 789, 793, 797, 821, 829, 865, 882, 1380, 1411, 1468, 1487, 1506, 1518, 1609, 1622, 1685, 1695, 1721, 1828, 1840, 1876, 1948, 2008, 2050, 2103, 2457, 2710, 2809, 3814, 3855, 3898, 3939, 3987, 4028, 4069, 4107, 4146, 5351, 5532, 5541, 5592, 6856, 6961, 6983, 7003]@{}
http://www.comp.hkbu.edu.hk/v1/?page=sitemap?=sc?=tc?=tc?=tc?=tc?=tc?=tc?=tc@[17, 63, 96, 108, 128, 140, 160, 173, 197, 625, 653, 688, 755, 762, 789, 793, 797, 821, 829, 865, 882, 1380, 1411, 1468, 1487, 1506, 1518, 1609, 1622, 1685, 1695, 1721, 1828, 1840, 1876, 1948, 2008, 2050, 2103, 2457, 2710, 2809, 3814, 3855, 3898, 3939, 3987, 4028, 4069, 4107, 4146, 5365, 5546, 5555, 5606, 6864, 6969, 6991, 7011]@{}
http://www.comp.hkbu.edu.hk/v1/?page=sitemap@[17, 63, 96, 108, 171, 199, 234, 301, 308, 335, 339, 343, 367, 375, 411, 428, 926, 957, 1014, 1033, 1052, 1064, 1155, 1168, 1231, 1241, 1267, 1374, 1386, 1422, 1494, 1554, 1596, 1649, 2003, 2256, 2355, 3344, 3385, 3428, 3469, 3517, 3558, 3599, 3637, 3675, 5727, 5844, 5864]@{}
http://www.comp.hkbu.edu.hk/v1/?page=home?=tc?=tc?=tc?=tc?=tc?=tc@[17, 63, 96, 108, 128, 140, 160, 173, 197, 625, 653, 688, 755, 762, 789, 793, 797, 821, 829, 865, 882, 1380, 1411, 1468, 1487, 1506, 1518, 1609, 1622, 1685, 1695, 1721, 1828, 1840, 1876, 1948, 2008, 2050, 2103, 2457, 2710, 2809, 3810, 3851, 3894, 3935, 3983, 4024, 4065, 4103, 4141, 5350, 5531, 5540, 5591, 6864, 6969, 6991, 7011]@{}
http://www.comp.hkbu.edu.hk/~alumni/news/../news/../news/../news/../news/../news/../news/../news/../news/@[20, 31, 39, 646, 5073, 5097, 5106]@{}
http://www.comp.hkbu.edu.hk/~alumni/news/../scholarship/../news/../news/../news/../news/../news/../news/../news/@[20, 31, 39, 646, 5073, 5097, 5106]@{}
http://www.comp.hkbu.edu.hk/~alumni/news/../donation/../news/../news/../news/../news/../news/../news/../news/@[20, 31, 39, 646, 5073, 5097, 5106]@{}
http://www.comp.hkbu.edu.hk/v1/?page=job_vacancies?=tc?=tc?=tc?=tc?=tc?=tc?=tc?=tc?=tc@[17, 63, 96, 108, 128, 140, 160, 173, 197, 625, 653, 688, 755, 762, 789, 793, 797, 821, 829, 865, 882, 1380, 1411, 1468, 1487, 1506, 1518, 1609, 1622, 1685, 1695, 1721, 1828, 1840, 1876, 1948, 2008, 2050, 2103, 2457, 2710, 2809, 3816, 3857, 3900, 3941, 3989, 4030, 4071, 4109, 4148, 5364, 5545, 5554, 5605, 6860, 6965, 6987, 7007]@{}
http://www.comp.hkbu.edu.hk/v1/?page=job_vacancies?=sc?=tc?=tc?=tc?=tc?=tc?=tc?=tc?=tc@[17, 63, 96, 108, 128, 140, 160, 173, 197, 625, 653, 688, 755, 762, 789, 793, 797, 821, 829, 865, 882, 1380, 1411, 1468, 1487, 1506, 1518, 1609, 1622, 1685, 1695, 1721, 1828, 1840, 1876, 1948, 2008, 2050, 2103, 2457, 2710, 2809, 3816, 3857, 3900, 3941, 3989, 4030, 4071, 4109, 4148, 5363, 5544, 5553, 5604, 6872, 6977, 6999, 7019]@{}
http://www.comp.hkbu.edu.hk/v1/?page=sitemap?=tc?=tc?=tc?=tc?=tc?=tc?=tc?=tc?=tc@[17, 63, 96, 108, 128, 140, 160, 173, 197, 625, 653, 688, 755, 762, 789, 793, 797, 821, 829, 865, 882, 1380, 1411, 1468, 1487, 1506, 1518, 1609, 1622, 1685, 1695, 1721, 1828, 1840, 1876, 1948, 2008, 2050, 2103, 2457, 2710, 2809, 3816, 3857, 3900, 3941, 3989, 4030, 4071, 4109, 4147, 5348, 5529, 5538, 5589, 6840, 6945, 6967, 6987]@{}
http://www.comp.hkbu.edu.hk/v1/?page=sitemap?=sc?=tc?=tc?=tc?=tc?=tc?=tc?=tc?=tc@[17, 63, 96, 108, 128, 140, 160, 173, 197, 625, 653, 688, 755, 762, 789, 793, 797, 821, 829, 865, 882, 1380, 1411, 1468, 1487, 1506, 1518, 1609, 1622, 1685, 1695, 1721, 1828, 1840, 1876, 1948, 2008, 2050, 2103, 2457, 2710, 2809, 3816, 3857, 3900, 3941, 3989, 4030, 4071, 4109, 4147, 5366, 5547, 5556, 5607, 6866, 6971, 6993, 7013]@{}
http://www.comp.hkbu.edu.hk/v1/?lang=tc@[17, 63, 96, 108, 128, 140, 160, 173, 197, 625, 653, 688, 755, 762, 789, 793, 797, 821, 829, 865, 882, 1380, 1411, 1468, 1487, 1506, 1518, 1609, 1622, 1685, 1695, 1721, 1828, 1840, 1876, 1948, 2008, 2050, 2103, 2457, 2710, 2809, 3794, 3835, 3878, 3919, 3967, 4008, 4049, 4087, 4125, 5348, 5529, 5538, 5589, 6868, 6973, 6995, 7015]@{}
http://www.comp.hkbu.edu.hk/~alumni/news/@[20, 31, 39, 646, 5073, 5097, 5106]@{}
http://www.sci.hkbu.edu.hk/eng/page/?page=prospective-students@[82, 150, 164, 188, 196, 209, 343, 523, 534, 547, 743, 768, 797, 970, 1787, 1815, 1847, 1893, 3793, 3820]@{}
http://www.sci.hkbu.edu.hk/eng/page/?page=current-students@[82, 150, 164, 188, 196, 209, 343, 523, 534, 547, 743, 768, 797, 970, 1787, 1815, 1847, 1893, 2935, 3449, 3476]@{}
http://www.sci.hkbu.edu.hk/eng/page/@[82, 150, 164, 188, 196, 209, 343, 523, 534, 547, 743, 768, 797, 970, 1787, 1815, 1847, 1893, 3552, 3579]@{}
http://www.sci.hkbu.edu.hk/eng/about-us/honorary-doctorate@[82, 150, 164, 188, 196, 209, 343, 523, 534, 547, 743, 768, 797, 970, 1787, 1815, 1847, 1893, 2670, 2734, 2814, 2893, 2974, 3053, 3133, 3212, 3291, 4083, 4110]@{}
http://www.sci.hkbu.edu.hk/eng/about-us/distinguished-professorship/eng/page/?page=prospective-students@[82, 150, 164, 188, 196, 209, 343, 523, 534, 547, 743, 768, 797, 970, 1787, 1815, 1847, 1893, 2346, 2359, 4234, 4910, 4922, 4941, 4957, 4971, 4983, 8248, 8275]@{}
http://www.sci.hkbu.edu.hk/eng/about-us/honorary-doctorate/eng/page/?page=prospective-students@[82, 150, 164, 188, 196, 209, 343, 523, 534, 547, 743, 768, 797, 970, 1787, 1815, 1847, 1893, 2346, 2359, 4234, 4910, 4922, 4941, 4957, 4971, 4983, 8248, 8275]@{}
http://www.sci.hkbu.edu.hk/eng/about-us/distinguished-professor-of-science@[82, 150, 164, 188, 196, 209, 343, 523, 534, 547, 743, 768, 797, 970, 1787, 1815, 1847, 1893, 2632, 2671, 2748, 2834, 2934, 3012, 3103, 3183, 3281, 3357, 3899, 3926]@{}
http://www.sci.hkbu.edu.hk/eng/about-us/dr-kennedy-wong-distinguished-visiting-professorship-scheme@[82, 150, 164, 188, 196, 209, 343, 523, 534, 547, 743, 768, 797, 970, 1787, 1815, 1847, 1893, 2682, 2794, 2903, 3003, 3568, 3595]@{}
http://www.sci.hkbu.edu.hk/eng/about-us/distinguished-professor-of-science/eng/page/?page=prospective-students@[82, 150, 164, 188, 196, 209, 343, 523, 534, 547, 743, 768, 797, 970, 1787, 1815, 1847, 1893, 2346, 2359, 4234, 4910, 4922, 4941, 4957, 4971, 4983, 8248, 8275]@{}
http://www.sci.hkbu.edu.hk/eng/about-us/dr-kennedy-wong-distinguished-visiting-professorship-scheme/eng/page/?page=prospective-students@[82, 150, 164, 188, 196, 209, 343, 523, 534, 547, 743, 768, 797, 970, 1787, 1815, 1847, 1893, 2346, 2359, 4234, 4910, 4922, 4941, 4957, 4971, 4983, 8248, 8275]@{}
http://www.sci.hkbu.edu.hk/eng/page/eng/about-us/vision-mission@[82, 150, 164, 188, 196, 209, 343, 523, 534, 547, 743, 768, 797, 970, 1787, 1815, 1847, 1893, 2346, 2359, 4234, 4910, 4922, 4941, 4957, 4971, 4983, 8248, 8275]@{}
http://www.sci.hkbu.edu.hk/eng/page/eng/about-us/faculty-advisory-committee@[82, 150, 164, 188, 196, 209, 343, 523, 534, 547, 743, 768, 797, 970, 1787, 1815, 1847, 1893, 2346, 2359, 4234, 4910, 4922, 4941, 4957, 4971, 4983, 8248, 8275]@{}
http://www.sci.hkbu.edu.hk/eng@[82, 150, 164, 188, 196, 209, 343, 523, 534, 547, 743, 768, 797, 970, 1787, 1815, 1847, 1893, 2346, 2359, 4234, 4910, 4922, 4941, 4957, 4971, 4983, 8248, 8275]@{}
http://www.sci.hkbu.edu.hk/eng/about-us/vision-mission@[82, 150, 164, 188, 196, 209, 343, 523, 534, 547, 743, 768, 797, 970, 1787, 1815, 1847, 1893, 2769, 2820, 2869, 3472, 3499]@{}
http://www.sci.hkbu.edu.hk/eng/about-us/faculty-advisory-committee@[82, 150, 164, 188, 196, 209, 343, 523, 534, 547, 743, 768, 797, 970, 1787, 1815, 1847, 1893, 4226, 4253]@{}
http://www.sci.hkbu.edu.hk/eng/about-us/vision-mission/eng/page/?page=prospective-students@[82, 150, 164, 188, 196, 209, 343, 523, 534, 547, 743, 768, 797, 970, 1787, 1815, 1847, 1893, 2346, 2359, 4234, 4910, 4922, 4941, 4957, 4971, 4983, 8248, 8275]@{}
http://www.sci.hkbu.edu.hk/eng/about-us/faculty-advisory-committee/eng/page/?page=prospective-students@[82, 150, 164, 188, 196, 209, 343, 523, 534, 547, 743, 768, 797, 970, 1787, 1815, 1847, 1893, 2346, 2359, 4234, 4910, 4922, 4941, 4957, 4971, 4983, 8248, 8275]@{}
http://www.sci.hkbu.edu.hk/eng/about-us/distinguished-professorship@[82, 150, 164, 188, 196, 209, 343, 523, 534, 547, 743, 768, 797, 970, 1787, 1815, 1847, 1893, 3117, 3144]@{}
