https://forms.gle/DjStXN8kEpUVwTW38@[17]@[]
https://policies.google.com/privacy@[246, 342, 474, 677, 885, 1492, 1979, 2267, 2501, 2507, 2512, 2799, 2843, 3986, 4169, 5392, 5920, 7223, 7239, 7546]@[246, 342, 474, 677, 885, 1492, 1979, 2267, 2501, 2507, 2512, 2799, 2843, 3986, 4169, 5392, 5920, 7223, 7239, 7546]
https://www.google.com@[2]@[]
https://news.google.com/?tab=wn@[6, 171, 220, 261, 308, 364, 431, 472, 519, 572, 613, 659, 712, 754, 804, 846, 868, 913, 991, 1030, 1086, 1140, 1186, 1227, 1250, 1276, 1297, 1319, 1356, 1378, 1401, 1418, 1440, 1467, 1489, 1510, 1532, 1596, 1621, 1685, 1726, 1750, 1787, 1822, 1843, 1871, 1877, 1899, 1900, 1911, 1946]@[171, 220, 261, 308, 364, 431, 472, 519, 572, 613, 659, 712, 754, 804, 846, 868, 913, 991, 1030, 1086, 1140, 1186, 1227, 1250, 1276, 1297, 1319, 1356, 1378, 1401, 1418, 1440, 1467, 1489, 1510, 1532, 1596, 1621, 1685, 1726, 1750, 1787, 1822, 1843, 1871, 1877, 1899, 1900, 1911, 1946]
https://www.google.com.hk/intl/zh-TW/about/products?tab=wh@[49, 60, 290, 291, 293, 295]@[49, 60, 290, 291, 293, 295]
https://www.google.com.hk/history/optout?hl=zh-TW@[2]@[]
https://news.google.com/?tab=nn@[6, 171, 226, 282, 330, 371, 451, 505, 517, 569, 617, 699, 720, 769, 806, 860, 918, 958, 979, 1034, 1072, 1130, 1180, 1222, 1254, 1296, 1352, 1386, 1409, 1435, 1456, 1478, 1515, 1537, 1560, 1577, 1599, 1626, 1648, 1669, 1691, 1731, 1757, 1821, 1862, 1886, 1923, 1958, 1979, 2007, 2013, 2035, 2036, 2047, 2082]@[171, 226, 282, 330, 371, 451, 505, 517, 569, 617, 699, 720, 769, 806, 860, 918, 958, 979, 1034, 1072, 1130, 1180, 1222, 1254, 1296, 1352, 1386, 1409, 1435, 1456, 1478, 1515, 1537, 1560, 1577, 1599, 1626, 1648, 1669, 1691, 1731, 1757, 1821, 1862, 1886, 1923, 1958, 1979, 2007, 2013, 2035, 2036, 2047, 2082]
https://itunes.apple.com/app/google-search/id284815942?mt=8@[1055]@[1055]
https://play.google.com/store/apps/details?id=com.google.android.googlequicksearchbox@[9, 563, 573]@[9, 563, 573]
https://support.google.com/websearch?hl=zh@[3]@[3]
https://www.google.com.hk@[5]@[]
https://support.google.com/accounts/answer/23852?hl=zh-HK@[5]@[5]
