http://www.comp.hkbu.edu.hk@[2551, 2582, 2612, 2823, 2837, 2851, 2865, 2879, 3622, 3634, 3694, 3702, 4515, 4644, 4719, 4755, 4818, 6865, 6957]@{}
http://www.comp.hkbu.edu.hk/v1/?page=sci@[835, 1388, 1401, 1414, 1432, 1446, 5745, 8022, 8037, 8052, 8066, 8240]@{}
http://www.comp.hkbu.edu.hk/v1/?page=job_vacancies?=tc@[2551, 2582, 2612, 2823, 2837, 2851, 2865, 2879, 3628, 3640, 3700, 3708, 4521, 4715, 4751, 4814, 6841, 6933]@{}
http://www.comp.hkbu.edu.hk/v1/?page=job_vacancies?=sc@[2551, 2582, 2612, 2823, 2837, 2851, 2865, 2879, 3628, 3640, 3700, 3708, 4521, 4678, 4715, 4751, 4814, 6850, 6942]@{}
http://www.comp.hkbu.edu.hk/v1/?page=sitemap?=tc@[2551, 2582, 2612, 2823, 2837, 2851, 2865, 2879, 3628, 3640, 3700, 3708, 4520, 4711, 4747, 4810, 6853, 6945]@{}
http://www.comp.hkbu.edu.hk/v1/?page=sitemap?=sc@[2551, 2582, 2612, 2823, 2837, 2851, 2865, 2879, 3628, 3640, 3700, 3708, 4520, 4673, 4710, 4746, 4809, 6868, 6960]@{}
http://www.comp.hkbu.edu.hk/v1/?lang=sc@[2551, 2582, 2612, 2823, 2837, 2851, 2865, 2879, 3622, 3634, 3694, 3702, 4515, 4706, 4742, 4805, 6834, 6926]@{}
http://www.comp.hkbu.edu.hk/~alumni/news/../news/@[290, 356, 444, 503, 535, 825, 902, 1049, 1099, 1158, 1171, 1187, 1269, 1344, 1395, 1473, 1524, 1605, 1662, 1741, 1794, 1849, 1907, 1964, 2038, 2123, 2180, 2259, 2308, 2398, 2453, 2527, 2585, 2639, 2727, 2807, 2892, 2991, 3116, 3191, 3282, 3371, 3473, 3563, 3647, 3739, 3839, 3946, 4058, 4168, 4297, 4389, 4479, 4541, 4607, 4671, 4748, 4833, 4915, 4992]@{}
http://www.comp.hkbu.edu.hk/~alumni/news/../scholarship/@[290, 356, 444, 503, 535]@{}
http://www.comp.hkbu.edu.hk/~alumni/news/../donation/@[290, 356, 444, 503, 535]@{}
http://www.comp.hkbu.edu.hk/v1/?page=job_vacancies?=tc?=tc@[2551, 2582, 2612, 2823, 2837, 2851, 2865, 2879, 3630, 3642, 3702, 3710, 4522, 4712, 4748, 4811, 6855, 6947]@{}
http://www.comp.hkbu.edu.hk/v1/?page=job_vacancies?=sc?=tc@[2551, 2582, 2612, 2823, 2837, 2851, 2865, 2879, 3630, 3642, 3702, 3710, 4522, 4651, 4722, 4758, 4821, 6884, 6976]@{}
http://www.comp.hkbu.edu.hk/v1/?page=sitemap?=tc?=tc@[2551, 2582, 2612, 2823, 2837, 2851, 2865, 2879, 3630, 3642, 3702, 3710, 4522, 4712, 4748, 4811, 6846, 6938]@{}
http://www.comp.hkbu.edu.hk/v1/?page=sitemap?=sc?=tc@[2551, 2582, 2612, 2823, 2837, 2851, 2865, 2879, 3630, 3642, 3702, 3710, 4522, 4651, 4726, 4762, 4825, 6873, 6965]@{}
http://www.comp.hkbu.edu.hk/v1/?page=home@[2551, 2582, 2612, 2823, 2837, 2851, 2865, 2879, 3626, 3638, 3698, 3706, 4518, 4704, 4740, 4803, 6838, 6930]@{}
http://www.comp.hkbu.edu.hk/~alumni/news/../news/../news/@[290, 356, 444, 503, 535, 825, 902, 1049, 1099, 1158, 1171, 1187, 1269, 1344, 1395, 1473, 1524, 1605, 1662, 1741, 1794, 1849, 1907, 1964, 2038, 2123, 2180, 2259, 2308, 2398, 2453, 2527, 2585, 2639, 2727, 2807, 2892, 2991, 3116, 3191, 3282, 3371, 3473, 3563, 3647, 3739, 3839, 3946, 4058, 4168, 4297, 4389, 4479, 4541, 4607, 4671, 4748, 4833, 4915, 4992]@{}
http://www.comp.hkbu.edu.hk/~alumni/news/../scholarship/../news/@[290, 356, 444, 503, 535, 825, 902, 1049, 1099, 1158, 1171, 1187, 1269, 1344, 1395, 1473, 1524, 1605, 1662, 1741, 1794, 1849, 1907, 1964, 2038, 2123, 2180, 2259, 2308, 2398, 2453, 2527, 2585, 2639, 2727, 2807, 2892, 2991, 3116, 3191, 3282, 3371, 3473, 3563, 3647, 3739, 3839, 3946, 4058, 4168, 4297, 4389, 4479, 4541, 4607, 4671, 4748, 4833, 4915, 4992]@{}
http://www.comp.hkbu.edu.hk/~alumni/news/../donation/../news/@[290, 356, 444, 503, 535, 825, 902, 1049, 1099, 1158, 1171, 1187, 1269, 1344, 1395, 1473, 1524, 1605, 1662, 1741, 1794, 1849, 1907, 1964, 2038, 2123, 2180, 2259, 2308, 2398, 2453, 2527, 2585, 2639, 2727, 2807, 2892, 2991, 3116, 3191, 3282, 3371, 3473, 3563, 3647, 3739, 3839, 3946, 4058, 4168, 4297, 4389, 4479, 4541, 4607, 4671, 4748, 4833, 4915, 4992]@{}
http://www.comp.hkbu.edu.hk/v1/?page=job_vacancies?=tc?=tc?=tc@[2551, 2582, 2612, 2823, 2837, 2851, 2865, 2879, 3632, 3644, 3704, 3712, 4525, 4654, 4726, 4762, 4825, 6881, 6973]@{}
http://www.comp.hkbu.edu.hk/v1/?page=job_vacancies?=sc?=tc?=tc@[2551, 2582, 2612, 2823, 2837, 2851, 2865, 2879, 3632, 3644, 3704, 3712, 4524, 4710, 4746, 4809, 6850, 6942]@{}
http://www.comp.hkbu.edu.hk/v1/?page=sitemap?=tc?=tc?=tc@[2551, 2582, 2612, 2823, 2837, 2851, 2865, 2879, 3632, 3644, 3704, 3712, 4525, 4716, 4752, 4815, 6878, 6970]@{}
http://www.comp.hkbu.edu.hk/v1/?page=sitemap?=sc?=tc?=tc@[2551, 2582, 2612, 2823, 2837, 2851, 2865, 2879, 3632, 3644, 3704, 3712, 4525, 4682, 4719, 4755, 4818, 6881, 6973]@{}
http://www.comp.hkbu.edu.hk/v1/?page=home?=tc@[2551, 2582, 2612, 2823, 2837, 2851, 2865, 2879, 3628, 3640, 3700, 3708, 4520, 4714, 4750, 4813, 6866, 6958]@{}
http://www.comp.hkbu.edu.hk/~alumni/news/../news/../news/../news/@[290, 356, 444, 503, 535, 825, 902, 1049, 1099, 1158, 1171, 1187, 1269, 1344, 1395, 1473, 1524, 1605, 1662, 1741, 1794, 1849, 1907, 1964, 2038, 2123, 2180, 2259, 2308, 2398, 2453, 2527, 2585, 2639, 2727, 2807, 2892, 2991, 3116, 3191, 3282, 3371, 3473, 3563, 3647, 3739, 3839, 3946, 4058, 4168, 4297, 4389, 4479, 4541, 4607, 4671, 4748, 4833, 4915, 4992]@{}
http://www.comp.hkbu.edu.hk/~alumni/news/../scholarship/../news/../news/@[290, 356, 444, 503, 535, 825, 902, 1049, 1099, 1158, 1171, 1187, 1269, 1344, 1395, 1473, 1524, 1605, 1662, 1741, 1794, 1849, 1907, 1964, 2038, 2123, 2180, 2259, 2308, 2398, 2453, 2527, 2585, 2639, 2727, 2807, 2892, 2991, 3116, 3191, 3282, 3371, 3473, 3563, 3647, 3739, 3839, 3946, 4058, 4168, 4297, 4389, 4479, 4541, 4607, 4671, 4748, 4833, 4915, 4992]@{}
http://www.comp.hkbu.edu.hk/~alumni/news/../donation/../news/../news/@[290, 356, 444, 503, 535, 825, 902, 1049, 1099, 1158, 1171, 1187, 1269, 1344, 1395, 1473, 1524, 1605, 1662, 1741, 1794, 1849, 1907, 1964, 2038, 2123, 2180, 2259, 2308, 2398, 2453, 2527, 2585, 2639, 2727, 2807, 2892, 2991, 3116, 3191, 3282, 3371, 3473, 3563, 3647, 3739, 3839, 3946, 4058, 4168, 4297, 4389, 4479, 4541, 4607, 4671, 4748, 4833, 4915, 4992]@{}
http://www.comp.hkbu.edu.hk/v1/?page=job_vacancies?=tc?=tc?=tc?=tc@[2551, 2582, 2612, 2823, 2837, 2851, 2865, 2879, 3634, 3646, 3706, 3714, 4527, 4656, 4727, 4763, 4826, 6861, 6953]@{}
http://www.comp.hkbu.edu.hk/v1/?page=job_vacancies?=sc?=tc?=tc?=tc@[2551, 2582, 2612, 2823, 2837, 2851, 2865, 2879, 3634, 3646, 3706, 3714, 4527, 4656, 4728, 4764, 4827, 6849, 6941]@{}
http://www.comp.hkbu.edu.hk/v1/?page=sitemap?=tc?=tc?=tc?=tc@[2551, 2582, 2612, 2823, 2837, 2851, 2865, 2879, 3634, 3646, 3706, 3714, 4526, 4716, 4752, 4815, 6867, 6959]@{}
http://www.comp.hkbu.edu.hk/v1/?page=sitemap?=sc?=tc?=tc?=tc@[2551, 2582, 2612, 2823, 2837, 2851, 2865, 2879, 3634, 3646, 3706, 3714, 4526, 4655, 4727, 4763, 4826, 6875, 6967]@{}
http://www.comp.hkbu.edu.hk/v1/?page=home?=tc?=tc@[2551, 2582, 2612, 2823, 2837, 2851, 2865, 2879, 3630, 3642, 3702, 3710, 4522, 4679, 4716, 4752, 4815, 6849, 6941]@{}
http://www.comp.hkbu.edu.hk/~alumni/news/../news/../news/../news/../news/@[290, 356, 444, 503, 535, 825, 902, 1049, 1099, 1158, 1171, 1187, 1269, 1344, 1395, 1473, 1524, 1605, 1662, 1741, 1794, 1849, 1907, 1964, 2038, 2123, 2180, 2259, 2308, 2398, 2453, 2527, 2585, 2639, 2727, 2807, 2892, 2991, 3116, 3191, 3282, 3371, 3473, 3563, 3647, 3739, 3839, 3946, 4058, 4168, 4297, 4389, 4479, 4541, 4607, 4671, 4748, 4833, 4915, 4992]@{}
http://www.comp.hkbu.edu.hk/~alumni/news/../scholarship/../news/../news/../news/@[290, 356, 444, 503, 535, 825, 902, 1049, 1099, 1158, 1171, 1187, 1269, 1344, 1395, 1473, 1524, 1605, 1662, 1741, 1794, 1849, 1907, 1964, 2038, 2123, 2180, 2259, 2308, 2398, 2453, 2527, 2585, 2639, 2727, 2807, 2892, 2991, 3116, 3191, 3282, 3371, 3473, 3563, 3647, 3739, 3839, 3946, 4058, 4168, 4297, 4389, 4479, 4541, 4607, 4671, 4748, 4833, 4915, 4992]@{}
http://www.comp.hkbu.edu.hk/~alumni/news/../donation/../news/../news/../news/@[290, 356, 444, 503, 535, 825, 902, 1049, 1099, 1158, 1171, 1187, 1269, 1344, 1395, 1473, 1524, 1605, 1662, 1741, 1794, 1849, 1907, 1964, 2038, 2123, 2180, 2259, 2308, 2398, 2453, 2527, 2585, 2639, 2727, 2807, 2892, 2991, 3116, 3191, 3282, 3371, 3473, 3563, 3647, 3739, 3839, 3946, 4058, 4168, 4297, 4389, 4479, 4541, 4607, 4671, 4748, 4833, 4915, 4992]@{}
http://www.comp.hkbu.edu.hk/v1/?page=job_vacancies?=tc?=tc?=tc?=tc?=tc@[2551, 2582, 2612, 2823, 2837, 2851, 2865, 2879, 3636, 3648, 3708, 3716, 4529, 4658, 4730, 4766, 4829, 6856, 6948]@{}
http://www.comp.hkbu.edu.hk/v1/?page=job_vacancies?=sc?=tc?=tc?=tc?=tc@[2551, 2582, 2612, 2823, 2837, 2851, 2865, 2879, 3636, 3648, 3708, 3716, 4528, 4715, 4751, 4814, 6858, 6950]@{}
http://www.comp.hkbu.edu.hk/v1/?page=sitemap?=tc?=tc?=tc?=tc?=tc@[2551, 2582, 2612, 2823, 2837, 2851, 2865, 2879, 3636, 3648, 3708, 3716, 4529, 4723, 4759, 4822, 6878, 6970]@{}
http://www.comp.hkbu.edu.hk/v1/?page=sitemap?=sc?=tc?=tc?=tc?=tc@[2551, 2582, 2612, 2823, 2837, 2851, 2865, 2879, 3636, 3648, 3708, 3716, 4528, 4657, 4729, 4765, 4828, 6863, 6955]@{}
http://www.comp.hkbu.edu.hk/v1/?page=home?=tc?=tc?=tc@[2551, 2582, 2612, 2823, 2837, 2851, 2865, 2879, 3632, 3644, 3704, 3712, 4524, 4677, 4714, 4750, 4813, 6863, 6955]@{}
http://www.comp.hkbu.edu.hk/~alumni/news/../news/../news/../news/../news/../news/@[290, 356, 444, 503, 535, 825, 902, 1049, 1099, 1158, 1171, 1187, 1269, 1344, 1395, 1473, 1524, 1605, 1662, 1741, 1794, 1849, 1907, 1964, 2038, 2123, 2180, 2259, 2308, 2398, 2453, 2527, 2585, 2639, 2727, 2807, 2892, 2991, 3116, 3191, 3282, 3371, 3473, 3563, 3647, 3739, 3839, 3946, 4058, 4168, 4297, 4389, 4479, 4541, 4607, 4671, 4748, 4833, 4915, 4992]@{}
http://www.comp.hkbu.edu.hk/~alumni/news/../scholarship/../news/../news/../news/../news/@[290, 356, 444, 503, 535, 825, 902, 1049, 1099, 1158, 1171, 1187, 1269, 1344, 1395, 1473, 1524, 1605, 1662, 1741, 1794, 1849, 1907, 1964, 2038, 2123, 2180, 2259, 2308, 2398, 2453, 2527, 2585, 2639, 2727, 2807, 2892, 2991, 3116, 3191, 3282, 3371, 3473, 3563, 3647, 3739, 3839, 3946, 4058, 4168, 4297, 4389, 4479, 4541, 4607, 4671, 4748, 4833, 4915, 4992]@{}
http://www.comp.hkbu.edu.hk/~alumni/news/../donation/../news/../news/../news/../news/@[290, 356, 444, 503, 535, 825, 902, 1049, 1099, 1158, 1171, 1187, 1269, 1344, 1395, 1473, 1524, 1605, 1662, 1741, 1794, 1849, 1907, 1964, 2038, 2123, 2180, 2259, 2308, 2398, 2453, 2527, 2585, 2639, 2727, 2807, 2892, 2991, 3116, 3191, 3282, 3371, 3473, 3563, 3647, 3739, 3839, 3946, 4058, 4168, 4297, 4389, 4479, 4541, 4607, 4671, 4748, 4833, 4915, 4992]@{}
http://www.comp.hkbu.edu.hk/v1/?page=job_vacancies@[2099, 2130, 2160, 2371, 2385, 2399, 2413, 2427, 3174, 3186, 3246, 3254, 4067, 4254, 4267, 4306, 4376, 4468]@{}
http://www.comp.hkbu.edu.hk/v1/?page=job_vacancies?=tc?=tc?=tc?=tc?=tc?=tc@[2551, 2582, 2612, 2823, 2837, 2851, 2865, 2879, 3638, 3650, 3710, 3718, 4531, 4718, 4754, 4817, 6853, 6945]@{}
http://www.comp.hkbu.edu.hk/v1/?page=job_vacancies?=sc?=tc?=tc?=tc?=tc?=tc@[2551, 2582, 2612, 2823, 2837, 2851, 2865, 2879, 3638, 3650, 3710, 3718, 4530, 4717, 4753, 4816, 6880, 6972]@{}
http://www.comp.hkbu.edu.hk/v1/?page=sitemap?=tc?=tc?=tc?=tc?=tc?=tc@[2551, 2582, 2612, 2823, 2837, 2851, 2865, 2879, 3638, 3650, 3710, 3718, 4530, 4721, 4757, 4820, 6870, 6962]@{}
http://www.comp.hkbu.edu.hk/v1/?page=sitemap?=sc?=tc?=tc?=tc?=tc?=tc@[2551, 2582, 2612, 2823, 2837, 2851, 2865, 2879, 3638, 3650, 3710, 3718, 4531, 4660, 4739, 4775, 4838, 6880, 6972]@{}
http://www.comp.hkbu.edu.hk/v1/?page=home?=tc?=tc?=tc?=tc@[2551, 2582, 2612, 2823, 2837, 2851, 2865, 2879, 3634, 3646, 3706, 3714, 4527, 4720, 4756, 4819, 6864, 6956]@{}
http://www.comp.hkbu.edu.hk/~alumni/news/../news/../news/../news/../news/../news/../news/@[290, 356, 444, 503, 535, 825, 902, 1049, 1099, 1158, 1171, 1187, 1269, 1344, 1395, 1473, 1524, 1605, 1662, 1741, 1794, 1849, 1907, 1964, 2038, 2123, 2180, 2259, 2308, 2398, 2453, 2527, 2585, 2639, 2727, 2807, 2892, 2991, 3116, 3191, 3282, 3371, 3473, 3563, 3647, 3739, 3839, 3946, 4058, 4168, 4297, 4389, 4479, 4541, 4607, 4671, 4748, 4833, 4915, 4992]@{}
http://www.comp.hkbu.edu.hk/~alumni/news/../scholarship/../news/../news/../news/../news/../news/@[290, 356, 444, 503, 535, 825, 902, 1049, 1099, 1158, 1171, 1187, 1269, 1344, 1395, 1473, 1524, 1605, 1662, 1741, 1794, 1849, 1907, 1964, 2038, 2123, 2180, 2259, 2308, 2398, 2453, 2527, 2585, 2639, 2727, 2807, 2892, 2991, 3116, 3191, 3282, 3371, 3473, 3563, 3647, 3739, 3839, 3946, 4058, 4168, 4297, 4389, 4479, 4541, 4607, 4671, 4748, 4833, 4915, 4992]@{}
http://www.comp.hkbu.edu.hk/~alumni/news/../donation/../news/../news/../news/../news/../news/@[290, 356, 444, 503, 535, 825, 902, 1049, 1099, 1158, 1171, 1187, 1269, 1344, 1395, 1473, 1524, 1605, 1662, 1741, 1794, 1849, 1907, 1964, 2038, 2123, 2180, 2259, 2308, 2398, 2453, 2527, 2585, 2639, 2727, 2807, 2892, 2991, 3116, 3191, 3282, 3371, 3473, 3563, 3647, 3739, 3839, 3946, 4058, 4168, 4297, 4389, 4479, 4541, 4607, 4671, 4748, 4833, 4915, 4992]@{}
http://www.comp.hkbu.edu.hk/v1/?page=job_vacancies?=tc?=tc?=tc?=tc?=tc?=tc?=tc@[2551, 2582, 2612, 2823, 2837, 2851, 2865, 2879, 3640, 3652, 3712, 3720, 4533, 4722, 4758, 4821, 6852, 6944]@{}
http://www.comp.hkbu.edu.hk/v1/?page=job_vacancies?=sc?=tc?=tc?=tc?=tc?=tc?=tc@[2551, 2582, 2612, 2823, 2837, 2851, 2865, 2879, 3640, 3652, 3712, 3720, 4533, 4719, 4755, 4818, 6872, 6964]@{}
http://www.comp.hkbu.edu.hk/v1/?page=sitemap?=tc?=tc?=tc?=tc?=tc?=tc?=tc@[2551, 2582, 2612, 2823, 2837, 2851, 2865, 2879, 3640, 3652, 3712, 3720, 4532, 4721, 4757, 4820, 6852, 6944]@{}
http://www.comp.hkbu.edu.hk/v1/?page=sitemap?=sc?=tc?=tc?=tc?=tc?=tc?=tc@[2551, 2582, 2612, 2823, 2837, 2851, 2865, 2879, 3640, 3652, 3712, 3720, 4532, 4723, 4759, 4822, 6873, 6965]@{}
http://www.comp.hkbu.edu.hk/v1/?page=home?=tc?=tc?=tc?=tc?=tc@[2551, 2582, 2612, 2823, 2837, 2851, 2865, 2879, 3636, 3648, 3708, 3716, 4529, 4723, 4759, 4822, 6877, 6969]@{}
http://www.comp.hkbu.edu.hk/~alumni/news/../news/../news/../news/../news/../news/../news/../news/@[290, 356, 444, 503, 535, 825, 902, 1049, 1099, 1158, 1171, 1187, 1269, 1344, 1395, 1473, 1524, 1605, 1662, 1741, 1794, 1849, 1907, 1964, 2038, 2123, 2180, 2259, 2308, 2398, 2453, 2527, 2585, 2639, 2727, 2807, 2892, 2991, 3116, 3191, 3282, 3371, 3473, 3563, 3647, 3739, 3839, 3946, 4058, 4168, 4297, 4389, 4479, 4541, 4607, 4671, 4748, 4833, 4915, 4992]@{}
http://www.comp.hkbu.edu.hk/~alumni/news/../scholarship/../news/../news/../news/../news/../news/../news/@[290, 356, 444, 503, 535, 825, 902, 1049, 1099, 1158, 1171, 1187, 1269, 1344, 1395, 1473, 1524, 1605, 1662, 1741, 1794, 1849, 1907, 1964, 2038, 2123, 2180, 2259, 2308, 2398, 2453, 2527, 2585, 2639, 2727, 2807, 2892, 2991, 3116, 3191, 3282, 3371, 3473, 3563, 3647, 3739, 3839, 3946, 4058, 4168, 4297, 4389, 4479, 4541, 4607, 4671, 4748, 4833, 4915, 4992]@{}
http://www.comp.hkbu.edu.hk/~alumni/news/../donation/../news/../news/../news/../news/../news/../news/@[290, 356, 444, 503, 535, 825, 902, 1049, 1099, 1158, 1171, 1187, 1269, 1344, 1395, 1473, 1524, 1605, 1662, 1741, 1794, 1849, 1907, 1964, 2038, 2123, 2180, 2259, 2308, 2398, 2453, 2527, 2585, 2639, 2727, 2807, 2892, 2991, 3116, 3191, 3282, 3371, 3473, 3563, 3647, 3739, 3839, 3946, 4058, 4168, 4297, 4389, 4479, 4541, 4607, 4671, 4748, 4833, 4915, 4992]@{}
http://www.comp.hkbu.edu.hk/v1/?page=job_vacancies?=tc?=tc?=tc?=tc?=tc?=tc?=tc?=tc@[2551, 2582, 2612, 2823, 2837, 2851, 2865, 2879, 3642, 3654, 3714, 3722, 4535, 4664, 4738, 4774, 4837, 6895, 6987]@{}
http://www.comp.hkbu.edu.hk/v1/?page=job_vacancies?=sc?=tc?=tc?=tc?=tc?=tc?=tc?=tc@[2551, 2582, 2612, 2823, 2837, 2851, 2865, 2879, 3642, 3654, 3714, 3722, 4535, 4722, 4758, 4821, 6874, 6966]@{}
http://www.comp.hkbu.edu.hk/v1/?page=sitemap?=tc?=tc?=tc?=tc?=tc?=tc?=tc?=tc@[2551, 2582, 2612, 2823, 2837, 2851, 2865, 2879, 3642, 3654, 3714, 3722, 4535, 4688, 4725, 4761, 4824, 6865, 6957]@{}
http://www.comp.hkbu.edu.hk/v1/?page=sitemap?=sc?=tc?=tc?=tc?=tc?=tc?=tc?=tc@[2551, 2582, 2612, 2823, 2837, 2851, 2865, 2879, 3642, 3654, 3714, 3722, 4535, 4664, 4739, 4775, 4838, 6873, 6965]@{}
http://www.comp.hkbu.edu.hk/v1/?page=sitemap@[2097, 2128, 2158, 2369, 2383, 2397, 2411, 2425, 3172, 3184, 3244, 3252, 4064, 4407, 4490, 4566, 4591, 4610, 4680, 4764, 4832, 4846, 4861, 4877, 5141, 5173, 5278, 5290, 5303, 5381, 5391, 5491, 5520, 5533, 5736, 5828]@{}
http://www.comp.hkbu.edu.hk/v1/?page=home?=tc?=tc?=tc?=tc?=tc?=tc@[2551, 2582, 2612, 2823, 2837, 2851, 2865, 2879, 3638, 3650, 3710, 3718, 4530, 4724, 4760, 4823, 6873, 6965]@{}
http://www.comp.hkbu.edu.hk/~alumni/news/../news/../news/../news/../news/../news/../news/../news/../news/@[290, 356, 444, 503, 535, 825, 902, 1049, 1099, 1158, 1171, 1187, 1269, 1344, 1395, 1473, 1524, 1605, 1662, 1741, 1794, 1849, 1907, 1964, 2038, 2123, 2180, 2259, 2308, 2398, 2453, 2527, 2585, 2639, 2727, 2807, 2892, 2991, 3116, 3191, 3282, 3371, 3473, 3563, 3647, 3739, 3839, 3946, 4058, 4168, 4297, 4389, 4479, 4541, 4607, 4671, 4748, 4833, 4915, 4992]@{}
http://www.comp.hkbu.edu.hk/~alumni/news/../scholarship/../news/../news/../news/../news/../news/../news/../news/@[290, 356, 444, 503, 535, 825, 902, 1049, 1099, 1158, 1171, 1187, 1269, 1344, 1395, 1473, 1524, 1605, 1662, 1741, 1794, 1849, 1907, 1964, 2038, 2123, 2180, 2259, 2308, 2398, 2453, 2527, 2585, 2639, 2727, 2807, 2892, 2991, 3116, 3191, 3282, 3371, 3473, 3563, 3647, 3739, 3839, 3946, 4058, 4168, 4297, 4389, 4479, 4541, 4607, 4671, 4748, 4833, 4915, 4992]@{}
http://www.comp.hkbu.edu.hk/~alumni/news/../donation/../news/../news/../news/../news/../news/../news/../news/@[290, 356, 444, 503, 535, 825, 902, 1049, 1099, 1158, 1171, 1187, 1269, 1344, 1395, 1473, 1524, 1605, 1662, 1741, 1794, 1849, 1907, 1964, 2038, 2123, 2180, 2259, 2308, 2398, 2453, 2527, 2585, 2639, 2727, 2807, 2892, 2991, 3116, 3191, 3282, 3371, 3473, 3563, 3647, 3739, 3839, 3946, 4058, 4168, 4297, 4389, 4479, 4541, 4607, 4671, 4748, 4833, 4915, 4992]@{}
http://www.comp.hkbu.edu.hk/v1/?page=job_vacancies?=tc?=tc?=tc?=tc?=tc?=tc?=tc?=tc?=tc@[2551, 2582, 2612, 2823, 2837, 2851, 2865, 2879, 3644, 3656, 3716, 3724, 4537, 4666, 4738, 4774, 4837, 6869, 6961]@{}
http://www.comp.hkbu.edu.hk/v1/?page=job_vacancies?=sc?=tc?=tc?=tc?=tc?=tc?=tc?=tc?=tc@[2551, 2582, 2612, 2823, 2837, 2851, 2865, 2879, 3644, 3656, 3716, 3724, 4537, 4666, 4737, 4773, 4836, 6881, 6973]@{}
http://www.comp.hkbu.edu.hk/v1/?page=sitemap?=tc?=tc?=tc?=tc?=tc?=tc?=tc?=tc?=tc@[2551, 2582, 2612, 2823, 2837, 2851, 2865, 2879, 3644, 3656, 3716, 3724, 4536, 4722, 4758, 4821, 6849, 6941]@{}
http://www.comp.hkbu.edu.hk/v1/?page=sitemap?=sc?=tc?=tc?=tc?=tc?=tc?=tc?=tc?=tc@[2551, 2582, 2612, 2823, 2837, 2851, 2865, 2879, 3644, 3656, 3716, 3724, 4536, 4665, 4740, 4776, 4839, 6875, 6967]@{}
http://www.comp.hkbu.edu.hk/v1/?lang=tc@[2551, 2582, 2612, 2823, 2837, 2851, 2865, 2879, 3622, 3634, 3694, 3702, 4514, 4643, 4722, 4758, 4821, 6877, 6969]@{}
http://www.comp.hkbu.edu.hk/~alumni/news/@[290, 356, 444, 503, 535, 825, 902, 1049, 1099, 1158, 1171, 1187, 1269, 1344, 1395, 1473, 1524, 1605, 1662, 1741, 1794, 1849, 1907, 1964, 2038, 2123, 2180, 2259, 2308, 2398, 2453, 2527, 2585, 2639, 2727, 2807, 2892, 2991, 3116, 3191, 3282, 3371, 3473, 3563, 3647, 3739, 3839, 3946, 4058, 4168, 4297, 4389, 4479, 4541, 4607, 4671, 4748, 4833, 4915, 4992]@{}
http://www.sci.hkbu.edu.hk/eng/page/?page=prospective-students@[835, 1388, 1401, 1414, 1432, 1446, 2597, 2734, 2935, 3005, 3193, 3265, 3567, 3582, 3597, 3611, 3785]@{}
http://www.sci.hkbu.edu.hk/eng/page/?page=current-students@[835, 1388, 1401, 1414, 1432, 1446, 2659, 2962, 3223, 3238, 3253, 3267, 3441]@{}
http://www.sci.hkbu.edu.hk/eng/page/@[835, 1388, 1401, 1414, 1432, 1446, 3326, 3341, 3356, 3370, 3544]@{}
http://www.sci.hkbu.edu.hk/eng/about-us/honorary-doctorate@[835, 1388, 1401, 1414, 1432, 1446, 2696, 2760, 2840, 2919, 3000, 3079, 3159, 3238, 3317, 3857, 3872, 3887, 3901, 4075]@{}
http://www.sci.hkbu.edu.hk/eng/about-us/distinguished-professorship/eng/page/?page=prospective-students@[835, 1388, 1401, 1414, 1432, 1446, 5745, 8022, 8037, 8052, 8066, 8240]@{}
http://www.sci.hkbu.edu.hk/eng/about-us/honorary-doctorate/eng/page/?page=prospective-students@[835, 1388, 1401, 1414, 1432, 1446, 5745, 8022, 8037, 8052, 8066, 8240]@{}
http://www.sci.hkbu.edu.hk/eng/about-us/distinguished-professor-of-science@[835, 1388, 1401, 1414, 1432, 1446, 3673, 3688, 3703, 3717, 3891]@{}
http://www.sci.hkbu.edu.hk/eng/about-us/dr-kennedy-wong-distinguished-visiting-professorship-scheme@[835, 1388, 1401, 1414, 1432, 1446, 3342, 3357, 3372, 3386, 3560]@{}
http://www.sci.hkbu.edu.hk/eng/about-us/distinguished-professor-of-science/eng/page/?page=prospective-students@[835, 1388, 1401, 1414, 1432, 1446, 5745, 8022, 8037, 8052, 8066, 8240]@{}
http://www.sci.hkbu.edu.hk/eng/about-us/dr-kennedy-wong-distinguished-visiting-professorship-scheme/eng/page/?page=prospective-students@[835, 1388, 1401, 1414, 1432, 1446, 5745, 8022, 8037, 8052, 8066, 8240]@{}
http://www.sci.hkbu.edu.hk/eng/page/eng/about-us/vision-mission@[835, 1388, 1401, 1414, 1432, 1446, 5745, 8022, 8037, 8052, 8066, 8240]@{}
http://www.sci.hkbu.edu.hk/eng/page/eng/about-us/faculty-advisory-committee@[835, 1388, 1401, 1414, 1432, 1446, 5745, 8022, 8037, 8052, 8066, 8240]@{}
http://www.sci.hkbu.edu.hk/eng@[835, 1388, 1401, 1414, 1432, 1446, 5745, 8022, 8037, 8052, 8066, 8240]@{}
http://www.sci.hkbu.edu.hk/eng/about-us/vision-mission@[835, 1388, 1401, 1414, 1432, 1446, 3246, 3261, 3276, 3290, 3464]@{}
http://www.sci.hkbu.edu.hk/eng/about-us/faculty-advisory-committee@[835, 1388, 1401, 1414, 1432, 1446, 4000, 4015, 4030, 4044, 4218]@{}
http://www.sci.hkbu.edu.hk/eng/about-us/vision-mission/eng/page/?page=prospective-students@[835, 1388, 1401, 1414, 1432, 1446, 5745, 8022, 8037, 8052, 8066, 8240]@{}
http://www.sci.hkbu.edu.hk/eng/about-us/faculty-advisory-committee/eng/page/?page=prospective-students@[835, 1388, 1401, 1414, 1432, 1446, 5745, 8022, 8037, 8052, 8066, 8240]@{}
http://www.sci.hkbu.edu.hk/eng/about-us/distinguished-professorship@[835, 1388, 1401, 1414, 1432, 1446, 2891, 2906, 2921, 2935, 3109]@{}
