http://www.comp.hkbu.edu.hk@[2411, 2423, 2435, 3429, 3492, 3567, 3649, 3715, 3786, 3892, 3938, 3981, 4022, 4063, 4101, 4192, 4270, 4304, 4349, 4391, 4434, 4478, 4523, 4582, 4595, 4929, 4969, 5033, 5118, 5687, 6139, 6184, 6266, 6343, 6433, 6463, 6511, 6570, 6645, 6686, 6756, 6892, 6909, 6921, 6933, 6944]@{}
http://www.comp.hkbu.edu.hk/v1/?page=sci@[826, 846, 2578, 2608, 2637, 2666, 2695, 5252, 5286, 5320, 5354, 5388]@{}
http://www.comp.hkbu.edu.hk/v1/?page=job_vacancies?=tc@[2411, 2423, 2435, 3435, 3498, 3573, 3655, 3721, 3792, 3898, 3944, 3987, 4028, 4069, 4107, 4198, 4276, 4310, 4355, 4397, 4440, 4484, 4529, 4588, 4601, 4925, 4965, 5029, 5114, 5683, 6135, 6180, 6250, 6327, 6412, 6442, 6490, 6549, 6624, 6665, 6742, 6868, 6885, 6897, 6909, 6920]@{}
http://www.comp.hkbu.edu.hk/v1/?page=job_vacancies?=sc@[2411, 2423, 2435, 3435, 3498, 3573, 3655, 3721, 3792, 3898, 3944, 3987, 4028, 4069, 4107, 4198, 4276, 4310, 4355, 4397, 4440, 4484, 4529, 4588, 4601, 4925, 4965, 5029, 5114, 5683, 6135, 6180, 6257, 6331, 6423, 6453, 6501, 6560, 6635, 6676, 6751, 6877, 6894, 6906, 6918, 6929]@{}
http://www.comp.hkbu.edu.hk/v1/?page=sitemap?=tc@[2411, 2423, 2435, 3435, 3498, 3573, 3655, 3721, 3792, 3898, 3944, 3987, 4028, 4069, 4107, 4197, 4275, 4309, 4354, 4396, 4439, 4483, 4528, 4587, 4600, 4921, 4961, 5025, 5110, 5679, 6131, 6176, 6252, 6330, 6415, 6445, 6493, 6552, 6627, 6668, 6746, 6880, 6897, 6909, 6921, 6932]@{}
http://www.comp.hkbu.edu.hk/v1/?page=sitemap?=sc@[2411, 2423, 2435, 3435, 3498, 3573, 3655, 3721, 3792, 3898, 3944, 3987, 4028, 4069, 4107, 4197, 4275, 4309, 4354, 4396, 4439, 4483, 4528, 4587, 4600, 4920, 4960, 5024, 5109, 5678, 6130, 6175, 6256, 6332, 6422, 6452, 6500, 6559, 6634, 6675, 6757, 6895, 6912, 6924, 6936, 6947]@{}
http://www.comp.hkbu.edu.hk/v1/?lang=sc@[2411, 2423, 2435, 3429, 3492, 3567, 3649, 3715, 3786, 3892, 3938, 3981, 4022, 4063, 4101, 4192, 4270, 4304, 4349, 4391, 4434, 4478, 4523, 4582, 4595, 4916, 4956, 5020, 5105, 5674, 6126, 6171, 6246, 6328, 6414, 6444, 6492, 6551, 6626, 6666, 6727, 6861, 6878, 6890, 6902, 6913]@{}
http://www.comp.hkbu.edu.hk/~alumni/news/../news/@[76, 104, 119, 127, 130, 194, 211, 237, 263, 299, 327, 365, 391, 419, 453, 479, 512, 544, 566, 5044]@{}
http://www.comp.hkbu.edu.hk/~alumni/news/../scholarship/@[76, 104, 119, 127, 130, 194, 211, 237, 263, 299, 327, 365, 391, 419, 453, 479, 512, 544, 566, 876]@{}
http://www.comp.hkbu.edu.hk/~alumni/news/../donation/@[76, 104, 119, 127, 130, 194, 211, 237, 263, 299, 327, 365, 391, 419, 453, 479, 512, 544, 566, 1366]@{}
http://www.comp.hkbu.edu.hk/v1/?page=job_vacancies?=tc?=tc@[2411, 2423, 2435, 3437, 3500, 3575, 3657, 3723, 3794, 3900, 3946, 3989, 4030, 4071, 4109, 4199, 4277, 4311, 4356, 4398, 4441, 4485, 4530, 4589, 4602, 4922, 4962, 5026, 5111, 5680, 6132, 6177, 6258, 6333, 6421, 6451, 6499, 6558, 6633, 6674, 6739, 6882, 6899, 6911, 6923, 6934]@{}
http://www.comp.hkbu.edu.hk/v1/?page=job_vacancies?=sc?=tc@[2411, 2423, 2435, 3437, 3500, 3575, 3657, 3723, 3794, 3900, 3946, 3989, 4030, 4071, 4109, 4199, 4277, 4311, 4356, 4398, 4441, 4485, 4530, 4589, 4602, 4932, 4972, 5036, 5121, 5690, 6142, 6187, 6264, 6345, 6440, 6470, 6518, 6577, 6652, 6693, 6770, 6911, 6928, 6940, 6952, 6963]@{}
http://www.comp.hkbu.edu.hk/v1/?page=sitemap?=tc?=tc@[2411, 2423, 2435, 3437, 3500, 3575, 3657, 3723, 3794, 3900, 3946, 3989, 4030, 4071, 4109, 4199, 4277, 4311, 4356, 4398, 4441, 4485, 4530, 4589, 4602, 4922, 4962, 5026, 5111, 5680, 6132, 6177, 6257, 6329, 6417, 6447, 6495, 6554, 6629, 6669, 6730, 6873, 6890, 6902, 6914, 6925]@{}
http://www.comp.hkbu.edu.hk/v1/?page=sitemap?=sc?=tc@[2411, 2423, 2435, 3437, 3500, 3575, 3657, 3723, 3794, 3900, 3946, 3989, 4030, 4071, 4109, 4199, 4277, 4311, 4356, 4398, 4441, 4485, 4530, 4589, 4602, 4936, 4976, 5040, 5125, 5694, 6146, 6191, 6273, 6343, 6434, 6464, 6512, 6571, 6646, 6687, 6762, 6900, 6917, 6929, 6941, 6952]@{}
http://www.comp.hkbu.edu.hk/v1/?page=home@[2411, 2423, 2435, 3433, 3496, 3571, 3653, 3719, 3790, 3896, 3942, 3985, 4026, 4067, 4105, 4195, 4273, 4307, 4352, 4394, 4437, 4481, 4526, 4585, 4598, 4914, 4954, 5018, 5103, 5672, 6124, 6169, 6244, 6324, 6410, 6440, 6488, 6547, 6622, 6663, 6735, 6865, 6882, 6894, 6906, 6917]@{}
http://www.comp.hkbu.edu.hk/~alumni/news/../news/../news/@[76, 104, 119, 127, 130, 194, 211, 237, 263, 299, 327, 365, 391, 419, 453, 479, 512, 544, 566, 5044]@{}
http://www.comp.hkbu.edu.hk/~alumni/news/../scholarship/../news/@[76, 104, 119, 127, 130, 194, 211, 237, 263, 299, 327, 365, 391, 419, 453, 479, 512, 544, 566, 5044]@{}
http://www.comp.hkbu.edu.hk/~alumni/news/../donation/../news/@[76, 104, 119, 127, 130, 194, 211, 237, 263, 299, 327, 365, 391, 419, 453, 479, 512, 544, 566, 5044]@{}
http://www.comp.hkbu.edu.hk/v1/?page=job_vacancies?=tc?=tc?=tc@[2411, 2423, 2435, 3439, 3502, 3577, 3659, 3725, 3796, 3902, 3948, 3991, 4032, 4073, 4111, 4202, 4280, 4314, 4359, 4401, 4444, 4488, 4533, 4592, 4605, 4936, 4976, 5040, 5125, 5694, 6146, 6191, 6268, 6347, 6437, 6467, 6515, 6574, 6649, 6690, 6766, 6908, 6925, 6937, 6949, 6960]@{}
http://www.comp.hkbu.edu.hk/v1/?page=job_vacancies?=sc?=tc?=tc@[2411, 2423, 2435, 3439, 3502, 3577, 3659, 3725, 3796, 3902, 3948, 3991, 4032, 4073, 4111, 4201, 4279, 4313, 4358, 4400, 4443, 4487, 4532, 4591, 4604, 4920, 4960, 5024, 5109, 5678, 6130, 6175, 6256, 6329, 6422, 6452, 6500, 6559, 6634, 6674, 6735, 6877, 6894, 6906, 6918, 6929]@{}
http://www.comp.hkbu.edu.hk/v1/?page=sitemap?=tc?=tc?=tc@[2411, 2423, 2435, 3439, 3502, 3577, 3659, 3725, 3796, 3902, 3948, 3991, 4032, 4073, 4111, 4202, 4280, 4314, 4359, 4401, 4444, 4488, 4533, 4592, 4605, 4926, 4966, 5030, 5115, 5684, 6136, 6181, 6262, 6344, 6429, 6459, 6507, 6566, 6641, 6682, 6758, 6905, 6922, 6934, 6946, 6957]@{}
http://www.comp.hkbu.edu.hk/v1/?page=sitemap?=sc?=tc?=tc@[2411, 2423, 2435, 3439, 3502, 3577, 3659, 3725, 3796, 3902, 3948, 3991, 4032, 4073, 4111, 4202, 4280, 4314, 4359, 4401, 4444, 4488, 4533, 4592, 4605, 4929, 4969, 5033, 5118, 5687, 6139, 6184, 6266, 6342, 6430, 6460, 6508, 6567, 6642, 6683, 6765, 6908, 6925, 6937, 6949, 6960]@{}
http://www.comp.hkbu.edu.hk/v1/?page=home?=tc@[2411, 2423, 2435, 3435, 3498, 3573, 3655, 3721, 3792, 3898, 3944, 3987, 4028, 4069, 4107, 4197, 4275, 4309, 4354, 4396, 4439, 4483, 4528, 4587, 4600, 4924, 4964, 5028, 5113, 5682, 6134, 6179, 6255, 6337, 6426, 6456, 6504, 6563, 6638, 6679, 6756, 6893, 6910, 6922, 6934, 6945]@{}
http://www.comp.hkbu.edu.hk/~alumni/news/../news/../news/../news/@[76, 104, 119, 127, 130, 194, 211, 237, 263, 299, 327, 365, 391, 419, 453, 479, 512, 544, 566, 5044]@{}
http://www.comp.hkbu.edu.hk/~alumni/news/../scholarship/../news/../news/@[76, 104, 119, 127, 130, 194, 211, 237, 263, 299, 327, 365, 391, 419, 453, 479, 512, 544, 566, 5044]@{}
http://www.comp.hkbu.edu.hk/~alumni/news/../donation/../news/../news/@[76, 104, 119, 127, 130, 194, 211, 237, 263, 299, 327, 365, 391, 419, 453, 479, 512, 544, 566, 5044]@{}
http://www.comp.hkbu.edu.hk/v1/?page=job_vacancies?=tc?=tc?=tc?=tc@[2411, 2423, 2435, 3441, 3504, 3579, 3661, 3727, 3798, 3904, 3950, 3993, 4034, 4075, 4113, 4204, 4282, 4316, 4361, 4403, 4446, 4490, 4535, 4594, 4607, 4937, 4977, 5041, 5126, 5695, 6147, 6192, 6271, 6348, 6434, 6464, 6512, 6571, 6646, 6687, 6753, 6888, 6905, 6917, 6929, 6940]@{}
http://www.comp.hkbu.edu.hk/v1/?page=job_vacancies?=sc?=tc?=tc?=tc@[2411, 2423, 2435, 3441, 3504, 3579, 3661, 3727, 3798, 3904, 3950, 3993, 4034, 4075, 4113, 4204, 4282, 4316, 4361, 4403, 4446, 4490, 4535, 4594, 4607, 4938, 4978, 5042, 5127, 5696, 6148, 6193, 6268, 6338, 6427, 6457, 6505, 6564, 6639, 6680, 6750, 6876, 6893, 6905, 6917, 6928]@{}
http://www.comp.hkbu.edu.hk/v1/?page=sitemap?=tc?=tc?=tc?=tc@[2411, 2423, 2435, 3441, 3504, 3579, 3661, 3727, 3798, 3904, 3950, 3993, 4034, 4075, 4113, 4203, 4281, 4315, 4360, 4402, 4445, 4489, 4534, 4593, 4606, 4926, 4966, 5030, 5115, 5684, 6136, 6181, 6260, 6336, 6428, 6458, 6506, 6565, 6640, 6681, 6751, 6894, 6911, 6923, 6935, 6946]@{}
http://www.comp.hkbu.edu.hk/v1/?page=sitemap?=sc?=tc?=tc?=tc@[2411, 2423, 2435, 3441, 3504, 3579, 3661, 3727, 3798, 3904, 3950, 3993, 4034, 4075, 4113, 4203, 4281, 4315, 4360, 4402, 4445, 4489, 4534, 4593, 4606, 4937, 4977, 5041, 5126, 5695, 6147, 6192, 6271, 6352, 6439, 6469, 6517, 6576, 6651, 6692, 6765, 6902, 6919, 6931, 6943, 6954]@{}
http://www.comp.hkbu.edu.hk/v1/?page=home?=tc?=tc@[2411, 2423, 2435, 3437, 3500, 3575, 3657, 3723, 3794, 3900, 3946, 3989, 4030, 4071, 4109, 4199, 4277, 4311, 4356, 4398, 4441, 4485, 4530, 4589, 4602, 4926, 4966, 5030, 5115, 5684, 6136, 6181, 6263, 6344, 6432, 6462, 6510, 6569, 6644, 6684, 6745, 6876, 6893, 6905, 6917, 6928]@{}
http://www.comp.hkbu.edu.hk/~alumni/news/../news/../news/../news/../news/@[76, 104, 119, 127, 130, 194, 211, 237, 263, 299, 327, 365, 391, 419, 453, 479, 512, 544, 566, 5044]@{}
http://www.comp.hkbu.edu.hk/v1/?page=alumni@[82, 94, 106, 124, 151]@{}
http://www.comp.hkbu.edu.hk/~alumni/news/../scholarship/../news/../news/../news/@[76, 104, 119, 127, 130, 194, 211, 237, 263, 299, 327, 365, 391, 419, 453, 479, 512, 544, 566, 5044]@{}
http://www.comp.hkbu.edu.hk/~alumni/news/../donation/../news/../news/../news/@[76, 104, 119, 127, 130, 194, 211, 237, 263, 299, 327, 365, 391, 419, 453, 479, 512, 544, 566, 5044]@{}
http://www.comp.hkbu.edu.hk/v1/?page=job_vacancies?=tc?=tc?=tc?=tc?=tc@[2411, 2423, 2435, 3443, 3506, 3581, 3663, 3729, 3800, 3906, 3952, 3995, 4036, 4077, 4115, 4206, 4284, 4318, 4363, 4405, 4448, 4492, 4537, 4596, 4609, 4940, 4980, 5044, 5129, 5698, 6150, 6195, 6272, 6348, 6436, 6466, 6514, 6573, 6648, 6689, 6757, 6883, 6900, 6912, 6924, 6935]@{}
http://www.comp.hkbu.edu.hk/v1/?page=job_vacancies?=sc?=tc?=tc?=tc?=tc@[2411, 2423, 2435, 3443, 3506, 3581, 3663, 3729, 3800, 3906, 3952, 3995, 4036, 4077, 4115, 4205, 4283, 4317, 4362, 4404, 4447, 4491, 4536, 4595, 4608, 4925, 4965, 5029, 5114, 5683, 6135, 6180, 6259, 6340, 6432, 6462, 6510, 6569, 6644, 6685, 6751, 6885, 6902, 6914, 6926, 6937]@{}
http://www.comp.hkbu.edu.hk/v1/?page=sitemap?=tc?=tc?=tc?=tc?=tc@[2411, 2423, 2435, 3443, 3506, 3581, 3663, 3729, 3800, 3906, 3952, 3995, 4036, 4077, 4115, 4206, 4284, 4318, 4363, 4405, 4448, 4492, 4537, 4596, 4609, 4933, 4973, 5037, 5122, 5691, 6143, 6188, 6261, 6342, 6432, 6462, 6510, 6569, 6644, 6685, 6765, 6905, 6922, 6934, 6946, 6957]@{}
http://www.comp.hkbu.edu.hk/v1/?page=sitemap?=sc?=tc?=tc?=tc?=tc@[2411, 2423, 2435, 3443, 3506, 3581, 3663, 3729, 3800, 3906, 3952, 3995, 4036, 4077, 4115, 4205, 4283, 4317, 4362, 4404, 4447, 4491, 4536, 4595, 4608, 4939, 4979, 5043, 5128, 5697, 6149, 6194, 6275, 6349, 6440, 6470, 6518, 6577, 6652, 6692, 6753, 6890, 6907, 6919, 6931, 6942]@{}
http://www.comp.hkbu.edu.hk/v1/?page=home?=tc?=tc?=tc@[2411, 2423, 2435, 3439, 3502, 3577, 3659, 3725, 3796, 3902, 3948, 3991, 4032, 4073, 4111, 4201, 4279, 4313, 4358, 4400, 4443, 4487, 4532, 4591, 4604, 4924, 4964, 5028, 5113, 5682, 6134, 6179, 6260, 6336, 6430, 6460, 6508, 6567, 6642, 6682, 6743, 6890, 6907, 6919, 6931, 6942]@{}
http://www.comp.hkbu.edu.hk/~alumni/news/../news/../news/../news/../news/../news/@[76, 104, 119, 127, 130, 194, 211, 237, 263, 299, 327, 365, 391, 419, 453, 479, 512, 544, 566, 5044]@{}
http://www.comp.hkbu.edu.hk/~alumni/news/../scholarship/../news/../news/../news/../news/@[76, 104, 119, 127, 130, 194, 211, 237, 263, 299, 327, 365, 391, 419, 453, 479, 512, 544, 566, 5044]@{}
http://www.comp.hkbu.edu.hk/~alumni/news/../donation/../news/../news/../news/../news/@[76, 104, 119, 127, 130, 194, 211, 237, 263, 299, 327, 365, 391, 419, 453, 479, 512, 544, 566, 5044]@{}
http://www.comp.hkbu.edu.hk/v1/?page=job_vacancies@[1959, 1971, 1983, 2981, 3044, 3119, 3201, 3267, 3338, 3444, 3490, 3533, 3574, 3615, 3653, 3744, 3822, 3856, 3901, 3943, 3986, 4030, 4075, 4403, 4420, 4432, 4444, 4455]@{}
http://www.comp.hkbu.edu.hk/v1/?page=job_vacancies?=tc?=tc?=tc?=tc?=tc?=tc@[2411, 2423, 2435, 3445, 3508, 3583, 3665, 3731, 3802, 3908, 3954, 3997, 4038, 4079, 4117, 4208, 4286, 4320, 4365, 4407, 4450, 4494, 4539, 4598, 4611, 4928, 4968, 5032, 5117, 5686, 6138, 6183, 6264, 6341, 6430, 6460, 6508, 6567, 6642, 6682, 6743, 6880, 6897, 6909, 6921, 6932]@{}
http://www.comp.hkbu.edu.hk/v1/?page=job_vacancies?=sc?=tc?=tc?=tc?=tc?=tc@[2411, 2423, 2435, 3445, 3508, 3583, 3665, 3731, 3802, 3908, 3954, 3997, 4038, 4079, 4117, 4207, 4285, 4319, 4364, 4406, 4449, 4493, 4538, 4597, 4610, 4927, 4967, 5031, 5116, 5685, 6137, 6182, 6262, 6343, 6438, 6468, 6516, 6575, 6650, 6691, 6760, 6907, 6924, 6936, 6948, 6959]@{}
http://www.comp.hkbu.edu.hk/v1/?page=sitemap?=tc?=tc?=tc?=tc?=tc?=tc@[2411, 2423, 2435, 3445, 3508, 3583, 3665, 3731, 3802, 3908, 3954, 3997, 4038, 4079, 4117, 4207, 4285, 4319, 4364, 4406, 4449, 4493, 4538, 4597, 4610, 4931, 4971, 5035, 5120, 5689, 6141, 6186, 6265, 6337, 6427, 6457, 6505, 6564, 6639, 6680, 6752, 6897, 6914, 6926, 6938, 6949]@{}
http://www.comp.hkbu.edu.hk/v1/?page=sitemap?=sc?=tc?=tc?=tc?=tc?=tc@[2411, 2423, 2435, 3445, 3508, 3583, 3665, 3731, 3802, 3908, 3954, 3997, 4038, 4079, 4117, 4208, 4286, 4320, 4365, 4407, 4450, 4494, 4539, 4598, 4611, 4949, 4989, 5053, 5138, 5707, 6159, 6204, 6286, 6356, 6446, 6476, 6524, 6583, 6658, 6699, 6765, 6907, 6924, 6936, 6948, 6959]@{}
http://www.comp.hkbu.edu.hk/v1/?page=home?=tc?=tc?=tc?=tc@[2411, 2423, 2435, 3441, 3504, 3579, 3661, 3727, 3798, 3904, 3950, 3993, 4034, 4075, 4113, 4204, 4282, 4316, 4361, 4403, 4446, 4490, 4535, 4594, 4607, 4930, 4970, 5034, 5119, 5688, 6140, 6185, 6264, 6339, 6428, 6458, 6506, 6565, 6640, 6681, 6754, 6891, 6908, 6920, 6932, 6943]@{}
http://www.comp.hkbu.edu.hk/~alumni/news/../news/../news/../news/../news/../news/../news/@[76, 104, 119, 127, 130, 194, 211, 237, 263, 299, 327, 365, 391, 419, 453, 479, 512, 544, 566, 5044]@{}
http://www.comp.hkbu.edu.hk/~alumni/news/../scholarship/../news/../news/../news/../news/../news/@[76, 104, 119, 127, 130, 194, 211, 237, 263, 299, 327, 365, 391, 419, 453, 479, 512, 544, 566, 5044]@{}
http://www.comp.hkbu.edu.hk/~alumni/news/../donation/../news/../news/../news/../news/../news/@[76, 104, 119, 127, 130, 194, 211, 237, 263, 299, 327, 365, 391, 419, 453, 479, 512, 544, 566, 5044]@{}
http://www.comp.hkbu.edu.hk/v1/?page=job_vacancies?=tc?=tc?=tc?=tc?=tc?=tc?=tc@[2411, 2423, 2435, 3447, 3510, 3585, 3667, 3733, 3804, 3910, 3956, 3999, 4040, 4081, 4119, 4210, 4288, 4322, 4367, 4409, 4452, 4496, 4541, 4600, 4613, 4932, 4972, 5036, 5121, 5690, 6142, 6187, 6268, 6343, 6426, 6456, 6504, 6563, 6638, 6678, 6739, 6879, 6896, 6908, 6920, 6931]@{}
http://www.comp.hkbu.edu.hk/v1/?page=job_vacancies?=sc?=tc?=tc?=tc?=tc?=tc?=tc@[2411, 2423, 2435, 3447, 3510, 3585, 3667, 3733, 3804, 3910, 3956, 3999, 4040, 4081, 4119, 4210, 4288, 4322, 4367, 4409, 4452, 4496, 4541, 4600, 4613, 4929, 4969, 5033, 5118, 5687, 6139, 6184, 6263, 6336, 6426, 6456, 6504, 6563, 6638, 6679, 6761, 6899, 6916, 6928, 6940, 6951]@{}
http://www.comp.hkbu.edu.hk/v1/?page=sitemap?=tc?=tc?=tc?=tc?=tc?=tc?=tc@[2411, 2423, 2435, 3447, 3510, 3585, 3667, 3733, 3804, 3910, 3956, 3999, 4040, 4081, 4119, 4209, 4287, 4321, 4366, 4408, 4451, 4495, 4540, 4599, 4612, 4931, 4971, 5035, 5120, 5689, 6141, 6186, 6261, 6334, 6423, 6453, 6501, 6560, 6635, 6675, 6736, 6879, 6896, 6908, 6920, 6931]@{}
http://www.comp.hkbu.edu.hk/v1/?page=sitemap?=sc?=tc?=tc?=tc?=tc?=tc?=tc@[2411, 2423, 2435, 3447, 3510, 3585, 3667, 3733, 3804, 3910, 3956, 3999, 4040, 4081, 4119, 4209, 4287, 4321, 4366, 4408, 4451, 4495, 4540, 4599, 4612, 4933, 4973, 5037, 5122, 5691, 6143, 6188, 6262, 6343, 6438, 6468, 6516, 6575, 6650, 6691, 6766, 6900, 6917, 6929, 6941, 6952]@{}
http://www.comp.hkbu.edu.hk/v1/?page=home?=tc?=tc?=tc?=tc?=tc@[2411, 2423, 2435, 3443, 3506, 3581, 3663, 3729, 3800, 3906, 3952, 3995, 4036, 4077, 4115, 4206, 4284, 4318, 4363, 4405, 4448, 4492, 4537, 4596, 4609, 4933, 4973, 5037, 5122, 5691, 6143, 6188, 6267, 6343, 6432, 6462, 6510, 6569, 6644, 6685, 6767, 6904, 6921, 6933, 6945, 6956]@{}
http://www.comp.hkbu.edu.hk/~alumni/news/../news/../news/../news/../news/../news/../news/../news/@[76, 104, 119, 127, 130, 194, 211, 237, 263, 299, 327, 365, 391, 419, 453, 479, 512, 544, 566, 5044]@{}
http://www.comp.hkbu.edu.hk/~alumni/news/../scholarship/../news/../news/../news/../news/../news/../news/@[76, 104, 119, 127, 130, 194, 211, 237, 263, 299, 327, 365, 391, 419, 453, 479, 512, 544, 566, 5044]@{}
http://www.comp.hkbu.edu.hk/~alumni/news/../donation/../news/../news/../news/../news/../news/../news/@[76, 104, 119, 127, 130, 194, 211, 237, 263, 299, 327, 365, 391, 419, 453, 479, 512, 544, 566, 5044]@{}
http://www.comp.hkbu.edu.hk/v1/?page=job_vacancies?=tc?=tc?=tc?=tc?=tc?=tc?=tc?=tc@[2411, 2423, 2435, 3449, 3512, 3587, 3669, 3735, 3806, 3912, 3958, 4001, 4042, 4083, 4121, 4212, 4290, 4324, 4369, 4411, 4454, 4498, 4543, 4602, 4615, 4948, 4988, 5052, 5137, 5706, 6158, 6203, 6282, 6363, 6446, 6476, 6524, 6583, 6658, 6699, 6779, 6922, 6939, 6951, 6963, 6974]@{}
http://www.comp.hkbu.edu.hk/v1/?page=job_vacancies?=sc?=tc?=tc?=tc?=tc?=tc?=tc?=tc@[2411, 2423, 2435, 3449, 3512, 3587, 3669, 3735, 3806, 3912, 3958, 4001, 4042, 4083, 4121, 4212, 4290, 4324, 4369, 4411, 4454, 4498, 4543, 4602, 4615, 4932, 4972, 5036, 5121, 5690, 6142, 6187, 6268, 6350, 6442, 6472, 6520, 6579, 6654, 6695, 6761, 6901, 6918, 6930, 6942, 6953]@{}
http://www.comp.hkbu.edu.hk/v1/?page=sitemap?=tc?=tc?=tc?=tc?=tc?=tc?=tc?=tc@[2411, 2423, 2435, 3449, 3512, 3587, 3669, 3735, 3806, 3912, 3958, 4001, 4042, 4083, 4121, 4212, 4290, 4324, 4369, 4411, 4454, 4498, 4543, 4602, 4615, 4935, 4975, 5039, 5124, 5693, 6145, 6190, 6263, 6336, 6427, 6457, 6505, 6564, 6639, 6680, 6758, 6892, 6909, 6921, 6933, 6944]@{}
http://www.comp.hkbu.edu.hk/v1/?page=sitemap?=sc?=tc?=tc?=tc?=tc?=tc?=tc?=tc@[2411, 2423, 2435, 3449, 3512, 3587, 3669, 3735, 3806, 3912, 3958, 4001, 4042, 4083, 4121, 4212, 4290, 4324, 4369, 4411, 4454, 4498, 4543, 4602, 4615, 4949, 4989, 5053, 5138, 5707, 6159, 6204, 6286, 6359, 6453, 6483, 6531, 6590, 6665, 6705, 6766, 6900, 6917, 6929, 6941, 6952]@{}
http://www.comp.hkbu.edu.hk/v1/?page=sitemap@[1957, 1969, 1981, 2979, 3042, 3117, 3199, 3265, 3336, 3442, 3488, 3531, 3572, 3613, 3651, 3741, 3819, 3853, 3898, 3940, 3983, 4027, 4072, 5763, 5780, 5792, 5804, 5815]@{}
http://www.comp.hkbu.edu.hk/v1/?page=home?=tc?=tc?=tc?=tc?=tc?=tc@[2411, 2423, 2435, 3445, 3508, 3583, 3665, 3731, 3802, 3908, 3954, 3997, 4038, 4079, 4117, 4207, 4285, 4319, 4364, 4406, 4449, 4493, 4538, 4597, 4610, 4934, 4974, 5038, 5123, 5692, 6144, 6189, 6271, 6346, 6439, 6469, 6517, 6576, 6651, 6692, 6767, 6900, 6917, 6929, 6941, 6952]@{}
http://www.comp.hkbu.edu.hk/~alumni/news/../news/../news/../news/../news/../news/../news/../news/../news/@[76, 104, 119, 127, 130, 194, 211, 237, 263, 299, 327, 365, 391, 419, 453, 479, 512, 544, 566, 5044]@{}
http://www.comp.hkbu.edu.hk/~alumni/news/../scholarship/../news/../news/../news/../news/../news/../news/../news/@[76, 104, 119, 127, 130, 194, 211, 237, 263, 299, 327, 365, 391, 419, 453, 479, 512, 544, 566, 5044]@{}
http://www.comp.hkbu.edu.hk/~alumni/news/../donation/../news/../news/../news/../news/../news/../news/../news/@[76, 104, 119, 127, 130, 194, 211, 237, 263, 299, 327, 365, 391, 419, 453, 479, 512, 544, 566, 5044]@{}
http://www.comp.hkbu.edu.hk/v1/?page=job_vacancies?=tc?=tc?=tc?=tc?=tc?=tc?=tc?=tc?=tc@[2411, 2423, 2435, 3451, 3514, 3589, 3671, 3737, 3808, 3914, 3960, 4003, 4044, 4085, 4123, 4214, 4292, 4326, 4371, 4413, 4456, 4500, 4545, 4604, 4617, 4948, 4988, 5052, 5137, 5706, 6158, 6203, 6279, 6356, 6445, 6475, 6523, 6582, 6657, 6698, 6770, 6896, 6913, 6925, 6937, 6948]@{}
http://www.comp.hkbu.edu.hk/v1/?page=job_vacancies?=sc?=tc?=tc?=tc?=tc?=tc?=tc?=tc?=tc@[2411, 2423, 2435, 3451, 3514, 3589, 3671, 3737, 3808, 3914, 3960, 4003, 4044, 4085, 4123, 4214, 4292, 4326, 4371, 4413, 4456, 4500, 4545, 4604, 4617, 4947, 4987, 5051, 5136, 5705, 6157, 6202, 6278, 6359, 6449, 6479, 6527, 6586, 6661, 6702, 6777, 6908, 6925, 6937, 6949, 6960]@{}
http://www.comp.hkbu.edu.hk/v1/?page=sitemap?=tc?=tc?=tc?=tc?=tc?=tc?=tc?=tc?=tc@[2411, 2423, 2435, 3451, 3514, 3589, 3671, 3737, 3808, 3914, 3960, 4003, 4044, 4085, 4123, 4213, 4291, 4325, 4370, 4412, 4455, 4499, 4544, 4603, 4616, 4932, 4972, 5036, 5121, 5690, 6142, 6187, 6268, 6344, 6427, 6457, 6505, 6564, 6639, 6679, 6740, 6876, 6893, 6905, 6917, 6928]@{}
http://www.comp.hkbu.edu.hk/v1/?page=sitemap?=sc?=tc?=tc?=tc?=tc?=tc?=tc?=tc?=tc@[2411, 2423, 2435, 3451, 3514, 3589, 3671, 3737, 3808, 3914, 3960, 4003, 4044, 4085, 4123, 4213, 4291, 4325, 4370, 4412, 4455, 4499, 4544, 4603, 4616, 4950, 4990, 5054, 5139, 5708, 6160, 6205, 6282, 6359, 6451, 6481, 6529, 6588, 6663, 6704, 6776, 6902, 6919, 6931, 6943, 6954]@{}
http://www.comp.hkbu.edu.hk/v1/?lang=tc@[2411, 2423, 2435, 3429, 3492, 3567, 3649, 3715, 3786, 3892, 3938, 3981, 4022, 4063, 4101, 4191, 4269, 4303, 4348, 4390, 4433, 4477, 4522, 4581, 4594, 4932, 4972, 5036, 5121, 5690, 6142, 6187, 6268, 6344, 6439, 6469, 6517, 6576, 6651, 6692, 6761, 6904, 6921, 6933, 6945, 6956]@{}
http://www.comp.hkbu.edu.hk/~alumni/news/@[76, 104, 119, 127, 130, 194, 211, 237, 263, 299, 327, 365, 391, 419, 453, 479, 512, 544, 566, 5044]@{}
http://www.sci.hkbu.edu.hk/eng/page/?page=prospective-students@[826, 846]@{}
http://www.sci.hkbu.edu.hk/eng/page/?page=current-students@[826, 846]@{}
http://www.sci.hkbu.edu.hk/eng/page/@[826, 846]@{}
http://www.sci.hkbu.edu.hk/eng/about-us/honorary-doctorate@[826, 846, 2677, 2741, 2821, 2900, 2981, 3060, 3140, 3219, 3298]@{}
http://www.sci.hkbu.edu.hk/eng/about-us/distinguished-professorship/eng/page/?page=prospective-students@[826, 846, 2578, 2608, 2637, 2666, 2695, 5252, 5286, 5320, 5354, 5388]@{}
http://www.sci.hkbu.edu.hk/eng/about-us/honorary-doctorate/eng/page/?page=prospective-students@[826, 846, 2578, 2608, 2637, 2666, 2695, 5252, 5286, 5320, 5354, 5388]@{}
http://www.sci.hkbu.edu.hk/eng/about-us/distinguished-professor-of-science@[826, 846, 2755, 2841, 2941, 3019, 3110, 3190, 3288, 3364]@{}
http://www.sci.hkbu.edu.hk/eng/about-us/dr-kennedy-wong-distinguished-visiting-professorship-scheme@[826, 846, 2689, 2801, 2910, 3013]@{}
http://www.sci.hkbu.edu.hk/eng/about-us/distinguished-professor-of-science/eng/page/?page=prospective-students@[826, 846, 2578, 2608, 2637, 2666, 2695, 5252, 5286, 5320, 5354, 5388]@{}
http://www.sci.hkbu.edu.hk/eng/about-us/dr-kennedy-wong-distinguished-visiting-professorship-scheme/eng/page/?page=prospective-students@[826, 846, 2578, 2608, 2637, 2666, 2695, 5252, 5286, 5320, 5354, 5388]@{}
http://www.sci.hkbu.edu.hk/eng/page/eng/about-us/vision-mission@[826, 846, 2578, 2608, 2637, 2666, 2695, 5252, 5286, 5320, 5354, 5388]@{}
http://www.sci.hkbu.edu.hk/eng/page/eng/about-us/faculty-advisory-committee@[826, 846, 2578, 2608, 2637, 2666, 2695, 5252, 5286, 5320, 5354, 5388]@{}
http://www.sci.hkbu.edu.hk/eng@[826, 846, 2578, 2608, 2637, 2666, 2695, 5252, 5286, 5320, 5354, 5388]@{}
http://www.sci.hkbu.edu.hk/eng/about-us/vision-mission@[826, 846, 2641]@{}
http://www.sci.hkbu.edu.hk/eng/about-us/faculty-advisory-committee@[826, 846]@{}
http://www.sci.hkbu.edu.hk/eng/about-us/vision-mission/eng/page/?page=prospective-students@[826, 846, 2578, 2608, 2637, 2666, 2695, 5252, 5286, 5320, 5354, 5388]@{}
http://www.sci.hkbu.edu.hk/eng/about-us/faculty-advisory-committee/eng/page/?page=prospective-students@[826, 846, 2578, 2608, 2637, 2666, 2695, 5252, 5286, 5320, 5354, 5388]@{}
http://www.sci.hkbu.edu.hk/eng/about-us/distinguished-professorship@[826, 846]@{}
