https://www.comp.hkbu.edu.hk/v1/?page=video_introduction@[112, 124]@[112, 124]
https://www.comp.hkbu.edu.hk/v1/?page=funded_projects@[440, 1074, 2028, 2076, 2687, 2961, 3248, 3440]@[440, 1074, 2028, 2076, 2687, 2961, 3248, 3440]
https://www.hkbu.edu.hk@[2]@[]
https://www.hkbu.edu.hk/eng/about/privacy.jsp@[2]@[]
https://www.comp.hkbu.edu.hk/v1/?pid=174@[122]@[122]
https://www.comp.hkbu.edu.hk/v1/?pid=175@[128]@[128]
https://www.comp.hkbu.edu.hk/v1/?page=events@[428, 956, 1220, 1275, 1529, 1814, 2211, 2525, 2729, 2791, 4400, 4563, 4910, 5031, 5143, 7115, 7474, 7683, 8100]@[428, 956, 1220, 1275, 1529, 1814, 2211, 2525, 2729, 2791, 4400, 4563, 4910, 5031, 5143, 7115, 7474, 7683, 8100]
https://www.comp.hkbu.edu.hk/v1/?pid=14@[112, 124]@[112, 124]
https://www.comp.hkbu.edu.hk/v1/?page=highlights@[556, 777, 812, 1026, 1120, 1141, 1150, 1332, 1845, 1886]@[556, 777, 812, 1026, 1120, 1141, 1150, 1332, 1845, 1886]
https://www.comp.hkbu.edu.hk/v1/?page=dlecture@[469, 503, 1118, 1121, 1128, 1175, 1192, 1227, 1463, 1476, 1688, 2086, 2089, 2182, 2245, 2408, 2646, 2659, 2705, 2817, 2962, 3058, 3291, 3323, 3338, 3709, 3733, 3838, 3863, 3897, 4361, 4365]@[469, 503, 1118, 1121, 1128, 1175, 1192, 1227, 1463, 1476, 1688, 2086, 2089, 2182, 2245, 2408, 2646, 2659, 2705, 2817, 2962, 3058, 3291, 3323, 3338, 3709, 3733, 3838, 3863, 3897, 4361, 4365]
https://www.hkstp.org/en/about-us/event-and-activities/hong-kong-science-park-career-expo-2020-18-april-2020@[374, 414]@[374, 414]
https://policies.google.com/terms@[647, 758, 1853, 1876, 1878, 2966, 3002, 3686, 3726, 3738, 3769, 3827, 3895, 3946, 4029]@[647, 758, 1853, 1876, 1878, 2966, 3002, 3686, 3726, 3738, 3769, 3827, 3895, 3946, 4029]
https://policies.google.com/privacy@[332, 628, 806, 824, 1526, 1605, 1769, 1779, 1983, 2062, 2127, 2847, 2968, 4333, 4336, 4400, 4422, 4699, 4712, 4752, 4820, 4837, 5648, 6107, 6478, 6612, 6646, 7046, 7320, 7330, 7457]@[332, 628, 806, 824, 1526, 1605, 1769, 1779, 1983, 2062, 2127, 2847, 2968, 4333, 4336, 4400, 4422, 4699, 4712, 4752, 4820, 4837, 5648, 6107, 6478, 6612, 6646, 7046, 7320, 7330, 7457]
https://www.hkstp.org/en@[370, 410]@[370, 410]
https://www.hkstp.org@[370, 410]@[370, 410]
https://www.hkstp.org/en/about-us/who-we-are@[376, 416, 459, 905, 1075]@[376, 416, 459, 905, 1075]
https://www.hkstp.org/about-us/who-we-are@[376, 416, 459, 905, 1075]@[376, 416, 459, 905, 1075]
https://news.google.com/?tab=wn@[561, 794, 1867, 1925, 1936]@[561, 794, 1867, 1925, 1936]
https://www.hkstp.org/en/about-us/our-milestones@[375, 415]@[375, 415]
https://www.hkstp.org/en/about-us/our-footprint@[375, 415, 993]@[375, 415, 993]
https://www.hkstp.org/about-us/our-milestones@[375, 415]@[375, 415]
https://news.google.com/?tab=nn@[1170, 1235, 2003, 2061, 2072]@[1170, 1235, 2003, 2061, 2072]
https://itunes.apple.com/app/google-search/id284815942?mt=8@[534, 839, 1099]@[534, 839, 1099]
