http://www.comp.hkbu.edu.hk@[5605, 6869, 6878]@{}
http://www.comp.hkbu.edu.hk/v1/?page=sci@[803, 804, 3007, 3008, 3009, 3797, 4075, 4076, 4077]@{}
http://www.comp.hkbu.edu.hk/v1/?page=job_vacancies?=tc@[5601, 6845, 6854]@{}
http://www.comp.hkbu.edu.hk/v1/?page=job_vacancies?=sc@[5601, 6854, 6863]@{}
http://www.comp.hkbu.edu.hk/v1/?page=sitemap?=tc@[5597, 6857, 6866]@{}
http://www.comp.hkbu.edu.hk/v1/?page=sitemap?=sc@[5596, 6872, 6881]@{}
http://www.comp.hkbu.edu.hk/v1/?lang=sc@[5592, 6838, 6847]@{}
http://www.comp.hkbu.edu.hk/~alumni/news/../news/@[759, 760, 831, 908, 1055, 1105, 1193, 1275, 1350, 1401, 1479, 1530, 1611, 1668, 1747, 1800, 1855, 1913, 1970, 2044, 2129, 2186, 2265, 2314, 2404, 2459, 2533, 2591, 2645, 2733, 2813, 2898, 2997, 3122, 3197, 3288, 3377, 3430, 3431, 3439, 3479, 3569, 3653, 3745, 3845, 3952, 4022, 4023, 4064, 4174, 4303, 4395, 4485, 4547, 4613, 4677, 4754, 4839, 4921, 5031]@{}
http://www.comp.hkbu.edu.hk/~alumni/news/../scholarship/@[607, 608, 772]@{}
http://www.comp.hkbu.edu.hk/~alumni/news/../donation/@[631, 632, 689, 690, 721, 722, 754, 755, 787, 788, 832, 833, 877, 878, 922, 923, 972, 973, 1193, 1194, 1353]@{}
http://www.comp.hkbu.edu.hk/v1/?page=job_vacancies?=tc?=tc@[5598, 6859, 6868]@{}
http://www.comp.hkbu.edu.hk/v1/?page=job_vacancies?=sc?=tc@[5608, 6888, 6897]@{}
http://www.comp.hkbu.edu.hk/v1/?page=sitemap?=tc?=tc@[5598, 6850, 6859]@{}
http://www.comp.hkbu.edu.hk/v1/?page=sitemap?=sc?=tc@[5612, 6877, 6886]@{}
http://www.comp.hkbu.edu.hk/v1/?page=home@[5590, 6842, 6851]@{}
http://www.comp.hkbu.edu.hk/~alumni/news/../news/../news/@[759, 760, 831, 908, 1055, 1105, 1193, 1275, 1350, 1401, 1479, 1530, 1611, 1668, 1747, 1800, 1855, 1913, 1970, 2044, 2129, 2186, 2265, 2314, 2404, 2459, 2533, 2591, 2645, 2733, 2813, 2898, 2997, 3122, 3197, 3288, 3377, 3430, 3431, 3439, 3479, 3569, 3653, 3745, 3845, 3952, 4022, 4023, 4064, 4174, 4303, 4395, 4485, 4547, 4613, 4677, 4754, 4839, 4921, 5031]@{}
http://www.comp.hkbu.edu.hk/~alumni/news/../scholarship/../news/@[759, 760, 831, 908, 1055, 1105, 1193, 1275, 1350, 1401, 1479, 1530, 1611, 1668, 1747, 1800, 1855, 1913, 1970, 2044, 2129, 2186, 2265, 2314, 2404, 2459, 2533, 2591, 2645, 2733, 2813, 2898, 2997, 3122, 3197, 3288, 3377, 3430, 3431, 3439, 3479, 3569, 3653, 3745, 3845, 3952, 4022, 4023, 4064, 4174, 4303, 4395, 4485, 4547, 4613, 4677, 4754, 4839, 4921, 5031]@{}
http://www.comp.hkbu.edu.hk/~alumni/news/../donation/../news/@[759, 760, 831, 908, 1055, 1105, 1193, 1275, 1350, 1401, 1479, 1530, 1611, 1668, 1747, 1800, 1855, 1913, 1970, 2044, 2129, 2186, 2265, 2314, 2404, 2459, 2533, 2591, 2645, 2733, 2813, 2898, 2997, 3122, 3197, 3288, 3377, 3430, 3431, 3439, 3479, 3569, 3653, 3745, 3845, 3952, 4022, 4023, 4064, 4174, 4303, 4395, 4485, 4547, 4613, 4677, 4754, 4839, 4921, 5031]@{}
http://www.comp.hkbu.edu.hk/v1/?page=job_vacancies?=tc?=tc?=tc@[5612, 6885, 6894]@{}
http://www.comp.hkbu.edu.hk/v1/?page=job_vacancies?=sc?=tc?=tc@[5596, 6854, 6863]@{}
http://www.comp.hkbu.edu.hk/v1/?page=sitemap?=tc?=tc?=tc@[5602, 6882, 6891]@{}
http://www.comp.hkbu.edu.hk/v1/?page=sitemap?=sc?=tc?=tc@[5605, 6885, 6894]@{}
http://www.comp.hkbu.edu.hk/v1/?page=home?=tc@[5600, 6870, 6879]@{}
http://www.comp.hkbu.edu.hk/~alumni/news/../news/../news/../news/@[759, 760, 831, 908, 1055, 1105, 1193, 1275, 1350, 1401, 1479, 1530, 1611, 1668, 1747, 1800, 1855, 1913, 1970, 2044, 2129, 2186, 2265, 2314, 2404, 2459, 2533, 2591, 2645, 2733, 2813, 2898, 2997, 3122, 3197, 3288, 3377, 3430, 3431, 3439, 3479, 3569, 3653, 3745, 3845, 3952, 4022, 4023, 4064, 4174, 4303, 4395, 4485, 4547, 4613, 4677, 4754, 4839, 4921, 5031]@{}
http://www.comp.hkbu.edu.hk/~alumni/news/../scholarship/../news/../news/@[759, 760, 831, 908, 1055, 1105, 1193, 1275, 1350, 1401, 1479, 1530, 1611, 1668, 1747, 1800, 1855, 1913, 1970, 2044, 2129, 2186, 2265, 2314, 2404, 2459, 2533, 2591, 2645, 2733, 2813, 2898, 2997, 3122, 3197, 3288, 3377, 3430, 3431, 3439, 3479, 3569, 3653, 3745, 3845, 3952, 4022, 4023, 4064, 4174, 4303, 4395, 4485, 4547, 4613, 4677, 4754, 4839, 4921, 5031]@{}
http://www.comp.hkbu.edu.hk/~alumni/news/../donation/../news/../news/@[759, 760, 831, 908, 1055, 1105, 1193, 1275, 1350, 1401, 1479, 1530, 1611, 1668, 1747, 1800, 1855, 1913, 1970, 2044, 2129, 2186, 2265, 2314, 2404, 2459, 2533, 2591, 2645, 2733, 2813, 2898, 2997, 3122, 3197, 3288, 3377, 3430, 3431, 3439, 3479, 3569, 3653, 3745, 3845, 3952, 4022, 4023, 4064, 4174, 4303, 4395, 4485, 4547, 4613, 4677, 4754, 4839, 4921, 5031]@{}
http://www.comp.hkbu.edu.hk/v1/?page=job_vacancies?=tc?=tc?=tc?=tc@[5613, 6865, 6874]@{}
http://www.comp.hkbu.edu.hk/v1/?page=job_vacancies?=sc?=tc?=tc?=tc@[5614, 6853, 6862]@{}
http://www.comp.hkbu.edu.hk/v1/?page=sitemap?=tc?=tc?=tc?=tc@[5602, 6871, 6880]@{}
http://www.comp.hkbu.edu.hk/v1/?page=sitemap?=sc?=tc?=tc?=tc@[5613, 6879, 6888]@{}
http://www.comp.hkbu.edu.hk/v1/?page=home?=tc?=tc@[5602, 6853, 6862]@{}
http://www.comp.hkbu.edu.hk/~alumni/news/../news/../news/../news/../news/@[759, 760, 831, 908, 1055, 1105, 1193, 1275, 1350, 1401, 1479, 1530, 1611, 1668, 1747, 1800, 1855, 1913, 1970, 2044, 2129, 2186, 2265, 2314, 2404, 2459, 2533, 2591, 2645, 2733, 2813, 2898, 2997, 3122, 3197, 3288, 3377, 3430, 3431, 3439, 3479, 3569, 3653, 3745, 3845, 3952, 4022, 4023, 4064, 4174, 4303, 4395, 4485, 4547, 4613, 4677, 4754, 4839, 4921, 5031]@{}
http://www.comp.hkbu.edu.hk/~alumni/news/../scholarship/../news/../news/../news/@[759, 760, 831, 908, 1055, 1105, 1193, 1275, 1350, 1401, 1479, 1530, 1611, 1668, 1747, 1800, 1855, 1913, 1970, 2044, 2129, 2186, 2265, 2314, 2404, 2459, 2533, 2591, 2645, 2733, 2813, 2898, 2997, 3122, 3197, 3288, 3377, 3430, 3431, 3439, 3479, 3569, 3653, 3745, 3845, 3952, 4022, 4023, 4064, 4174, 4303, 4395, 4485, 4547, 4613, 4677, 4754, 4839, 4921, 5031]@{}
http://www.comp.hkbu.edu.hk/~alumni/news/../donation/../news/../news/../news/@[759, 760, 831, 908, 1055, 1105, 1193, 1275, 1350, 1401, 1479, 1530, 1611, 1668, 1747, 1800, 1855, 1913, 1970, 2044, 2129, 2186, 2265, 2314, 2404, 2459, 2533, 2591, 2645, 2733, 2813, 2898, 2997, 3122, 3197, 3288, 3377, 3430, 3431, 3439, 3479, 3569, 3653, 3745, 3845, 3952, 4022, 4023, 4064, 4174, 4303, 4395, 4485, 4547, 4613, 4677, 4754, 4839, 4921, 5031]@{}
http://www.comp.hkbu.edu.hk/v1/?page=job_vacancies?=tc?=tc?=tc?=tc?=tc@[5616, 6860, 6869]@{}
http://www.comp.hkbu.edu.hk/v1/?page=job_vacancies?=sc?=tc?=tc?=tc?=tc@[5601, 6862, 6871]@{}
http://www.comp.hkbu.edu.hk/v1/?page=sitemap?=tc?=tc?=tc?=tc?=tc@[5609, 6882, 6891]@{}
http://www.comp.hkbu.edu.hk/v1/?page=sitemap?=sc?=tc?=tc?=tc?=tc@[5615, 6867, 6876]@{}
http://www.comp.hkbu.edu.hk/v1/?page=home?=tc?=tc?=tc@[5600, 6867, 6876]@{}
http://www.comp.hkbu.edu.hk/~alumni/news/../news/../news/../news/../news/../news/@[759, 760, 831, 908, 1055, 1105, 1193, 1275, 1350, 1401, 1479, 1530, 1611, 1668, 1747, 1800, 1855, 1913, 1970, 2044, 2129, 2186, 2265, 2314, 2404, 2459, 2533, 2591, 2645, 2733, 2813, 2898, 2997, 3122, 3197, 3288, 3377, 3430, 3431, 3439, 3479, 3569, 3653, 3745, 3845, 3952, 4022, 4023, 4064, 4174, 4303, 4395, 4485, 4547, 4613, 4677, 4754, 4839, 4921, 5031]@{}
http://www.comp.hkbu.edu.hk/~alumni/news/../scholarship/../news/../news/../news/../news/@[759, 760, 831, 908, 1055, 1105, 1193, 1275, 1350, 1401, 1479, 1530, 1611, 1668, 1747, 1800, 1855, 1913, 1970, 2044, 2129, 2186, 2265, 2314, 2404, 2459, 2533, 2591, 2645, 2733, 2813, 2898, 2997, 3122, 3197, 3288, 3377, 3430, 3431, 3439, 3479, 3569, 3653, 3745, 3845, 3952, 4022, 4023, 4064, 4174, 4303, 4395, 4485, 4547, 4613, 4677, 4754, 4839, 4921, 5031]@{}
http://www.comp.hkbu.edu.hk/~alumni/news/../donation/../news/../news/../news/../news/@[759, 760, 831, 908, 1055, 1105, 1193, 1275, 1350, 1401, 1479, 1530, 1611, 1668, 1747, 1800, 1855, 1913, 1970, 2044, 2129, 2186, 2265, 2314, 2404, 2459, 2533, 2591, 2645, 2733, 2813, 2898, 2997, 3122, 3197, 3288, 3377, 3430, 3431, 3439, 3479, 3569, 3653, 3745, 3845, 3952, 4022, 4023, 4064, 4174, 4303, 4395, 4485, 4547, 4613, 4677, 4754, 4839, 4921, 5031]@{}
http://www.comp.hkbu.edu.hk/v1/?page=job_vacancies@[4133, 4155, 4169, 4170, 4181, 4195, 4196, 4199, 4212, 4213, 4214, 4227, 4228, 4229, 4244, 4245, 4277, 4278, 4279, 4310, 4311, 4380, 4389]@{}
http://www.comp.hkbu.edu.hk/v1/?page=job_vacancies?=tc?=tc?=tc?=tc?=tc?=tc@[5604, 6857, 6866]@{}
http://www.comp.hkbu.edu.hk/v1/?page=job_vacancies?=sc?=tc?=tc?=tc?=tc?=tc@[5603, 6884, 6893]@{}
http://www.comp.hkbu.edu.hk/v1/?page=sitemap?=tc?=tc?=tc?=tc?=tc?=tc@[5607, 6874, 6883]@{}
http://www.comp.hkbu.edu.hk/v1/?page=sitemap?=sc?=tc?=tc?=tc?=tc?=tc@[5625, 6884, 6893]@{}
http://www.comp.hkbu.edu.hk/v1/?page=home?=tc?=tc?=tc?=tc@[5606, 6868, 6877]@{}
http://www.comp.hkbu.edu.hk/~alumni/news/../news/../news/../news/../news/../news/../news/@[759, 760, 831, 908, 1055, 1105, 1193, 1275, 1350, 1401, 1479, 1530, 1611, 1668, 1747, 1800, 1855, 1913, 1970, 2044, 2129, 2186, 2265, 2314, 2404, 2459, 2533, 2591, 2645, 2733, 2813, 2898, 2997, 3122, 3197, 3288, 3377, 3430, 3431, 3439, 3479, 3569, 3653, 3745, 3845, 3952, 4022, 4023, 4064, 4174, 4303, 4395, 4485, 4547, 4613, 4677, 4754, 4839, 4921, 5031]@{}
http://www.comp.hkbu.edu.hk/~alumni/news/../scholarship/../news/../news/../news/../news/../news/@[759, 760, 831, 908, 1055, 1105, 1193, 1275, 1350, 1401, 1479, 1530, 1611, 1668, 1747, 1800, 1855, 1913, 1970, 2044, 2129, 2186, 2265, 2314, 2404, 2459, 2533, 2591, 2645, 2733, 2813, 2898, 2997, 3122, 3197, 3288, 3377, 3430, 3431, 3439, 3479, 3569, 3653, 3745, 3845, 3952, 4022, 4023, 4064, 4174, 4303, 4395, 4485, 4547, 4613, 4677, 4754, 4839, 4921, 5031]@{}
http://www.comp.hkbu.edu.hk/~alumni/news/../donation/../news/../news/../news/../news/../news/@[759, 760, 831, 908, 1055, 1105, 1193, 1275, 1350, 1401, 1479, 1530, 1611, 1668, 1747, 1800, 1855, 1913, 1970, 2044, 2129, 2186, 2265, 2314, 2404, 2459, 2533, 2591, 2645, 2733, 2813, 2898, 2997, 3122, 3197, 3288, 3377, 3430, 3431, 3439, 3479, 3569, 3653, 3745, 3845, 3952, 4022, 4023, 4064, 4174, 4303, 4395, 4485, 4547, 4613, 4677, 4754, 4839, 4921, 5031]@{}
http://www.comp.hkbu.edu.hk/v1/?page=job_vacancies?=tc?=tc?=tc?=tc?=tc?=tc?=tc@[5608, 6856, 6865]@{}
http://www.comp.hkbu.edu.hk/v1/?page=job_vacancies?=sc?=tc?=tc?=tc?=tc?=tc?=tc@[5605, 6876, 6885]@{}
http://www.comp.hkbu.edu.hk/v1/?page=sitemap?=tc?=tc?=tc?=tc?=tc?=tc?=tc@[5607, 6856, 6865]@{}
http://www.comp.hkbu.edu.hk/v1/?page=sitemap?=sc?=tc?=tc?=tc?=tc?=tc?=tc@[5609, 6877, 6886]@{}
http://www.comp.hkbu.edu.hk/v1/?page=home?=tc?=tc?=tc?=tc?=tc@[5609, 6881, 6890]@{}
http://www.comp.hkbu.edu.hk/~alumni/news/../news/../news/../news/../news/../news/../news/../news/@[759, 760, 831, 908, 1055, 1105, 1193, 1275, 1350, 1401, 1479, 1530, 1611, 1668, 1747, 1800, 1855, 1913, 1970, 2044, 2129, 2186, 2265, 2314, 2404, 2459, 2533, 2591, 2645, 2733, 2813, 2898, 2997, 3122, 3197, 3288, 3377, 3430, 3431, 3439, 3479, 3569, 3653, 3745, 3845, 3952, 4022, 4023, 4064, 4174, 4303, 4395, 4485, 4547, 4613, 4677, 4754, 4839, 4921, 5031]@{}
http://www.comp.hkbu.edu.hk/~alumni/news/../scholarship/../news/../news/../news/../news/../news/../news/@[759, 760, 831, 908, 1055, 1105, 1193, 1275, 1350, 1401, 1479, 1530, 1611, 1668, 1747, 1800, 1855, 1913, 1970, 2044, 2129, 2186, 2265, 2314, 2404, 2459, 2533, 2591, 2645, 2733, 2813, 2898, 2997, 3122, 3197, 3288, 3377, 3430, 3431, 3439, 3479, 3569, 3653, 3745, 3845, 3952, 4022, 4023, 4064, 4174, 4303, 4395, 4485, 4547, 4613, 4677, 4754, 4839, 4921, 5031]@{}
http://www.comp.hkbu.edu.hk/~alumni/news/../donation/../news/../news/../news/../news/../news/../news/@[759, 760, 831, 908, 1055, 1105, 1193, 1275, 1350, 1401, 1479, 1530, 1611, 1668, 1747, 1800, 1855, 1913, 1970, 2044, 2129, 2186, 2265, 2314, 2404, 2459, 2533, 2591, 2645, 2733, 2813, 2898, 2997, 3122, 3197, 3288, 3377, 3430, 3431, 3439, 3479, 3569, 3653, 3745, 3845, 3952, 4022, 4023, 4064, 4174, 4303, 4395, 4485, 4547, 4613, 4677, 4754, 4839, 4921, 5031]@{}
http://www.comp.hkbu.edu.hk/v1/?page=job_vacancies?=tc?=tc?=tc?=tc?=tc?=tc?=tc?=tc@[5624, 6899, 6908]@{}
http://www.comp.hkbu.edu.hk/v1/?page=job_vacancies?=sc?=tc?=tc?=tc?=tc?=tc?=tc?=tc@[5608, 6878, 6887]@{}
http://www.comp.hkbu.edu.hk/v1/?page=sitemap?=tc?=tc?=tc?=tc?=tc?=tc?=tc?=tc@[5611, 6869, 6878]@{}
http://www.comp.hkbu.edu.hk/v1/?page=sitemap?=sc?=tc?=tc?=tc?=tc?=tc?=tc?=tc@[5625, 6877, 6886]@{}
http://www.comp.hkbu.edu.hk/v1/?page=sitemap@[5740, 5749]@{}
http://www.comp.hkbu.edu.hk/v1/?page=home?=tc?=tc?=tc?=tc?=tc?=tc@[5610, 6877, 6886]@{}
http://www.comp.hkbu.edu.hk/~alumni/news/../news/../news/../news/../news/../news/../news/../news/../news/@[759, 760, 831, 908, 1055, 1105, 1193, 1275, 1350, 1401, 1479, 1530, 1611, 1668, 1747, 1800, 1855, 1913, 1970, 2044, 2129, 2186, 2265, 2314, 2404, 2459, 2533, 2591, 2645, 2733, 2813, 2898, 2997, 3122, 3197, 3288, 3377, 3430, 3431, 3439, 3479, 3569, 3653, 3745, 3845, 3952, 4022, 4023, 4064, 4174, 4303, 4395, 4485, 4547, 4613, 4677, 4754, 4839, 4921, 5031]@{}
http://www.comp.hkbu.edu.hk/~alumni/news/../scholarship/../news/../news/../news/../news/../news/../news/../news/@[759, 760, 831, 908, 1055, 1105, 1193, 1275, 1350, 1401, 1479, 1530, 1611, 1668, 1747, 1800, 1855, 1913, 1970, 2044, 2129, 2186, 2265, 2314, 2404, 2459, 2533, 2591, 2645, 2733, 2813, 2898, 2997, 3122, 3197, 3288, 3377, 3430, 3431, 3439, 3479, 3569, 3653, 3745, 3845, 3952, 4022, 4023, 4064, 4174, 4303, 4395, 4485, 4547, 4613, 4677, 4754, 4839, 4921, 5031]@{}
http://www.comp.hkbu.edu.hk/~alumni/news/../donation/../news/../news/../news/../news/../news/../news/../news/@[759, 760, 831, 908, 1055, 1105, 1193, 1275, 1350, 1401, 1479, 1530, 1611, 1668, 1747, 1800, 1855, 1913, 1970, 2044, 2129, 2186, 2265, 2314, 2404, 2459, 2533, 2591, 2645, 2733, 2813, 2898, 2997, 3122, 3197, 3288, 3377, 3430, 3431, 3439, 3479, 3569, 3653, 3745, 3845, 3952, 4022, 4023, 4064, 4174, 4303, 4395, 4485, 4547, 4613, 4677, 4754, 4839, 4921, 5031]@{}
http://www.comp.hkbu.edu.hk/v1/?page=job_vacancies?=tc?=tc?=tc?=tc?=tc?=tc?=tc?=tc?=tc@[5624, 6873, 6882]@{}
http://www.comp.hkbu.edu.hk/v1/?page=job_vacancies?=sc?=tc?=tc?=tc?=tc?=tc?=tc?=tc?=tc@[5623, 6885, 6894]@{}
http://www.comp.hkbu.edu.hk/v1/?page=sitemap?=tc?=tc?=tc?=tc?=tc?=tc?=tc?=tc?=tc@[5608, 6853, 6862]@{}
http://www.comp.hkbu.edu.hk/v1/?page=sitemap?=sc?=tc?=tc?=tc?=tc?=tc?=tc?=tc?=tc@[5626, 6879, 6888]@{}
http://www.comp.hkbu.edu.hk/v1/?lang=tc@[5608, 6881, 6890]@{}
http://www.comp.hkbu.edu.hk/~alumni/news/@[759, 760, 831, 908, 1055, 1105, 1193, 1275, 1350, 1401, 1479, 1530, 1611, 1668, 1747, 1800, 1855, 1913, 1970, 2044, 2129, 2186, 2265, 2314, 2404, 2459, 2533, 2591, 2645, 2733, 2813, 2898, 2997, 3122, 3197, 3288, 3377, 3430, 3431, 3439, 3479, 3569, 3653, 3745, 3845, 3952, 4022, 4023, 4064, 4174, 4303, 4395, 4485, 4547, 4613, 4677, 4754, 4839, 4921, 5031]@{}
http://www.sci.hkbu.edu.hk/eng/page/?page=prospective-students@[803, 804, 2464, 2606, 3025, 3026, 3053, 3176, 3177, 3178, 3197, 3202, 3207, 3249, 3250, 3271, 3276, 3281]@{}
http://www.sci.hkbu.edu.hk/eng/page/?page=current-students@[803, 804, 2895]@{}
http://www.sci.hkbu.edu.hk/eng/page/@[803, 804]@{}
http://www.sci.hkbu.edu.hk/eng/about-us/honorary-doctorate@[803, 804, 3345, 3372, 3428, 3445, 3463, 3467, 3483, 3499, 3517, 3533, 3549]@{}
http://www.sci.hkbu.edu.hk/eng/about-us/distinguished-professorship/eng/page/?page=prospective-students@[803, 804, 3007, 3008, 3009, 3797, 4075, 4076, 4077]@{}
http://www.sci.hkbu.edu.hk/eng/about-us/honorary-doctorate/eng/page/?page=prospective-students@[803, 804, 3007, 3008, 3009, 3797, 4075, 4076, 4077]@{}
http://www.sci.hkbu.edu.hk/eng/about-us/distinguished-professor-of-science@[803, 804, 2783, 2784, 2792, 2799, 2804, 2805, 2866, 2867, 2880, 2889, 2894, 2895, 2967, 2968, 2978, 2983, 2984, 3046, 3047, 3059, 3063, 3064, 3136, 3137, 3150, 3154, 3155, 3216, 3217, 3232, 3238, 3239, 3314, 3315, 3324, 3328, 3329, 3390, 3391, 3406, 3407]@{}
http://www.sci.hkbu.edu.hk/eng/about-us/dr-kennedy-wong-distinguished-visiting-professorship-scheme@[803, 804, 2713, 2728, 2733, 2734, 2737, 2825, 2838, 2841, 2842, 2845, 2934, 2942, 2946, 2947, 2950, 3041, 3050, 3055, 3056, 3059]@{}
http://www.sci.hkbu.edu.hk/eng/about-us/distinguished-professor-of-science/eng/page/?page=prospective-students@[803, 804, 3007, 3008, 3009, 3797, 4075, 4076, 4077]@{}
http://www.sci.hkbu.edu.hk/eng/about-us/dr-kennedy-wong-distinguished-visiting-professorship-scheme/eng/page/?page=prospective-students@[803, 804, 3007, 3008, 3009, 3797, 4075, 4076, 4077]@{}
http://www.sci.hkbu.edu.hk/eng/page/eng/about-us/vision-mission@[803, 804, 3007, 3008, 3009, 3797, 4075, 4076, 4077]@{}
http://www.sci.hkbu.edu.hk/eng/page/eng/about-us/faculty-advisory-committee@[803, 804, 3007, 3008, 3009, 3797, 4075, 4076, 4077]@{}
http://www.sci.hkbu.edu.hk/eng@[803, 804, 3007, 3008, 3009, 3797, 4075, 4076, 4077]@{}
http://www.sci.hkbu.edu.hk/eng/about-us/vision-mission@[803, 804]@{}
http://www.sci.hkbu.edu.hk/eng/about-us/faculty-advisory-committee@[803, 804, 2839, 2853, 2901, 2905, 2937, 2946, 2974, 2982, 3016, 3020, 3048, 3050, 3083, 3088, 3118, 3122, 3156, 3159, 3164, 3169, 3206, 3208, 3241, 3247, 3286, 3290, 3325, 3328, 3364, 3367, 3403, 3406, 3440, 3444, 3448, 3478, 3482, 3486, 3524, 3527, 3531, 3560, 3562, 3566, 3603, 3605, 3609, 3638, 3640, 3645, 3680, 3682, 3686, 3716, 3719, 3723]@{}
http://www.sci.hkbu.edu.hk/eng/about-us/vision-mission/eng/page/?page=prospective-students@[803, 804, 3007, 3008, 3009, 3797, 4075, 4076, 4077]@{}
http://www.sci.hkbu.edu.hk/eng/about-us/faculty-advisory-committee/eng/page/?page=prospective-students@[803, 804, 3007, 3008, 3009, 3797, 4075, 4076, 4077]@{}
http://www.sci.hkbu.edu.hk/eng/about-us/distinguished-professorship@[803, 804]@{}
