https://www.comp.hkbu.edu.hk/v1/?page=whats_new@[755]@[755]
https://www.comp.hkbu.edu.hk/v1/?page=contact@[119]@[119]
https://www.comp.hkbu.edu.hk/v1/?page=news@[755]@[755]
https://www.comp.hkbu.edu.hk/v1/?page=events@[7946, 8116]@[7946, 8116]
https://www.comp.hkbu.edu.hk/v1/?pid=16@[119]@[119]
https://www.comp.hkbu.edu.hk/v1/?page=dlecture@[3365, 3380, 3705]@[3365, 3380, 3705]
https://www.comp.hkbu.edu.hk/v1/?page=driving_direction@[129]@[129]
https://www.comp.hkbu.edu.hk/v1/?file=355@[223, 270, 379, 405, 446, 467, 492, 572, 623, 727, 753, 789, 822, 846, 1029, 1036, 1037, 1044, 1063, 1127, 1339, 1353, 1390, 1431, 1445, 1464, 1507, 1535, 1548, 1551, 1634, 1684, 1691, 1742, 1749, 1763, 1816, 1826, 1980, 1981, 2010, 2042, 2058, 2108, 2133, 2152, 2164, 2203, 2216, 2249, 2286, 2327, 2362, 2381, 2390, 2522, 2530, 2598, 2664, 2730, 2773, 2906, 2958, 2968, 3073, 3167, 3200, 3246, 3349, 3363, 3377, 3401, 3402, 3449, 3517, 3548, 3576, 3666, 3678, 3682, 3757, 3805, 3929, 3954, 3966, 3973, 4011, 4034, 4113, 4230, 4237, 4239, 4279, 4296, 4304, 4439, 4471, 4473, 4515, 4595, 4625, 4663, 4718, 4734, 4743, 4879, 4927, 4942, 5039, 5042, 5123, 5133, 5242, 5255, 5274, 5316, 5347, 5369, 5400, 5473, 5524, 5548, 5555, 5598, 5738, 5740, 5745, 5790, 5794, 6172, 6196, 6230, 6260, 6270, 6303, 6315, 6337, 6369, 6394, 6411, 6419, 6503, 6510, 6537, 6566, 6606, 6650, 6667, 6727, 6760, 6810, 6825, 6830, 6832, 6845, 6877, 6975, 6981, 7021, 7028, 7061, 7064, 7067, 7074, 7122, 7138, 7146, 7287, 7289, 7293, 7312, 7328, 7384, 7429, 7433, 7484, 7574, 7594, 7614]@[]
https://www.comp.hkbu.edu.hk/v1/?file=1431@[1105, 1108, 1120, 1164, 1235, 1254, 1281, 1325, 1368, 1388, 1440, 1509, 1659, 1762, 1891, 1960, 1986, 1993, 2095, 2147, 2202, 2219, 2355, 2365, 2391, 2753, 2755, 2788, 2821, 2906, 3008, 3087, 3121, 3122, 3237, 3242, 3299, 3396, 3478, 3499, 3575, 3576, 3622, 3652, 3688, 3849, 3880, 3919, 4025, 4107, 4114, 4171, 4173, 4189, 4272, 4345, 4464, 4547, 4558, 4666, 4741, 4772, 4814, 4889, 5016, 5038, 5138, 5212, 5228, 5302, 5350, 5385, 7821, 7874, 7927, 7980, 8033, 8086, 8139, 8192, 8245, 8298, 8351, 8404, 8457, 8510, 8563, 8616, 8669, 8722, 8775, 8828, 8881, 8934, 8987, 9040, 9093, 9146, 9199, 9252, 9305, 9358, 9411, 9464, 9596, 9649, 9702, 9755, 9808, 9861, 9914, 9967, 10020, 10073, 10126, 10204, 10257, 10310, 10363, 10416, 10469]@[]
https://news.google.com/?tab=wn@[1206]@[1206]
https://accounts.google.com/SignUp?continue=https%3A%2F%2Fmyaccount.google.com%2Fgeneral-light@[163]@[163]
https://news.google.com/?tab=nn@[1365]@[1365]
