http://www.comp.hkbu.edu.hk/v1/?page=sci@[5005, 5984, 5992, 6737, 6762, 6847, 6945, 7035, 7136, 7274, 7280, 7335, 7339, 7346, 7372, 7391, 7400, 7413, 7419, 7428, 7433, 7437, 7441, 7446, 7469, 7488, 7502, 7535, 7563, 7585, 7595, 7627, 7631, 7634, 7640, 7646, 7650, 7653, 7718, 7724, 7744, 7749, 7754, 7765, 7773, 7780, 7784]@{}
http://www.sci.hkbu.edu.hk/eng/about-us/distinguished-professorship/eng/page/?page=prospective-students@[5005, 5984, 5992, 6737, 6762, 6847, 6945, 7035, 7136, 7274, 7280, 7335, 7339, 7346, 7372, 7391, 7400, 7413, 7419, 7428, 7433, 7437, 7441, 7446, 7469, 7488, 7502, 7535, 7563, 7585, 7595, 7627, 7631, 7634, 7640, 7646, 7650, 7653, 7718, 7724, 7744, 7749, 7754, 7765, 7773, 7780, 7784]@{}
http://www.sci.hkbu.edu.hk/eng/about-us/honorary-doctorate/eng/page/?page=prospective-students@[5005, 5984, 5992, 6737, 6762, 6847, 6945, 7035, 7136, 7274, 7280, 7335, 7339, 7346, 7372, 7391, 7400, 7413, 7419, 7428, 7433, 7437, 7441, 7446, 7469, 7488, 7502, 7535, 7563, 7585, 7595, 7627, 7631, 7634, 7640, 7646, 7650, 7653, 7718, 7724, 7744, 7749, 7754, 7765, 7773, 7780, 7784]@{}
http://www.sci.hkbu.edu.hk/eng/about-us/distinguished-professor-of-science/eng/page/?page=prospective-students@[5005, 5984, 5992, 6737, 6762, 6847, 6945, 7035, 7136, 7274, 7280, 7335, 7339, 7346, 7372, 7391, 7400, 7413, 7419, 7428, 7433, 7437, 7441, 7446, 7469, 7488, 7502, 7535, 7563, 7585, 7595, 7627, 7631, 7634, 7640, 7646, 7650, 7653, 7718, 7724, 7744, 7749, 7754, 7765, 7773, 7780, 7784]@{}
http://www.sci.hkbu.edu.hk/eng/about-us/dr-kennedy-wong-distinguished-visiting-professorship-scheme/eng/page/?page=prospective-students@[5005, 5984, 5992, 6737, 6762, 6847, 6945, 7035, 7136, 7274, 7280, 7335, 7339, 7346, 7372, 7391, 7400, 7413, 7419, 7428, 7433, 7437, 7441, 7446, 7469, 7488, 7502, 7535, 7563, 7585, 7595, 7627, 7631, 7634, 7640, 7646, 7650, 7653, 7718, 7724, 7744, 7749, 7754, 7765, 7773, 7780, 7784]@{}
http://www.sci.hkbu.edu.hk/eng/page/eng/about-us/vision-mission@[5005, 5984, 5992, 6737, 6762, 6847, 6945, 7035, 7136, 7274, 7280, 7335, 7339, 7346, 7372, 7391, 7400, 7413, 7419, 7428, 7433, 7437, 7441, 7446, 7469, 7488, 7502, 7535, 7563, 7585, 7595, 7627, 7631, 7634, 7640, 7646, 7650, 7653, 7718, 7724, 7744, 7749, 7754, 7765, 7773, 7780, 7784]@{}
http://www.sci.hkbu.edu.hk/eng/page/eng/about-us/faculty-advisory-committee@[5005, 5984, 5992, 6737, 6762, 6847, 6945, 7035, 7136, 7274, 7280, 7335, 7339, 7346, 7372, 7391, 7400, 7413, 7419, 7428, 7433, 7437, 7441, 7446, 7469, 7488, 7502, 7535, 7563, 7585, 7595, 7627, 7631, 7634, 7640, 7646, 7650, 7653, 7718, 7724, 7744, 7749, 7754, 7765, 7773, 7780, 7784]@{}
http://www.sci.hkbu.edu.hk/eng@[5005, 5984, 5992, 6737, 6762, 6847, 6945, 7035, 7136, 7274, 7280, 7335, 7339, 7346, 7372, 7391, 7400, 7413, 7419, 7428, 7433, 7437, 7441, 7446, 7469, 7488, 7502, 7535, 7563, 7585, 7595, 7627, 7631, 7634, 7640, 7646, 7650, 7653, 7718, 7724, 7744, 7749, 7754, 7765, 7773, 7780, 7784]@{}
http://www.sci.hkbu.edu.hk/eng/about-us/vision-mission/eng/page/?page=prospective-students@[5005, 5984, 5992, 6737, 6762, 6847, 6945, 7035, 7136, 7274, 7280, 7335, 7339, 7346, 7372, 7391, 7400, 7413, 7419, 7428, 7433, 7437, 7441, 7446, 7469, 7488, 7502, 7535, 7563, 7585, 7595, 7627, 7631, 7634, 7640, 7646, 7650, 7653, 7718, 7724, 7744, 7749, 7754, 7765, 7773, 7780, 7784]@{}
http://www.sci.hkbu.edu.hk/eng/about-us/faculty-advisory-committee/eng/page/?page=prospective-students@[5005, 5984, 5992, 6737, 6762, 6847, 6945, 7035, 7136, 7274, 7280, 7335, 7339, 7346, 7372, 7391, 7400, 7413, 7419, 7428, 7433, 7437, 7441, 7446, 7469, 7488, 7502, 7535, 7563, 7585, 7595, 7627, 7631, 7634, 7640, 7646, 7650, 7653, 7718, 7724, 7744, 7749, 7754, 7765, 7773, 7780, 7784]@{}
