https://www.comp.hkbu.edu.hk/v1/?page=head@[478]@[478]
https://www.comp.hkbu.edu.hk/v1/?page=funded_projects@[1223]@[1223]
https://www.comp.hkbu.edu.hk/v1/?page=facilities_teaching@[250, 322]@[250, 322]
https://www.comp.hkbu.edu.hk/v1/?page=events@[277, 453, 3343, 4823]@[277, 453, 3343, 4823]
https://www.comp.hkbu.edu.hk/v1/?page=highlights@[530, 1751, 1762]@[530, 1751, 1762]
https://www.comp.hkbu.edu.hk/v1/?page=dlecture@[41, 1951, 1969, 2472, 3975, 4296, 4470, 4484]@[41, 1951, 1969, 2472, 3975, 4296, 4470, 4484]
https://policies.google.com/terms@[141, 215, 335, 567, 641, 1331, 1547, 1773, 2075, 2314, 3199, 3230, 3329, 3384, 3669]@[141, 215, 335, 567, 641, 1331, 1547, 1773, 2075, 2314, 3199, 3230, 3329, 3384, 3669]
https://policies.google.com/privacy@[146, 276, 292, 319, 345, 363, 409, 594, 1001, 1057, 1111, 1128, 1544, 2119, 2151, 2175, 2248, 2264, 2305, 2412, 2472, 2546, 2576, 2595, 2690, 2706, 2757, 2795, 2803, 3512, 3530, 3564, 3636, 3650, 3808, 4232, 4412, 4538, 4597, 4671, 4715, 4783, 5116, 5172, 5193, 5201, 5206, 5250, 5313, 5357, 5422, 5469, 5584, 5611, 5689, 5724, 5754, 5769, 5825, 5845, 5873, 5969, 6088, 6206, 6263, 6378, 6413, 6453, 6542, 6653, 6676, 6694, 6736, 6753, 6908, 7034, 7048, 7140, 7184, 7200, 7416]@[146, 276, 292, 319, 345, 363, 409, 594, 1001, 1057, 1111, 1128, 1544, 2119, 2151, 2175, 2248, 2264, 2305, 2412, 2472, 2546, 2576, 2595, 2690, 2706, 2757, 2795, 2803, 3512, 3530, 3564, 3636, 3650, 3808, 4232, 4412, 4538, 4597, 4671, 4715, 4783, 5116, 5172, 5193, 5201, 5206, 5250, 5313, 5357, 5422, 5469, 5584, 5611, 5689, 5724, 5754, 5769, 5825, 5845, 5873, 5969, 6088, 6206, 6263, 6378, 6413, 6453, 6542, 6653, 6676, 6694, 6736, 6753, 6908, 7034, 7048, 7140, 7184, 7200, 7416]
https://www.hkstp.org/en/about-us/who-we-are@[708]@[708]
https://www.hkstp.org/about-us/who-we-are@[708]@[708]
https://www.hkstp.org/en/about-us/our-footprint@[600]@[600]
https://news.google.com/?tab=nn@[348]@[348]
https://itunes.apple.com/app/google-search/id284815942?mt=8@[245, 346, 621, 665, 853, 895, 1028]@[245, 346, 621, 665, 853, 895, 1028]
https://play.google.com/store/apps/details?id=com.google.android.googlequicksearchbox@[358]@[358]
