http://www.comp.hkbu.edu.hk@[70, 72, 101, 104, 113, 117, 133, 136, 145, 148, 165, 169, 593, 594, 4655, 5531, 5725, 5733, 7021]@{}
http://www.comp.hkbu.edu.hk/v1/?page=sci@[141, 146, 153, 160, 167, 174, 229, 238, 242, 258, 263, 265, 269, 274, 278, 284, 288, 294, 298, 304, 308, 314, 318, 323, 327, 331, 335, 339, 438, 442, 446, 451, 455, 459, 463, 468, 472, 477, 481, 485, 489, 494, 498, 503, 507, 510, 514, 519, 527, 530, 543, 551, 553, 569, 579, 582, 587, 593, 4953, 4960, 4967, 4974, 4979, 4986, 4991, 5858, 5860, 5862, 5867, 5876, 5880, 5897, 5902, 5919, 5923, 5940, 5945, 5962, 5967, 7866, 8121, 8126, 8130, 8132, 8136, 8141, 8294]@{}
http://www.comp.hkbu.edu.hk/v1/?page=job_vacancies?=tc@[70, 72, 101, 104, 113, 117, 133, 136, 145, 148, 165, 169, 593, 594, 5527, 5721, 5729, 6997]@{}
http://www.comp.hkbu.edu.hk/v1/?page=job_vacancies?=sc@[70, 72, 101, 104, 113, 117, 133, 136, 145, 148, 165, 169, 593, 594, 5527, 5721, 5729, 7006]@{}
http://www.comp.hkbu.edu.hk/v1/?page=sitemap?=tc@[70, 72, 101, 104, 113, 117, 133, 136, 145, 148, 165, 169, 593, 594, 5523, 5717, 5725, 7009]@{}
http://www.comp.hkbu.edu.hk/v1/?page=sitemap?=sc@[70, 72, 101, 104, 113, 117, 133, 136, 145, 148, 165, 169, 593, 594, 5522, 5716, 5724, 7024]@{}
http://www.comp.hkbu.edu.hk/v1/?lang=sc@[70, 72, 101, 104, 113, 117, 133, 136, 145, 148, 165, 169, 593, 594, 5518, 5712, 5720, 6990]@{}
http://www.comp.hkbu.edu.hk/~alumni/news/../news/@[18, 607, 617, 621, 624, 631, 637, 5095]@{}
http://www.comp.hkbu.edu.hk/~alumni/news/../scholarship/@[18, 927]@{}
http://www.comp.hkbu.edu.hk/~alumni/news/../donation/@[18, 1417]@{}
http://www.comp.hkbu.edu.hk/v1/?page=job_vacancies?=tc?=tc@[70, 72, 101, 104, 113, 117, 133, 136, 145, 148, 165, 169, 593, 594, 5524, 5718, 5726, 7011]@{}
http://www.comp.hkbu.edu.hk/v1/?page=job_vacancies?=sc?=tc@[70, 72, 101, 104, 113, 117, 133, 136, 145, 148, 165, 169, 593, 594, 4662, 5534, 5728, 5736, 7040]@{}
http://www.comp.hkbu.edu.hk/v1/?page=sitemap?=tc?=tc@[70, 72, 101, 104, 113, 117, 133, 136, 145, 148, 165, 169, 593, 594, 5524, 5718, 5726, 7002]@{}
http://www.comp.hkbu.edu.hk/v1/?page=sitemap?=sc?=tc@[70, 72, 101, 104, 113, 117, 133, 136, 145, 148, 165, 169, 593, 594, 4662, 5538, 5732, 5740, 7029]@{}
http://www.comp.hkbu.edu.hk/v1/?page=home@[70, 72, 101, 104, 113, 117, 133, 136, 145, 148, 165, 169, 593, 594, 5516, 5710, 5718, 6994]@{}
http://www.comp.hkbu.edu.hk/~alumni/news/../news/../news/@[18, 607, 617, 621, 624, 631, 637, 5095]@{}
http://www.comp.hkbu.edu.hk/~alumni/news/../scholarship/../news/@[18, 607, 617, 621, 624, 631, 637, 5095]@{}
http://www.comp.hkbu.edu.hk/~alumni/news/../donation/../news/@[18, 607, 617, 621, 624, 631, 637, 5095]@{}
http://www.comp.hkbu.edu.hk/v1/?page=job_vacancies?=tc?=tc?=tc@[70, 72, 101, 104, 113, 117, 133, 136, 145, 148, 165, 169, 593, 594, 4665, 5538, 5732, 5740, 7037]@{}
http://www.comp.hkbu.edu.hk/v1/?page=job_vacancies?=sc?=tc?=tc@[70, 72, 101, 104, 113, 117, 133, 136, 145, 148, 165, 169, 593, 594, 5522, 5716, 5724, 7006]@{}
http://www.comp.hkbu.edu.hk/v1/?page=sitemap?=tc?=tc?=tc@[70, 72, 101, 104, 113, 117, 133, 136, 145, 148, 165, 169, 593, 594, 5528, 5722, 5730, 7034]@{}
http://www.comp.hkbu.edu.hk/v1/?page=sitemap?=sc?=tc?=tc@[70, 72, 101, 104, 113, 117, 133, 136, 145, 148, 165, 169, 593, 594, 5531, 5725, 5733, 7037]@{}
http://www.comp.hkbu.edu.hk/v1/?page=home?=tc@[70, 72, 101, 104, 113, 117, 133, 136, 145, 148, 165, 169, 593, 594, 5526, 5720, 5728, 7022]@{}
http://www.comp.hkbu.edu.hk/~alumni/news/../news/../news/../news/@[18, 607, 617, 621, 624, 631, 637, 5095]@{}
http://www.comp.hkbu.edu.hk/~alumni/news/../scholarship/../news/../news/@[18, 607, 617, 621, 624, 631, 637, 5095]@{}
http://www.comp.hkbu.edu.hk/~alumni/news/../donation/../news/../news/@[18, 607, 617, 621, 624, 631, 637, 5095]@{}
http://www.comp.hkbu.edu.hk/v1/?page=job_vacancies?=tc?=tc?=tc?=tc@[70, 72, 101, 104, 113, 117, 133, 136, 145, 148, 165, 169, 593, 594, 4667, 5539, 5733, 5741, 7017]@{}
http://www.comp.hkbu.edu.hk/v1/?page=job_vacancies?=sc?=tc?=tc?=tc@[70, 72, 101, 104, 113, 117, 133, 136, 145, 148, 165, 169, 593, 594, 4667, 5540, 5734, 5742, 7005]@{}
http://www.comp.hkbu.edu.hk/v1/?page=sitemap?=tc?=tc?=tc?=tc@[70, 72, 101, 104, 113, 117, 133, 136, 145, 148, 165, 169, 593, 594, 5528, 5722, 5730, 7023]@{}
http://www.comp.hkbu.edu.hk/v1/?page=sitemap?=sc?=tc?=tc?=tc@[70, 72, 101, 104, 113, 117, 133, 136, 145, 148, 165, 169, 593, 594, 4666, 5539, 5733, 5741, 7031]@{}
http://www.comp.hkbu.edu.hk/v1/?page=home?=tc?=tc@[70, 72, 101, 104, 113, 117, 133, 136, 145, 148, 165, 169, 593, 594, 5528, 5722, 5730, 7005]@{}
http://www.comp.hkbu.edu.hk/~alumni/news/../news/../news/../news/../news/@[18, 607, 617, 621, 624, 631, 637, 5095]@{}
http://www.comp.hkbu.edu.hk/v1/?page=alumni@[192]@{}
http://www.comp.hkbu.edu.hk/~alumni/news/../scholarship/../news/../news/../news/@[18, 607, 617, 621, 624, 631, 637, 5095]@{}
http://www.comp.hkbu.edu.hk/~alumni/news/../donation/../news/../news/../news/@[18, 607, 617, 621, 624, 631, 637, 5095]@{}
http://www.comp.hkbu.edu.hk/v1/?page=job_vacancies?=tc?=tc?=tc?=tc?=tc@[70, 72, 101, 104, 113, 117, 133, 136, 145, 148, 165, 169, 593, 594, 4669, 5542, 5736, 5744, 7012]@{}
http://www.comp.hkbu.edu.hk/v1/?page=job_vacancies?=sc?=tc?=tc?=tc?=tc@[70, 72, 101, 104, 113, 117, 133, 136, 145, 148, 165, 169, 593, 594, 5527, 5721, 5729, 7014]@{}
http://www.comp.hkbu.edu.hk/v1/?page=sitemap?=tc?=tc?=tc?=tc?=tc@[70, 72, 101, 104, 113, 117, 133, 136, 145, 148, 165, 169, 593, 594, 5535, 5729, 5737, 7034]@{}
http://www.comp.hkbu.edu.hk/v1/?page=sitemap?=sc?=tc?=tc?=tc?=tc@[70, 72, 101, 104, 113, 117, 133, 136, 145, 148, 165, 169, 593, 594, 4668, 5541, 5735, 5743, 7019]@{}
http://www.comp.hkbu.edu.hk/v1/?page=home?=tc?=tc?=tc@[70, 72, 101, 104, 113, 117, 133, 136, 145, 148, 165, 169, 593, 594, 5526, 5720, 5728, 7019]@{}
http://www.comp.hkbu.edu.hk/~alumni/news/../news/../news/../news/../news/../news/@[18, 607, 617, 621, 624, 631, 637, 5095]@{}
http://www.comp.hkbu.edu.hk/~alumni/news/../scholarship/../news/../news/../news/../news/@[18, 607, 617, 621, 624, 631, 637, 5095]@{}
http://www.comp.hkbu.edu.hk/~alumni/news/../donation/../news/../news/../news/../news/@[18, 607, 617, 621, 624, 631, 637, 5095]@{}
http://www.comp.hkbu.edu.hk/v1/?page=job_vacancies@[70, 72, 101, 104, 113, 117, 141, 142, 4522]@{}
http://www.comp.hkbu.edu.hk/v1/?page=job_vacancies?=tc?=tc?=tc?=tc?=tc?=tc@[70, 72, 101, 104, 113, 117, 133, 136, 145, 148, 165, 169, 593, 594, 5530, 5724, 5732, 7009]@{}
http://www.comp.hkbu.edu.hk/v1/?page=job_vacancies?=sc?=tc?=tc?=tc?=tc?=tc@[70, 72, 101, 104, 113, 117, 133, 136, 145, 148, 165, 169, 593, 594, 5529, 5723, 5731, 7036]@{}
http://www.comp.hkbu.edu.hk/v1/?page=sitemap?=tc?=tc?=tc?=tc?=tc?=tc@[70, 72, 101, 104, 113, 117, 133, 136, 145, 148, 165, 169, 593, 594, 5533, 5727, 5735, 7026]@{}
http://www.comp.hkbu.edu.hk/v1/?page=sitemap?=sc?=tc?=tc?=tc?=tc?=tc@[70, 72, 101, 104, 113, 117, 133, 136, 145, 148, 165, 169, 593, 594, 4671, 5551, 5745, 5753, 7036]@{}
http://www.comp.hkbu.edu.hk/v1/?page=home?=tc?=tc?=tc?=tc@[70, 72, 101, 104, 113, 117, 133, 136, 145, 148, 165, 169, 593, 594, 5532, 5726, 5734, 7020]@{}
http://www.comp.hkbu.edu.hk/~alumni/news/../news/../news/../news/../news/../news/../news/@[18, 607, 617, 621, 624, 631, 637, 5095]@{}
http://www.comp.hkbu.edu.hk/~alumni/news/../scholarship/../news/../news/../news/../news/../news/@[18, 607, 617, 621, 624, 631, 637, 5095]@{}
http://www.comp.hkbu.edu.hk/~alumni/news/../donation/../news/../news/../news/../news/../news/@[18, 607, 617, 621, 624, 631, 637, 5095]@{}
http://www.comp.hkbu.edu.hk/v1/?page=job_vacancies?=tc?=tc?=tc?=tc?=tc?=tc?=tc@[70, 72, 101, 104, 113, 117, 133, 136, 145, 148, 165, 169, 593, 594, 5534, 5728, 5736, 7008]@{}
http://www.comp.hkbu.edu.hk/v1/?page=job_vacancies?=sc?=tc?=tc?=tc?=tc?=tc?=tc@[70, 72, 101, 104, 113, 117, 133, 136, 145, 148, 165, 169, 593, 594, 5531, 5725, 5733, 7028]@{}
http://www.comp.hkbu.edu.hk/v1/?page=sitemap?=tc?=tc?=tc?=tc?=tc?=tc?=tc@[70, 72, 101, 104, 113, 117, 133, 136, 145, 148, 165, 169, 593, 594, 5533, 5727, 5735, 7008]@{}
http://www.comp.hkbu.edu.hk/v1/?page=sitemap?=sc?=tc?=tc?=tc?=tc?=tc?=tc@[70, 72, 101, 104, 113, 117, 133, 136, 145, 148, 165, 169, 593, 594, 5535, 5729, 5737, 7029]@{}
http://www.comp.hkbu.edu.hk/v1/?page=home?=tc?=tc?=tc?=tc?=tc@[70, 72, 101, 104, 113, 117, 133, 136, 145, 148, 165, 169, 593, 594, 5535, 5729, 5737, 7033]@{}
http://www.comp.hkbu.edu.hk/~alumni/news/../news/../news/../news/../news/../news/../news/../news/@[18, 607, 617, 621, 624, 631, 637, 5095]@{}
http://www.comp.hkbu.edu.hk/~alumni/news/../scholarship/../news/../news/../news/../news/../news/../news/@[18, 607, 617, 621, 624, 631, 637, 5095]@{}
http://www.comp.hkbu.edu.hk/~alumni/news/../donation/../news/../news/../news/../news/../news/../news/@[18, 607, 617, 621, 624, 631, 637, 5095]@{}
http://www.comp.hkbu.edu.hk/v1/?page=job_vacancies?=tc?=tc?=tc?=tc?=tc?=tc?=tc?=tc@[70, 72, 101, 104, 113, 117, 133, 136, 145, 148, 165, 169, 593, 594, 4675, 5550, 5744, 5752, 7051]@{}
http://www.comp.hkbu.edu.hk/v1/?page=job_vacancies?=sc?=tc?=tc?=tc?=tc?=tc?=tc?=tc@[70, 72, 101, 104, 113, 117, 133, 136, 145, 148, 165, 169, 593, 594, 5534, 5728, 5736, 7030]@{}
http://www.comp.hkbu.edu.hk/v1/?page=sitemap?=tc?=tc?=tc?=tc?=tc?=tc?=tc?=tc@[70, 72, 101, 104, 113, 117, 133, 136, 145, 148, 165, 169, 593, 594, 5537, 5731, 5739, 7021]@{}
http://www.comp.hkbu.edu.hk/v1/?page=sitemap?=sc?=tc?=tc?=tc?=tc?=tc?=tc?=tc@[70, 72, 101, 104, 113, 117, 133, 136, 145, 148, 165, 169, 593, 594, 4675, 5551, 5745, 5753, 7029]@{}
http://www.comp.hkbu.edu.hk/v1/?page=sitemap@[70, 72, 101, 104, 113, 117, 139, 140, 4434, 4594, 4597, 4600, 4616, 5882]@{}
http://www.comp.hkbu.edu.hk/v1/?page=home?=tc?=tc?=tc?=tc?=tc?=tc@[70, 72, 101, 104, 113, 117, 133, 136, 145, 148, 165, 169, 593, 594, 5536, 5730, 5738, 7029]@{}
http://www.comp.hkbu.edu.hk/~alumni/news/../news/../news/../news/../news/../news/../news/../news/../news/@[18, 607, 617, 621, 624, 631, 637, 5095]@{}
http://www.comp.hkbu.edu.hk/~alumni/news/../scholarship/../news/../news/../news/../news/../news/../news/../news/@[18, 607, 617, 621, 624, 631, 637, 5095]@{}
http://www.comp.hkbu.edu.hk/~alumni/news/../donation/../news/../news/../news/../news/../news/../news/../news/@[18, 607, 617, 621, 624, 631, 637, 5095]@{}
http://www.comp.hkbu.edu.hk/v1/?page=job_vacancies?=tc?=tc?=tc?=tc?=tc?=tc?=tc?=tc?=tc@[70, 72, 101, 104, 113, 117, 133, 136, 145, 148, 165, 169, 593, 594, 4677, 5550, 5744, 5752, 7025]@{}
http://www.comp.hkbu.edu.hk/v1/?page=job_vacancies?=sc?=tc?=tc?=tc?=tc?=tc?=tc?=tc?=tc@[70, 72, 101, 104, 113, 117, 133, 136, 145, 148, 165, 169, 593, 594, 4677, 5549, 5743, 5751, 7037]@{}
http://www.comp.hkbu.edu.hk/v1/?page=sitemap?=tc?=tc?=tc?=tc?=tc?=tc?=tc?=tc?=tc@[70, 72, 101, 104, 113, 117, 133, 136, 145, 148, 165, 169, 593, 594, 5534, 5728, 5736, 7005]@{}
http://www.comp.hkbu.edu.hk/v1/?page=sitemap?=sc?=tc?=tc?=tc?=tc?=tc?=tc?=tc?=tc@[70, 72, 101, 104, 113, 117, 133, 136, 145, 148, 165, 169, 593, 594, 4676, 5552, 5746, 5754, 7031]@{}
http://www.comp.hkbu.edu.hk/v1/?lang=tc@[70, 72, 101, 104, 113, 117, 133, 136, 145, 148, 165, 169, 593, 594, 4654, 5534, 5728, 5736, 7033]@{}
http://www.comp.hkbu.edu.hk/~alumni/news/@[18, 607, 617, 621, 624, 631, 637, 5095]@{}
http://www.sci.hkbu.edu.hk/eng/page/?page=prospective-students@[141, 146, 153, 160, 167, 174, 229, 238, 242, 258, 263, 265, 269, 274, 278, 284, 288, 294, 298, 304, 308, 314, 318, 323, 327, 331, 335, 339, 438, 442, 446, 451, 455, 459, 463, 468, 472, 477, 481, 485, 489, 494, 498, 503, 507, 510, 514, 519, 527, 530, 543, 551, 553, 569, 579, 582, 587, 593, 2472, 2614, 3411, 3666, 3671, 3675, 3677, 3681, 3686, 3839]@{}
http://www.sci.hkbu.edu.hk/eng/page/?page=current-students@[141, 146, 153, 160, 167, 174, 229, 238, 242, 258, 263, 265, 269, 274, 278, 284, 288, 294, 298, 304, 308, 314, 318, 323, 327, 331, 335, 339, 438, 442, 446, 451, 455, 459, 463, 468, 472, 477, 481, 485, 489, 494, 498, 503, 507, 510, 514, 519, 527, 530, 543, 551, 553, 569, 579, 582, 587, 593, 3067, 3322, 3327, 3331, 3333, 3337, 3342, 3495]@{}
http://www.sci.hkbu.edu.hk/eng/page/@[141, 146, 153, 160, 167, 174, 229, 238, 242, 258, 263, 265, 269, 274, 278, 284, 288, 294, 298, 304, 308, 314, 318, 323, 327, 331, 335, 339, 438, 442, 446, 451, 455, 459, 463, 468, 472, 477, 481, 485, 489, 494, 498, 503, 507, 510, 514, 519, 527, 530, 543, 551, 553, 569, 579, 582, 587, 593, 3170, 3425, 3430, 3434, 3436, 3440, 3445, 3598]@{}
http://www.sci.hkbu.edu.hk/eng/about-us/honorary-doctorate@[141, 146, 153, 160, 167, 174, 229, 238, 242, 258, 263, 265, 269, 274, 278, 284, 288, 294, 298, 304, 308, 314, 318, 323, 327, 331, 335, 339, 438, 442, 446, 451, 455, 459, 463, 468, 472, 477, 481, 485, 489, 494, 498, 503, 507, 510, 514, 519, 527, 530, 543, 551, 553, 569, 579, 582, 587, 593, 3701, 3956, 3961, 3965, 3967, 3971, 3976, 4129]@{}
http://www.sci.hkbu.edu.hk/eng/about-us/distinguished-professorship/eng/page/?page=prospective-students@[141, 146, 153, 160, 167, 174, 229, 238, 242, 258, 263, 265, 269, 274, 278, 284, 288, 294, 298, 304, 308, 314, 318, 323, 327, 331, 335, 339, 438, 442, 446, 451, 455, 459, 463, 468, 472, 477, 481, 485, 489, 494, 498, 503, 507, 510, 514, 519, 527, 530, 543, 551, 553, 569, 579, 582, 587, 593, 4953, 4960, 4967, 4974, 4979, 4986, 4991, 5858, 5860, 5862, 5867, 5876, 5880, 5897, 5902, 5919, 5923, 5940, 5945, 5962, 5967, 7866, 8121, 8126, 8130, 8132, 8136, 8141, 8294]@{}
http://www.sci.hkbu.edu.hk/eng/about-us/honorary-doctorate/eng/page/?page=prospective-students@[141, 146, 153, 160, 167, 174, 229, 238, 242, 258, 263, 265, 269, 274, 278, 284, 288, 294, 298, 304, 308, 314, 318, 323, 327, 331, 335, 339, 438, 442, 446, 451, 455, 459, 463, 468, 472, 477, 481, 485, 489, 494, 498, 503, 507, 510, 514, 519, 527, 530, 543, 551, 553, 569, 579, 582, 587, 593, 4953, 4960, 4967, 4974, 4979, 4986, 4991, 5858, 5860, 5862, 5867, 5876, 5880, 5897, 5902, 5919, 5923, 5940, 5945, 5962, 5967, 7866, 8121, 8126, 8130, 8132, 8136, 8141, 8294]@{}
http://www.sci.hkbu.edu.hk/eng/about-us/distinguished-professor-of-science@[141, 146, 153, 160, 167, 174, 229, 238, 242, 258, 263, 265, 269, 274, 278, 284, 288, 294, 298, 304, 308, 314, 318, 323, 327, 331, 335, 339, 438, 442, 446, 451, 455, 459, 463, 468, 472, 477, 481, 485, 489, 494, 498, 503, 507, 510, 514, 519, 527, 530, 543, 551, 553, 569, 579, 582, 587, 593, 3517, 3772, 3777, 3781, 3783, 3787, 3792, 3945]@{}
http://www.sci.hkbu.edu.hk/eng/about-us/dr-kennedy-wong-distinguished-visiting-professorship-scheme@[141, 146, 153, 160, 167, 174, 229, 238, 242, 258, 263, 265, 269, 274, 278, 284, 288, 294, 298, 304, 308, 314, 318, 323, 327, 331, 335, 339, 438, 442, 446, 451, 455, 459, 463, 468, 472, 477, 481, 485, 489, 494, 498, 503, 507, 510, 514, 519, 527, 530, 543, 551, 553, 569, 579, 582, 587, 593, 3186, 3441, 3446, 3450, 3452, 3456, 3461, 3614]@{}
http://www.sci.hkbu.edu.hk/eng/about-us/distinguished-professor-of-science/eng/page/?page=prospective-students@[141, 146, 153, 160, 167, 174, 229, 238, 242, 258, 263, 265, 269, 274, 278, 284, 288, 294, 298, 304, 308, 314, 318, 323, 327, 331, 335, 339, 438, 442, 446, 451, 455, 459, 463, 468, 472, 477, 481, 485, 489, 494, 498, 503, 507, 510, 514, 519, 527, 530, 543, 551, 553, 569, 579, 582, 587, 593, 4953, 4960, 4967, 4974, 4979, 4986, 4991, 5858, 5860, 5862, 5867, 5876, 5880, 5897, 5902, 5919, 5923, 5940, 5945, 5962, 5967, 7866, 8121, 8126, 8130, 8132, 8136, 8141, 8294]@{}
http://www.sci.hkbu.edu.hk/eng/about-us/dr-kennedy-wong-distinguished-visiting-professorship-scheme/eng/page/?page=prospective-students@[141, 146, 153, 160, 167, 174, 229, 238, 242, 258, 263, 265, 269, 274, 278, 284, 288, 294, 298, 304, 308, 314, 318, 323, 327, 331, 335, 339, 438, 442, 446, 451, 455, 459, 463, 468, 472, 477, 481, 485, 489, 494, 498, 503, 507, 510, 514, 519, 527, 530, 543, 551, 553, 569, 579, 582, 587, 593, 4953, 4960, 4967, 4974, 4979, 4986, 4991, 5858, 5860, 5862, 5867, 5876, 5880, 5897, 5902, 5919, 5923, 5940, 5945, 5962, 5967, 7866, 8121, 8126, 8130, 8132, 8136, 8141, 8294]@{}
http://www.sci.hkbu.edu.hk/eng/page/eng/about-us/vision-mission@[141, 146, 153, 160, 167, 174, 229, 238, 242, 258, 263, 265, 269, 274, 278, 284, 288, 294, 298, 304, 308, 314, 318, 323, 327, 331, 335, 339, 438, 442, 446, 451, 455, 459, 463, 468, 472, 477, 481, 485, 489, 494, 498, 503, 507, 510, 514, 519, 527, 530, 543, 551, 553, 569, 579, 582, 587, 593, 4953, 4960, 4967, 4974, 4979, 4986, 4991, 5858, 5860, 5862, 5867, 5876, 5880, 5897, 5902, 5919, 5923, 5940, 5945, 5962, 5967, 7866, 8121, 8126, 8130, 8132, 8136, 8141, 8294]@{}
http://www.sci.hkbu.edu.hk/eng/page/eng/about-us/faculty-advisory-committee@[141, 146, 153, 160, 167, 174, 229, 238, 242, 258, 263, 265, 269, 274, 278, 284, 288, 294, 298, 304, 308, 314, 318, 323, 327, 331, 335, 339, 438, 442, 446, 451, 455, 459, 463, 468, 472, 477, 481, 485, 489, 494, 498, 503, 507, 510, 514, 519, 527, 530, 543, 551, 553, 569, 579, 582, 587, 593, 4953, 4960, 4967, 4974, 4979, 4986, 4991, 5858, 5860, 5862, 5867, 5876, 5880, 5897, 5902, 5919, 5923, 5940, 5945, 5962, 5967, 7866, 8121, 8126, 8130, 8132, 8136, 8141, 8294]@{}
http://www.sci.hkbu.edu.hk/eng@[141, 146, 153, 160, 167, 174, 229, 238, 242, 258, 263, 265, 269, 274, 278, 284, 288, 294, 298, 304, 308, 314, 318, 323, 327, 331, 335, 339, 438, 442, 446, 451, 455, 459, 463, 468, 472, 477, 481, 485, 489, 494, 498, 503, 507, 510, 514, 519, 527, 530, 543, 551, 553, 569, 579, 582, 587, 593, 4953, 4960, 4967, 4974, 4979, 4986, 4991, 5858, 5860, 5862, 5867, 5876, 5880, 5897, 5902, 5919, 5923, 5940, 5945, 5962, 5967, 7866, 8121, 8126, 8130, 8132, 8136, 8141, 8294]@{}
http://www.sci.hkbu.edu.hk/eng/about-us/vision-mission@[141, 146, 153, 160, 167, 174, 229, 238, 242, 258, 263, 265, 269, 274, 278, 284, 288, 294, 298, 304, 308, 314, 318, 323, 327, 331, 335, 339, 438, 442, 446, 451, 455, 459, 463, 468, 472, 477, 481, 485, 489, 494, 498, 503, 507, 510, 514, 519, 527, 530, 543, 551, 553, 569, 579, 582, 587, 593, 3090, 3345, 3350, 3354, 3356, 3360, 3365, 3518]@{}
http://www.sci.hkbu.edu.hk/eng/about-us/faculty-advisory-committee@[141, 146, 153, 160, 167, 174, 229, 238, 242, 258, 263, 265, 269, 274, 278, 284, 288, 294, 298, 304, 308, 314, 318, 323, 327, 331, 335, 339, 438, 442, 446, 451, 455, 459, 463, 468, 472, 477, 481, 485, 489, 494, 498, 503, 507, 510, 514, 519, 527, 530, 543, 551, 553, 569, 579, 582, 587, 593, 3844, 4099, 4104, 4108, 4110, 4114, 4119, 4272]@{}
http://www.sci.hkbu.edu.hk/eng/about-us/vision-mission/eng/page/?page=prospective-students@[141, 146, 153, 160, 167, 174, 229, 238, 242, 258, 263, 265, 269, 274, 278, 284, 288, 294, 298, 304, 308, 314, 318, 323, 327, 331, 335, 339, 438, 442, 446, 451, 455, 459, 463, 468, 472, 477, 481, 485, 489, 494, 498, 503, 507, 510, 514, 519, 527, 530, 543, 551, 553, 569, 579, 582, 587, 593, 4953, 4960, 4967, 4974, 4979, 4986, 4991, 5858, 5860, 5862, 5867, 5876, 5880, 5897, 5902, 5919, 5923, 5940, 5945, 5962, 5967, 7866, 8121, 8126, 8130, 8132, 8136, 8141, 8294]@{}
http://www.sci.hkbu.edu.hk/eng/about-us/faculty-advisory-committee/eng/page/?page=prospective-students@[141, 146, 153, 160, 167, 174, 229, 238, 242, 258, 263, 265, 269, 274, 278, 284, 288, 294, 298, 304, 308, 314, 318, 323, 327, 331, 335, 339, 438, 442, 446, 451, 455, 459, 463, 468, 472, 477, 481, 485, 489, 494, 498, 503, 507, 510, 514, 519, 527, 530, 543, 551, 553, 569, 579, 582, 587, 593, 4953, 4960, 4967, 4974, 4979, 4986, 4991, 5858, 5860, 5862, 5867, 5876, 5880, 5897, 5902, 5919, 5923, 5940, 5945, 5962, 5967, 7866, 8121, 8126, 8130, 8132, 8136, 8141, 8294]@{}
http://www.sci.hkbu.edu.hk/eng/about-us/distinguished-professorship@[141, 146, 153, 160, 167, 174, 229, 238, 242, 258, 263, 265, 269, 274, 278, 284, 288, 294, 298, 304, 308, 314, 318, 323, 327, 331, 335, 339, 438, 442, 446, 451, 455, 459, 463, 468, 472, 477, 481, 485, 489, 494, 498, 503, 507, 510, 514, 519, 527, 530, 543, 551, 553, 569, 579, 582, 587, 593, 2735, 2990, 2995, 2999, 3001, 3005, 3010, 3163]@{}
