http://www.comp.hkbu.edu.hk@[500, 655, 690, 792, 795, 831, 903, 910, 1016, 1066, 1086, 1131, 1202, 1247, 1281, 1307, 1413, 1489, 1520, 1611, 1662, 1723, 1984, 2002, 2053, 2756, 2922, 4204, 4207, 4852, 4855, 4899, 5774, 5782, 5797, 5832, 5945, 5973, 5994, 6033, 6055, 6104, 6407, 6823, 6854]@{}
http://www.comp.hkbu.edu.hk/v1/?page=sci@[639, 814, 1081, 1146, 1231, 1380, 1474, 1551, 1681, 1758, 1872, 1936, 1988, 2013, 2042, 2585, 2615, 2644, 2673, 2702, 2757, 2786, 2912, 2932, 2951, 2965, 2975, 2991, 3021, 3102, 3174, 3247, 3324, 3396, 3470, 3542, 3609, 3681, 3757, 3854, 3980, 4000, 4019, 4033, 4043, 4059, 4087, 4285, 4288, 4304, 5263, 5297, 5331, 5365, 5399, 6782, 6786, 6917, 7011, 7107, 7623, 7916, 8006]@{}
http://www.comp.hkbu.edu.hk/v1/?page=job_vacancies?=tc@[500, 655, 690, 792, 795, 831, 903, 910, 1016, 1066, 1086, 1131, 1202, 1247, 1281, 1307, 1413, 1489, 1520, 1611, 1662, 1723, 1984, 2002, 2053, 2756, 2922, 4210, 4213, 4848, 4851, 4895, 5770, 5778, 5793, 5828, 5941, 5969, 5990, 6029, 6051, 6100, 6386, 6799, 6830]@{}
http://www.comp.hkbu.edu.hk/v1/?page=job_vacancies?=sc@[500, 655, 690, 792, 795, 831, 903, 910, 1016, 1066, 1086, 1131, 1202, 1247, 1281, 1307, 1413, 1489, 1520, 1611, 1662, 1723, 1984, 2002, 2053, 2756, 2922, 4210, 4213, 4848, 4851, 4895, 5770, 5778, 5793, 5828, 5941, 5969, 5990, 6029, 6051, 6100, 6397, 6808, 6839]@{}
http://www.comp.hkbu.edu.hk/v1/?page=sitemap?=tc@[500, 655, 690, 792, 795, 831, 903, 910, 1016, 1066, 1086, 1131, 1202, 1247, 1281, 1307, 1413, 1489, 1520, 1611, 1662, 1723, 1984, 2002, 2053, 2756, 2922, 4209, 4212, 4844, 4847, 4891, 5766, 5774, 5789, 5824, 5937, 5965, 5986, 6025, 6047, 6096, 6389, 6811, 6842]@{}
http://www.comp.hkbu.edu.hk/v1/?page=sitemap?=sc@[500, 655, 690, 792, 795, 831, 903, 910, 1016, 1066, 1086, 1131, 1202, 1247, 1281, 1307, 1413, 1489, 1520, 1611, 1662, 1723, 1984, 2002, 2053, 2756, 2922, 4209, 4212, 4843, 4846, 4890, 5765, 5773, 5788, 5823, 5936, 5964, 5985, 6024, 6046, 6095, 6396, 6826, 6857]@{}
http://www.comp.hkbu.edu.hk/v1/?lang=sc@[500, 655, 690, 792, 795, 831, 903, 910, 1016, 1066, 1086, 1131, 1202, 1247, 1281, 1307, 1413, 1489, 1520, 1611, 1662, 1723, 1984, 2002, 2053, 2756, 2922, 4204, 4207, 4839, 4842, 4886, 5761, 5769, 5784, 5819, 5932, 5960, 5981, 6020, 6042, 6091, 6388, 6792, 6823]@{}
http://www.comp.hkbu.edu.hk/~alumni/news/../news/@[651, 674, 5017]@{}
http://www.comp.hkbu.edu.hk/~alumni/news/../scholarship/@[851]@{}
http://www.comp.hkbu.edu.hk/~alumni/news/../donation/@[1339]@{}
http://www.comp.hkbu.edu.hk/v1/?page=job_vacancies?=tc?=tc@[500, 655, 690, 792, 795, 831, 903, 910, 1016, 1066, 1086, 1131, 1202, 1247, 1281, 1307, 1413, 1489, 1520, 1611, 1662, 1723, 1984, 2002, 2053, 2756, 2922, 4211, 4214, 4845, 4848, 4892, 5767, 5775, 5790, 5825, 5938, 5966, 5987, 6026, 6048, 6097, 6395, 6813, 6844]@{}
http://www.comp.hkbu.edu.hk/v1/?page=job_vacancies?=sc?=tc@[500, 655, 690, 792, 795, 831, 903, 910, 1016, 1066, 1086, 1131, 1202, 1247, 1281, 1307, 1413, 1489, 1520, 1611, 1662, 1723, 1984, 2002, 2053, 2756, 2922, 4211, 4214, 4855, 4858, 4902, 5777, 5785, 5800, 5835, 5948, 5976, 5997, 6036, 6058, 6107, 6414, 6842, 6873]@{}
http://www.comp.hkbu.edu.hk/v1/?page=sitemap?=tc?=tc@[500, 655, 690, 792, 795, 831, 903, 910, 1016, 1066, 1086, 1131, 1202, 1247, 1281, 1307, 1413, 1489, 1520, 1611, 1662, 1723, 1984, 2002, 2053, 2756, 2922, 4211, 4214, 4845, 4848, 4892, 5767, 5775, 5790, 5825, 5938, 5966, 5987, 6026, 6048, 6097, 6391, 6804, 6835]@{}
http://www.comp.hkbu.edu.hk/v1/?page=sitemap?=sc?=tc@[500, 655, 690, 792, 795, 831, 903, 910, 1016, 1066, 1086, 1131, 1202, 1247, 1281, 1307, 1413, 1489, 1520, 1611, 1662, 1723, 1984, 2002, 2053, 2756, 2922, 4211, 4214, 4859, 4862, 4906, 5781, 5789, 5804, 5839, 5952, 5980, 6001, 6040, 6062, 6111, 6408, 6831, 6862]@{}
http://www.comp.hkbu.edu.hk/v1/?page=home@[500, 655, 690, 792, 795, 831, 903, 910, 1016, 1066, 1086, 1131, 1202, 1247, 1281, 1307, 1413, 1489, 1520, 1611, 1662, 1723, 1984, 2002, 2053, 2756, 2922, 4207, 4210, 4837, 4840, 4884, 5759, 5767, 5782, 5817, 5930, 5958, 5979, 6018, 6040, 6089, 6384, 6796, 6827]@{}
http://www.comp.hkbu.edu.hk/~alumni/news/../news/../news/@[651, 674, 5017]@{}
http://www.comp.hkbu.edu.hk/~alumni/news/../scholarship/../news/@[651, 674, 5017]@{}
http://www.comp.hkbu.edu.hk/~alumni/news/../donation/../news/@[651, 674, 5017]@{}
http://www.comp.hkbu.edu.hk/v1/?page=job_vacancies?=tc?=tc?=tc@[500, 655, 690, 792, 795, 831, 903, 910, 1016, 1066, 1086, 1131, 1202, 1247, 1281, 1307, 1413, 1489, 1520, 1611, 1662, 1723, 1984, 2002, 2053, 2756, 2922, 4214, 4217, 4859, 4862, 4906, 5781, 5789, 5804, 5839, 5952, 5980, 6001, 6040, 6062, 6111, 6411, 6839, 6870]@{}
http://www.comp.hkbu.edu.hk/v1/?page=job_vacancies?=sc?=tc?=tc@[500, 655, 690, 792, 795, 831, 903, 910, 1016, 1066, 1086, 1131, 1202, 1247, 1281, 1307, 1413, 1489, 1520, 1611, 1662, 1723, 1984, 2002, 2053, 2756, 2922, 4213, 4216, 4843, 4846, 4890, 5765, 5773, 5788, 5823, 5936, 5964, 5985, 6024, 6046, 6095, 6396, 6808, 6839]@{}
http://www.comp.hkbu.edu.hk/v1/?page=sitemap?=tc?=tc?=tc@[500, 655, 690, 792, 795, 831, 903, 910, 1016, 1066, 1086, 1131, 1202, 1247, 1281, 1307, 1413, 1489, 1520, 1611, 1662, 1723, 1984, 2002, 2053, 2756, 2922, 4214, 4217, 4849, 4852, 4896, 5771, 5779, 5794, 5829, 5942, 5970, 5991, 6030, 6052, 6101, 6403, 6836, 6867]@{}
http://www.comp.hkbu.edu.hk/v1/?page=sitemap?=sc?=tc?=tc@[500, 655, 690, 792, 795, 831, 903, 910, 1016, 1066, 1086, 1131, 1202, 1247, 1281, 1307, 1413, 1489, 1520, 1611, 1662, 1723, 1984, 2002, 2053, 2756, 2922, 4214, 4217, 4852, 4855, 4899, 5774, 5782, 5797, 5832, 5945, 5973, 5994, 6033, 6055, 6104, 6404, 6839, 6870]@{}
http://www.comp.hkbu.edu.hk/v1/?page=home?=tc@[500, 655, 690, 792, 795, 831, 903, 910, 1016, 1066, 1086, 1131, 1202, 1247, 1281, 1307, 1413, 1489, 1520, 1611, 1662, 1723, 1984, 2002, 2053, 2756, 2922, 4209, 4212, 4847, 4850, 4894, 5769, 5777, 5792, 5827, 5940, 5968, 5989, 6028, 6050, 6099, 6400, 6824, 6855]@{}
http://www.comp.hkbu.edu.hk/~alumni/news/../news/../news/../news/@[651, 674, 5017]@{}
http://www.comp.hkbu.edu.hk/~alumni/news/../scholarship/../news/../news/@[651, 674, 5017]@{}
http://www.comp.hkbu.edu.hk/~alumni/news/../donation/../news/../news/@[651, 674, 5017]@{}
http://www.comp.hkbu.edu.hk/v1/?page=job_vacancies?=tc?=tc?=tc?=tc@[500, 655, 690, 792, 795, 831, 903, 910, 1016, 1066, 1086, 1131, 1202, 1247, 1281, 1307, 1413, 1489, 1520, 1611, 1662, 1723, 1984, 2002, 2053, 2756, 2922, 4216, 4219, 4860, 4863, 4907, 5782, 5790, 5805, 5840, 5953, 5981, 6002, 6041, 6063, 6112, 6408, 6819, 6850]@{}
http://www.comp.hkbu.edu.hk/v1/?page=job_vacancies?=sc?=tc?=tc?=tc@[500, 655, 690, 792, 795, 831, 903, 910, 1016, 1066, 1086, 1131, 1202, 1247, 1281, 1307, 1413, 1489, 1520, 1611, 1662, 1723, 1984, 2002, 2053, 2756, 2922, 4216, 4219, 4861, 4864, 4908, 5783, 5791, 5806, 5841, 5954, 5982, 6003, 6042, 6064, 6113, 6401, 6807, 6838]@{}
http://www.comp.hkbu.edu.hk/v1/?page=sitemap?=tc?=tc?=tc?=tc@[500, 655, 690, 792, 795, 831, 903, 910, 1016, 1066, 1086, 1131, 1202, 1247, 1281, 1307, 1413, 1489, 1520, 1611, 1662, 1723, 1984, 2002, 2053, 2756, 2922, 4215, 4218, 4849, 4852, 4896, 5771, 5779, 5794, 5829, 5942, 5970, 5991, 6030, 6052, 6101, 6402, 6825, 6856]@{}
http://www.comp.hkbu.edu.hk/v1/?page=sitemap?=sc?=tc?=tc?=tc@[500, 655, 690, 792, 795, 831, 903, 910, 1016, 1066, 1086, 1131, 1202, 1247, 1281, 1307, 1413, 1489, 1520, 1611, 1662, 1723, 1984, 2002, 2053, 2756, 2922, 4215, 4218, 4860, 4863, 4907, 5782, 5790, 5805, 5840, 5953, 5981, 6002, 6041, 6063, 6112, 6413, 6833, 6864]@{}
http://www.comp.hkbu.edu.hk/v1/?page=home?=tc?=tc@[500, 655, 690, 792, 795, 831, 903, 910, 1016, 1066, 1086, 1131, 1202, 1247, 1281, 1307, 1413, 1489, 1520, 1611, 1662, 1723, 1984, 2002, 2053, 2756, 2922, 4211, 4214, 4849, 4852, 4896, 5771, 5779, 5794, 5829, 5942, 5970, 5991, 6030, 6052, 6101, 6406, 6807, 6838]@{}
http://www.comp.hkbu.edu.hk/~alumni/news/../news/../news/../news/../news/@[651, 674, 5017]@{}
http://www.comp.hkbu.edu.hk/~alumni/news/../scholarship/../news/../news/../news/@[651, 674, 5017]@{}
http://www.comp.hkbu.edu.hk/~alumni/news/../donation/../news/../news/../news/@[651, 674, 5017]@{}
http://www.comp.hkbu.edu.hk/v1/?page=job_vacancies?=tc?=tc?=tc?=tc?=tc@[500, 655, 690, 792, 795, 831, 903, 910, 1016, 1066, 1086, 1131, 1202, 1247, 1281, 1307, 1413, 1489, 1520, 1611, 1662, 1723, 1984, 2002, 2053, 2756, 2922, 4218, 4221, 4863, 4866, 4910, 5785, 5793, 5808, 5843, 5956, 5984, 6005, 6044, 6066, 6115, 6410, 6814, 6845]@{}
http://www.comp.hkbu.edu.hk/v1/?page=job_vacancies?=sc?=tc?=tc?=tc?=tc@[500, 655, 690, 792, 795, 831, 903, 910, 1016, 1066, 1086, 1131, 1202, 1247, 1281, 1307, 1413, 1489, 1520, 1611, 1662, 1723, 1984, 2002, 2053, 2756, 2922, 4217, 4220, 4848, 4851, 4895, 5770, 5778, 5793, 5828, 5941, 5969, 5990, 6029, 6051, 6100, 6406, 6816, 6847]@{}
http://www.comp.hkbu.edu.hk/v1/?page=sitemap?=tc?=tc?=tc?=tc?=tc@[500, 655, 690, 792, 795, 831, 903, 910, 1016, 1066, 1086, 1131, 1202, 1247, 1281, 1307, 1413, 1489, 1520, 1611, 1662, 1723, 1984, 2002, 2053, 2756, 2922, 4218, 4221, 4856, 4859, 4903, 5778, 5786, 5801, 5836, 5949, 5977, 5998, 6037, 6059, 6108, 6406, 6836, 6867]@{}
http://www.comp.hkbu.edu.hk/v1/?page=sitemap?=sc?=tc?=tc?=tc?=tc@[500, 655, 690, 792, 795, 831, 903, 910, 1016, 1066, 1086, 1131, 1202, 1247, 1281, 1307, 1413, 1489, 1520, 1611, 1662, 1723, 1984, 2002, 2053, 2756, 2922, 4217, 4220, 4862, 4865, 4909, 5784, 5792, 5807, 5842, 5955, 5983, 6004, 6043, 6065, 6114, 6414, 6821, 6852]@{}
http://www.comp.hkbu.edu.hk/v1/?page=home?=tc?=tc?=tc@[500, 655, 690, 792, 795, 831, 903, 910, 1016, 1066, 1086, 1131, 1202, 1247, 1281, 1307, 1413, 1489, 1520, 1611, 1662, 1723, 1984, 2002, 2053, 2756, 2922, 4213, 4216, 4847, 4850, 4894, 5769, 5777, 5792, 5827, 5940, 5968, 5989, 6028, 6050, 6099, 6404, 6821, 6852]@{}
http://www.comp.hkbu.edu.hk/~alumni/news/../news/../news/../news/../news/../news/@[651, 674, 5017]@{}
http://www.comp.hkbu.edu.hk/~alumni/news/../scholarship/../news/../news/../news/../news/@[651, 674, 5017]@{}
http://www.comp.hkbu.edu.hk/~alumni/news/../donation/../news/../news/../news/../news/@[651, 674, 5017]@{}
http://www.comp.hkbu.edu.hk/v1/?page=job_vacancies@[203, 238, 340, 343, 379, 451, 458, 564, 614, 634, 679, 750, 795, 829, 855, 961, 1037, 1068, 1159, 1210, 1271, 1532, 1550, 1601, 2304, 2470, 3756, 3759, 4334, 4365]@{}
http://www.comp.hkbu.edu.hk/v1/?page=job_vacancies?=tc?=tc?=tc?=tc?=tc?=tc@[500, 655, 690, 792, 795, 831, 903, 910, 1016, 1066, 1086, 1131, 1202, 1247, 1281, 1307, 1413, 1489, 1520, 1611, 1662, 1723, 1984, 2002, 2053, 2756, 2922, 4220, 4223, 4851, 4854, 4898, 5773, 5781, 5796, 5831, 5944, 5972, 5993, 6032, 6054, 6103, 6404, 6811, 6842]@{}
http://www.comp.hkbu.edu.hk/v1/?page=job_vacancies?=sc?=tc?=tc?=tc?=tc?=tc@[500, 655, 690, 792, 795, 831, 903, 910, 1016, 1066, 1086, 1131, 1202, 1247, 1281, 1307, 1413, 1489, 1520, 1611, 1662, 1723, 1984, 2002, 2053, 2756, 2922, 4219, 4222, 4850, 4853, 4897, 5772, 5780, 5795, 5830, 5943, 5971, 5992, 6031, 6053, 6102, 6412, 6838, 6869]@{}
http://www.comp.hkbu.edu.hk/v1/?page=sitemap?=tc?=tc?=tc?=tc?=tc?=tc@[500, 655, 690, 792, 795, 831, 903, 910, 1016, 1066, 1086, 1131, 1202, 1247, 1281, 1307, 1413, 1489, 1520, 1611, 1662, 1723, 1984, 2002, 2053, 2756, 2922, 4219, 4222, 4854, 4857, 4901, 5776, 5784, 5799, 5834, 5947, 5975, 5996, 6035, 6057, 6106, 6401, 6828, 6859]@{}
http://www.comp.hkbu.edu.hk/v1/?page=sitemap?=sc?=tc?=tc?=tc?=tc?=tc@[500, 655, 690, 792, 795, 831, 903, 910, 1016, 1066, 1086, 1131, 1202, 1247, 1281, 1307, 1413, 1489, 1520, 1611, 1662, 1723, 1984, 2002, 2053, 2756, 2922, 4220, 4223, 4872, 4875, 4919, 5794, 5802, 5817, 5852, 5965, 5993, 6014, 6053, 6075, 6124, 6420, 6838, 6869]@{}
http://www.comp.hkbu.edu.hk/v1/?page=home?=tc?=tc?=tc?=tc@[500, 655, 690, 792, 795, 831, 903, 910, 1016, 1066, 1086, 1131, 1202, 1247, 1281, 1307, 1413, 1489, 1520, 1611, 1662, 1723, 1984, 2002, 2053, 2756, 2922, 4216, 4219, 4853, 4856, 4900, 5775, 5783, 5798, 5833, 5946, 5974, 5995, 6034, 6056, 6105, 6402, 6822, 6853]@{}
http://www.comp.hkbu.edu.hk/~alumni/news/../news/../news/../news/../news/../news/../news/@[651, 674, 5017]@{}
http://www.comp.hkbu.edu.hk/~alumni/news/../scholarship/../news/../news/../news/../news/../news/@[651, 674, 5017]@{}
http://www.comp.hkbu.edu.hk/~alumni/news/../donation/../news/../news/../news/../news/../news/@[651, 674, 5017]@{}
http://www.comp.hkbu.edu.hk/v1/?page=job_vacancies?=tc?=tc?=tc?=tc?=tc?=tc?=tc@[500, 655, 690, 792, 795, 831, 903, 910, 1016, 1066, 1086, 1131, 1202, 1247, 1281, 1307, 1413, 1489, 1520, 1611, 1662, 1723, 1984, 2002, 2053, 2756, 2922, 4222, 4225, 4855, 4858, 4902, 5777, 5785, 5800, 5835, 5948, 5976, 5997, 6036, 6058, 6107, 6400, 6810, 6841]@{}
http://www.comp.hkbu.edu.hk/v1/?page=job_vacancies?=sc?=tc?=tc?=tc?=tc?=tc?=tc@[500, 655, 690, 792, 795, 831, 903, 910, 1016, 1066, 1086, 1131, 1202, 1247, 1281, 1307, 1413, 1489, 1520, 1611, 1662, 1723, 1984, 2002, 2053, 2756, 2922, 4222, 4225, 4852, 4855, 4899, 5774, 5782, 5797, 5832, 5945, 5973, 5994, 6033, 6055, 6104, 6400, 6830, 6861]@{}
http://www.comp.hkbu.edu.hk/v1/?page=sitemap?=tc?=tc?=tc?=tc?=tc?=tc?=tc@[500, 655, 690, 792, 795, 831, 903, 910, 1016, 1066, 1086, 1131, 1202, 1247, 1281, 1307, 1413, 1489, 1520, 1611, 1662, 1723, 1984, 2002, 2053, 2756, 2922, 4221, 4224, 4854, 4857, 4901, 5776, 5784, 5799, 5834, 5947, 5975, 5996, 6035, 6057, 6106, 6397, 6810, 6841]@{}
http://www.comp.hkbu.edu.hk/v1/?page=sitemap?=sc?=tc?=tc?=tc?=tc?=tc?=tc@[500, 655, 690, 792, 795, 831, 903, 910, 1016, 1066, 1086, 1131, 1202, 1247, 1281, 1307, 1413, 1489, 1520, 1611, 1662, 1723, 1984, 2002, 2053, 2756, 2922, 4221, 4224, 4856, 4859, 4903, 5778, 5786, 5801, 5836, 5949, 5977, 5998, 6037, 6059, 6108, 6412, 6831, 6862]@{}
http://www.comp.hkbu.edu.hk/v1/?page=home?=tc?=tc?=tc?=tc?=tc@[500, 655, 690, 792, 795, 831, 903, 910, 1016, 1066, 1086, 1131, 1202, 1247, 1281, 1307, 1413, 1489, 1520, 1611, 1662, 1723, 1984, 2002, 2053, 2756, 2922, 4218, 4221, 4856, 4859, 4903, 5778, 5786, 5801, 5836, 5949, 5977, 5998, 6037, 6059, 6108, 6406, 6835, 6866]@{}
http://www.comp.hkbu.edu.hk/~alumni/news/../news/../news/../news/../news/../news/../news/../news/@[651, 674, 5017]@{}
http://www.comp.hkbu.edu.hk/~alumni/news/../scholarship/../news/../news/../news/../news/../news/../news/@[651, 674, 5017]@{}
http://www.comp.hkbu.edu.hk/~alumni/news/../donation/../news/../news/../news/../news/../news/../news/@[651, 674, 5017]@{}
http://www.comp.hkbu.edu.hk/v1/?page=job_vacancies?=tc?=tc?=tc?=tc?=tc?=tc?=tc?=tc@[500, 655, 690, 792, 795, 831, 903, 910, 1016, 1066, 1086, 1131, 1202, 1247, 1281, 1307, 1413, 1489, 1520, 1611, 1662, 1723, 1984, 2002, 2053, 2756, 2922, 4224, 4227, 4871, 4874, 4918, 5793, 5801, 5816, 5851, 5964, 5992, 6013, 6052, 6074, 6123, 6420, 6853, 6884]@{}
http://www.comp.hkbu.edu.hk/v1/?page=job_vacancies?=sc?=tc?=tc?=tc?=tc?=tc?=tc?=tc@[500, 655, 690, 792, 795, 831, 903, 910, 1016, 1066, 1086, 1131, 1202, 1247, 1281, 1307, 1413, 1489, 1520, 1611, 1662, 1723, 1984, 2002, 2053, 2756, 2922, 4224, 4227, 4855, 4858, 4902, 5777, 5785, 5800, 5835, 5948, 5976, 5997, 6036, 6058, 6107, 6416, 6832, 6863]@{}
http://www.comp.hkbu.edu.hk/v1/?page=sitemap?=tc?=tc?=tc?=tc?=tc?=tc?=tc?=tc@[500, 655, 690, 792, 795, 831, 903, 910, 1016, 1066, 1086, 1131, 1202, 1247, 1281, 1307, 1413, 1489, 1520, 1611, 1662, 1723, 1984, 2002, 2053, 2756, 2922, 4224, 4227, 4858, 4861, 4905, 5780, 5788, 5803, 5838, 5951, 5979, 6000, 6039, 6061, 6110, 6401, 6823, 6854]@{}
http://www.comp.hkbu.edu.hk/v1/?page=sitemap?=sc?=tc?=tc?=tc?=tc?=tc?=tc?=tc@[500, 655, 690, 792, 795, 831, 903, 910, 1016, 1066, 1086, 1131, 1202, 1247, 1281, 1307, 1413, 1489, 1520, 1611, 1662, 1723, 1984, 2002, 2053, 2756, 2922, 4224, 4227, 4872, 4875, 4919, 5794, 5802, 5817, 5852, 5965, 5993, 6014, 6053, 6075, 6124, 6427, 6831, 6862]@{}
http://www.comp.hkbu.edu.hk/v1/?page=sitemap@[201, 236, 338, 341, 377, 449, 456, 562, 612, 632, 677, 748, 793, 827, 853, 959, 1035, 1066, 1157, 1208, 1269, 1530, 1548, 1599, 2302, 2468, 3753, 3756, 5694, 5725]@{}
http://www.comp.hkbu.edu.hk/v1/?page=home?=tc?=tc?=tc?=tc?=tc?=tc@[500, 655, 690, 792, 795, 831, 903, 910, 1016, 1066, 1086, 1131, 1202, 1247, 1281, 1307, 1413, 1489, 1520, 1611, 1662, 1723, 1984, 2002, 2053, 2756, 2922, 4219, 4222, 4857, 4860, 4904, 5779, 5787, 5802, 5837, 5950, 5978, 5999, 6038, 6060, 6109, 6413, 6831, 6862]@{}
http://www.comp.hkbu.edu.hk/~alumni/news/../news/../news/../news/../news/../news/../news/../news/../news/@[651, 674, 5017]@{}
http://www.comp.hkbu.edu.hk/~alumni/news/../scholarship/../news/../news/../news/../news/../news/../news/../news/@[651, 674, 5017]@{}
http://www.comp.hkbu.edu.hk/~alumni/news/../donation/../news/../news/../news/../news/../news/../news/../news/@[651, 674, 5017]@{}
http://www.comp.hkbu.edu.hk/v1/?page=job_vacancies?=tc?=tc?=tc?=tc?=tc?=tc?=tc?=tc?=tc@[500, 655, 690, 792, 795, 831, 903, 910, 1016, 1066, 1086, 1131, 1202, 1247, 1281, 1307, 1413, 1489, 1520, 1611, 1662, 1723, 1984, 2002, 2053, 2756, 2922, 4226, 4229, 4871, 4874, 4918, 5793, 5801, 5816, 5851, 5964, 5992, 6013, 6052, 6074, 6123, 6419, 6827, 6858]@{}
http://www.comp.hkbu.edu.hk/v1/?page=job_vacancies?=sc?=tc?=tc?=tc?=tc?=tc?=tc?=tc?=tc@[500, 655, 690, 792, 795, 831, 903, 910, 1016, 1066, 1086, 1131, 1202, 1247, 1281, 1307, 1413, 1489, 1520, 1611, 1662, 1723, 1984, 2002, 2053, 2756, 2922, 4226, 4229, 4870, 4873, 4917, 5792, 5800, 5815, 5850, 5963, 5991, 6012, 6051, 6073, 6122, 6423, 6839, 6870]@{}
http://www.comp.hkbu.edu.hk/v1/?page=sitemap?=tc?=tc?=tc?=tc?=tc?=tc?=tc?=tc?=tc@[500, 655, 690, 792, 795, 831, 903, 910, 1016, 1066, 1086, 1131, 1202, 1247, 1281, 1307, 1413, 1489, 1520, 1611, 1662, 1723, 1984, 2002, 2053, 2756, 2922, 4225, 4228, 4855, 4858, 4902, 5777, 5785, 5800, 5835, 5948, 5976, 5997, 6036, 6058, 6107, 6401, 6807, 6838]@{}
http://www.comp.hkbu.edu.hk/v1/?page=sitemap?=sc?=tc?=tc?=tc?=tc?=tc?=tc?=tc?=tc@[500, 655, 690, 792, 795, 831, 903, 910, 1016, 1066, 1086, 1131, 1202, 1247, 1281, 1307, 1413, 1489, 1520, 1611, 1662, 1723, 1984, 2002, 2053, 2756, 2922, 4225, 4228, 4873, 4876, 4920, 5795, 5803, 5818, 5853, 5966, 5994, 6015, 6054, 6076, 6125, 6425, 6833, 6864]@{}
http://www.comp.hkbu.edu.hk/v1/?lang=tc@[500, 655, 690, 792, 795, 831, 903, 910, 1016, 1066, 1086, 1131, 1202, 1247, 1281, 1307, 1413, 1489, 1520, 1611, 1662, 1723, 1984, 2002, 2053, 2756, 2922, 4203, 4206, 4855, 4858, 4902, 5777, 5785, 5800, 5835, 5948, 5976, 5997, 6036, 6058, 6107, 6413, 6835, 6866]@{}
http://www.comp.hkbu.edu.hk/~alumni/news/@[651, 674, 5017]@{}
http://www.sci.hkbu.edu.hk/eng/page/?page=prospective-students@[639, 814, 1081, 1146, 1231, 1380, 1474, 1551, 1681, 1758, 1872, 1936, 1988, 2013, 2042, 2378, 2391, 2432, 2444, 2452, 2481, 2493, 2501, 2526, 2538, 2546, 2566, 2578, 2586, 2623, 2635, 2643, 2665, 2677, 2685, 2706, 2718, 2726, 2744, 2756, 2764, 2796, 2808, 2816, 2847, 2859, 2867, 2901, 2913, 2921, 2969, 2981, 2989, 3096, 3108, 3116, 3461, 3551]@{}
http://www.sci.hkbu.edu.hk/eng/page/?page=current-students@[639, 814, 1081, 1146, 1231, 1380, 1474, 1551, 1681, 1758, 1872, 1936, 1988, 2013, 2042, 2384, 2401, 2472, 2532, 2723, 2737, 2763, 2789, 2822, 2835, 2861, 2906, 2921, 3117, 3207]@{}
http://www.sci.hkbu.edu.hk/eng/page/@[639, 814, 1081, 1146, 1231, 1380, 1474, 1551, 1681, 1758, 1872, 1936, 1988, 2013, 2042, 2490, 2520, 3220, 3310]@{}
http://www.sci.hkbu.edu.hk/eng/about-us/honorary-doctorate@[639, 814, 1081, 1146, 1231, 1380, 1474, 1551, 1681, 1758, 1872, 1936, 1988, 2013, 2042, 2367, 2417, 2437, 2448, 2472, 2483, 2513, 2524, 2546, 2646, 2658, 2722, 2790, 2802, 2869, 2881, 2950, 2962, 3029, 3041, 3109, 3121, 3188, 3200, 3267, 3279, 3751, 3841]@{}
http://www.sci.hkbu.edu.hk/eng/about-us/distinguished-professorship/eng/page/?page=prospective-students@[639, 814, 1081, 1146, 1231, 1380, 1474, 1551, 1681, 1758, 1872, 1936, 1988, 2013, 2042, 2585, 2615, 2644, 2673, 2702, 2757, 2786, 2912, 2932, 2951, 2965, 2975, 2991, 3021, 3102, 3174, 3247, 3324, 3396, 3470, 3542, 3609, 3681, 3757, 3854, 3980, 4000, 4019, 4033, 4043, 4059, 4087, 4285, 4288, 4304, 5263, 5297, 5331, 5365, 5399, 6782, 6786, 6917, 7011, 7107, 7623, 7916, 8006]@{}
http://www.sci.hkbu.edu.hk/eng/about-us/honorary-doctorate/eng/page/?page=prospective-students@[639, 814, 1081, 1146, 1231, 1380, 1474, 1551, 1681, 1758, 1872, 1936, 1988, 2013, 2042, 2585, 2615, 2644, 2673, 2702, 2757, 2786, 2912, 2932, 2951, 2965, 2975, 2991, 3021, 3102, 3174, 3247, 3324, 3396, 3470, 3542, 3609, 3681, 3757, 3854, 3980, 4000, 4019, 4033, 4043, 4059, 4087, 4285, 4288, 4304, 5263, 5297, 5331, 5365, 5399, 6782, 6786, 6917, 7011, 7107, 7623, 7916, 8006]@{}
http://www.sci.hkbu.edu.hk/eng/about-us/distinguished-professor-of-science@[639, 814, 1081, 1146, 1231, 1380, 1474, 1551, 1681, 1758, 1872, 1936, 1988, 2013, 2042, 2367, 2417, 2437, 2448, 2472, 2483, 2513, 2524, 2546, 2720, 2736, 2822, 2907, 2922, 3000, 3076, 3091, 3171, 3254, 3269, 3345, 3567, 3657]@{}
http://www.sci.hkbu.edu.hk/eng/about-us/dr-kennedy-wong-distinguished-visiting-professorship-scheme@[639, 814, 1081, 1146, 1231, 1380, 1474, 1551, 1681, 1758, 1872, 1936, 1988, 2013, 2042, 2367, 2417, 2437, 2448, 2472, 2483, 2513, 2524, 2546, 2655, 2670, 2767, 2782, 2876, 2891, 2976, 2991, 3236, 3326]@{}
http://www.sci.hkbu.edu.hk/eng/about-us/distinguished-professor-of-science/eng/page/?page=prospective-students@[639, 814, 1081, 1146, 1231, 1380, 1474, 1551, 1681, 1758, 1872, 1936, 1988, 2013, 2042, 2585, 2615, 2644, 2673, 2702, 2757, 2786, 2912, 2932, 2951, 2965, 2975, 2991, 3021, 3102, 3174, 3247, 3324, 3396, 3470, 3542, 3609, 3681, 3757, 3854, 3980, 4000, 4019, 4033, 4043, 4059, 4087, 4285, 4288, 4304, 5263, 5297, 5331, 5365, 5399, 6782, 6786, 6917, 7011, 7107, 7623, 7916, 8006]@{}
http://www.sci.hkbu.edu.hk/eng/about-us/dr-kennedy-wong-distinguished-visiting-professorship-scheme/eng/page/?page=prospective-students@[639, 814, 1081, 1146, 1231, 1380, 1474, 1551, 1681, 1758, 1872, 1936, 1988, 2013, 2042, 2585, 2615, 2644, 2673, 2702, 2757, 2786, 2912, 2932, 2951, 2965, 2975, 2991, 3021, 3102, 3174, 3247, 3324, 3396, 3470, 3542, 3609, 3681, 3757, 3854, 3980, 4000, 4019, 4033, 4043, 4059, 4087, 4285, 4288, 4304, 5263, 5297, 5331, 5365, 5399, 6782, 6786, 6917, 7011, 7107, 7623, 7916, 8006]@{}
http://www.sci.hkbu.edu.hk/eng/page/eng/about-us/vision-mission@[639, 814, 1081, 1146, 1231, 1380, 1474, 1551, 1681, 1758, 1872, 1936, 1988, 2013, 2042, 2585, 2615, 2644, 2673, 2702, 2757, 2786, 2912, 2932, 2951, 2965, 2975, 2991, 3021, 3102, 3174, 3247, 3324, 3396, 3470, 3542, 3609, 3681, 3757, 3854, 3980, 4000, 4019, 4033, 4043, 4059, 4087, 4285, 4288, 4304, 5263, 5297, 5331, 5365, 5399, 6782, 6786, 6917, 7011, 7107, 7623, 7916, 8006]@{}
http://www.sci.hkbu.edu.hk/eng/page/eng/about-us/faculty-advisory-committee@[639, 814, 1081, 1146, 1231, 1380, 1474, 1551, 1681, 1758, 1872, 1936, 1988, 2013, 2042, 2585, 2615, 2644, 2673, 2702, 2757, 2786, 2912, 2932, 2951, 2965, 2975, 2991, 3021, 3102, 3174, 3247, 3324, 3396, 3470, 3542, 3609, 3681, 3757, 3854, 3980, 4000, 4019, 4033, 4043, 4059, 4087, 4285, 4288, 4304, 5263, 5297, 5331, 5365, 5399, 6782, 6786, 6917, 7011, 7107, 7623, 7916, 8006]@{}
http://www.sci.hkbu.edu.hk/eng@[639, 814, 1081, 1146, 1231, 1380, 1474, 1551, 1681, 1758, 1872, 1936, 1988, 2013, 2042, 2585, 2615, 2644, 2673, 2702, 2757, 2786, 2912, 2932, 2951, 2965, 2975, 2991, 3021, 3102, 3174, 3247, 3324, 3396, 3470, 3542, 3609, 3681, 3757, 3854, 3980, 4000, 4019, 4033, 4043, 4059, 4087, 4285, 4288, 4304, 5263, 5297, 5331, 5365, 5399, 6782, 6786, 6917, 7011, 7107, 7623, 7916, 8006]@{}
http://www.sci.hkbu.edu.hk/eng/about-us/vision-mission@[639, 814, 1081, 1146, 1231, 1380, 1474, 1551, 1681, 1758, 1872, 1936, 1988, 2013, 2042, 2367, 2417, 2437, 2448, 2472, 2483, 2513, 2524, 2546, 2654, 2667, 2682, 2688, 2731, 2741, 2754, 2771, 2776, 2786, 2792, 2822, 2827, 2836, 2842, 2871, 2876, 2887, 2908, 3140, 3230]@{}
http://www.sci.hkbu.edu.hk/eng/about-us/faculty-advisory-committee@[639, 814, 1081, 1146, 1231, 1380, 1474, 1551, 1681, 1758, 1872, 1936, 1988, 2013, 2042, 2367, 2417, 2437, 2448, 2472, 2483, 2513, 2524, 2546, 2711, 2798, 2874, 3894, 3984]@{}
http://www.sci.hkbu.edu.hk/eng/about-us/vision-mission/eng/page/?page=prospective-students@[639, 814, 1081, 1146, 1231, 1380, 1474, 1551, 1681, 1758, 1872, 1936, 1988, 2013, 2042, 2585, 2615, 2644, 2673, 2702, 2757, 2786, 2912, 2932, 2951, 2965, 2975, 2991, 3021, 3102, 3174, 3247, 3324, 3396, 3470, 3542, 3609, 3681, 3757, 3854, 3980, 4000, 4019, 4033, 4043, 4059, 4087, 4285, 4288, 4304, 5263, 5297, 5331, 5365, 5399, 6782, 6786, 6917, 7011, 7107, 7623, 7916, 8006]@{}
http://www.sci.hkbu.edu.hk/eng/about-us/faculty-advisory-committee/eng/page/?page=prospective-students@[639, 814, 1081, 1146, 1231, 1380, 1474, 1551, 1681, 1758, 1872, 1936, 1988, 2013, 2042, 2585, 2615, 2644, 2673, 2702, 2757, 2786, 2912, 2932, 2951, 2965, 2975, 2991, 3021, 3102, 3174, 3247, 3324, 3396, 3470, 3542, 3609, 3681, 3757, 3854, 3980, 4000, 4019, 4033, 4043, 4059, 4087, 4285, 4288, 4304, 5263, 5297, 5331, 5365, 5399, 6782, 6786, 6917, 7011, 7107, 7623, 7916, 8006]@{}
http://www.sci.hkbu.edu.hk/eng/about-us/distinguished-professorship@[639, 814, 1081, 1146, 1231, 1380, 1474, 1551, 1681, 1758, 1872, 1936, 1988, 2013, 2042, 2367, 2417, 2437, 2448, 2472, 2483, 2513, 2524, 2546, 2785, 2875]@{}
