http://www.comp.hkbu.edu.hk@[2024, 2027, 2034, 2037, 3027, 3077, 3128, 3176, 3223, 3271, 3321, 4313, 4357, 4399, 4443, 4486]@{}
http://www.comp.hkbu.edu.hk/v1/?page=job_vacancies?=tc@[2024, 2027, 2034, 2037, 3033, 3083, 3134, 3182, 3229, 3277, 3327, 4319, 4363, 4405, 4449, 4492]@{}
http://www.comp.hkbu.edu.hk/v1/?page=job_vacancies?=sc@[2024, 2027, 2034, 2037, 3033, 3083, 3134, 3182, 3229, 3277, 3327, 4319, 4363, 4405, 4449, 4492]@{}
http://www.comp.hkbu.edu.hk/v1/?page=sitemap?=tc@[2024, 2027, 2034, 2037, 3033, 3083, 3134, 3182, 3229, 3277, 3327, 4318, 4362, 4404, 4448, 4491]@{}
http://www.comp.hkbu.edu.hk/v1/?page=sitemap?=sc@[2024, 2027, 2034, 2037, 3033, 3083, 3134, 3182, 3229, 3277, 3327, 4318, 4362, 4404, 4448, 4491]@{}
http://www.comp.hkbu.edu.hk/v1/?lang=sc@[2024, 2027, 2034, 2037, 3027, 3077, 3128, 3176, 3223, 3271, 3321, 4313, 4357, 4399, 4443, 4486]@{}
http://www.comp.hkbu.edu.hk/v1/?page=job_vacancies?=tc?=tc@[2024, 2027, 2034, 2037, 3035, 3085, 3136, 3184, 3231, 3279, 3329, 4320, 4364, 4406, 4450, 4493]@{}
http://www.comp.hkbu.edu.hk/v1/?page=job_vacancies?=sc?=tc@[2024, 2027, 2034, 2037, 3035, 3085, 3136, 3184, 3231, 3279, 3329, 4320, 4364, 4406, 4450, 4493]@{}
http://www.comp.hkbu.edu.hk/v1/?page=sitemap?=tc?=tc@[2024, 2027, 2034, 2037, 3035, 3085, 3136, 3184, 3231, 3279, 3329, 4320, 4364, 4406, 4450, 4493]@{}
http://www.comp.hkbu.edu.hk/v1/?page=sitemap?=sc?=tc@[2024, 2027, 2034, 2037, 3035, 3085, 3136, 3184, 3231, 3279, 3329, 4320, 4364, 4406, 4450, 4493]@{}
http://www.comp.hkbu.edu.hk/v1/?page=home@[2024, 2027, 2034, 2037, 3031, 3081, 3132, 3180, 3227, 3275, 3325, 4316, 4360, 4402, 4446, 4489]@{}
http://www.comp.hkbu.edu.hk/v1/?page=job_vacancies?=tc?=tc?=tc@[2024, 2027, 2034, 2037, 3037, 3087, 3138, 3186, 3233, 3281, 3331, 4323, 4367, 4409, 4453, 4496]@{}
http://www.comp.hkbu.edu.hk/v1/?page=job_vacancies?=sc?=tc?=tc@[2024, 2027, 2034, 2037, 3037, 3087, 3138, 3186, 3233, 3281, 3331, 4322, 4366, 4408, 4452, 4495]@{}
http://www.comp.hkbu.edu.hk/v1/?page=sitemap?=tc?=tc?=tc@[2024, 2027, 2034, 2037, 3037, 3087, 3138, 3186, 3233, 3281, 3331, 4323, 4367, 4409, 4453, 4496]@{}
http://www.comp.hkbu.edu.hk/v1/?page=sitemap?=sc?=tc?=tc@[2024, 2027, 2034, 2037, 3037, 3087, 3138, 3186, 3233, 3281, 3331, 4323, 4367, 4409, 4453, 4496]@{}
http://www.comp.hkbu.edu.hk/v1/?page=home?=tc@[2024, 2027, 2034, 2037, 3033, 3083, 3134, 3182, 3229, 3277, 3327, 4318, 4362, 4404, 4448, 4491]@{}
http://www.comp.hkbu.edu.hk/v1/?page=job_vacancies?=tc?=tc?=tc?=tc@[2024, 2027, 2034, 2037, 3039, 3089, 3140, 3188, 3235, 3283, 3333, 4325, 4369, 4411, 4455, 4498]@{}
http://www.comp.hkbu.edu.hk/v1/?page=job_vacancies?=sc?=tc?=tc?=tc@[2024, 2027, 2034, 2037, 3039, 3089, 3140, 3188, 3235, 3283, 3333, 4325, 4369, 4411, 4455, 4498]@{}
http://www.comp.hkbu.edu.hk/v1/?page=sitemap?=tc?=tc?=tc?=tc@[2024, 2027, 2034, 2037, 3039, 3089, 3140, 3188, 3235, 3283, 3333, 4324, 4368, 4410, 4454, 4497]@{}
http://www.comp.hkbu.edu.hk/v1/?page=sitemap?=sc?=tc?=tc?=tc@[2024, 2027, 2034, 2037, 3039, 3089, 3140, 3188, 3235, 3283, 3333, 4324, 4368, 4410, 4454, 4497]@{}
http://www.comp.hkbu.edu.hk/v1/?page=home?=tc?=tc@[2024, 2027, 2034, 2037, 3035, 3085, 3136, 3184, 3231, 3279, 3329, 4320, 4364, 4406, 4450, 4493]@{}
http://www.comp.hkbu.edu.hk/v1/?page=job_vacancies?=tc?=tc?=tc?=tc?=tc@[2024, 2027, 2034, 2037, 3041, 3091, 3142, 3190, 3237, 3285, 3335, 4327, 4371, 4413, 4457, 4500]@{}
http://www.comp.hkbu.edu.hk/v1/?page=job_vacancies?=sc?=tc?=tc?=tc?=tc@[2024, 2027, 2034, 2037, 3041, 3091, 3142, 3190, 3237, 3285, 3335, 4326, 4370, 4412, 4456, 4499]@{}
http://www.comp.hkbu.edu.hk/v1/?page=sitemap?=tc?=tc?=tc?=tc?=tc@[2024, 2027, 2034, 2037, 3041, 3091, 3142, 3190, 3237, 3285, 3335, 4327, 4371, 4413, 4457, 4500]@{}
http://www.comp.hkbu.edu.hk/v1/?page=sitemap?=sc?=tc?=tc?=tc?=tc@[2024, 2027, 2034, 2037, 3041, 3091, 3142, 3190, 3237, 3285, 3335, 4326, 4370, 4412, 4456, 4499]@{}
http://www.comp.hkbu.edu.hk/v1/?page=home?=tc?=tc?=tc@[2024, 2027, 2034, 2037, 3037, 3087, 3138, 3186, 3233, 3281, 3331, 4322, 4366, 4408, 4452, 4495]@{}
http://www.comp.hkbu.edu.hk/v1/?page=job_vacancies@[1572, 1575, 1582, 1585, 2579, 2629, 2680, 2728, 2775, 2823, 2873, 3865, 3909, 3951, 3995, 4038]@{}
http://www.comp.hkbu.edu.hk/v1/?page=job_vacancies?=tc?=tc?=tc?=tc?=tc?=tc@[2024, 2027, 2034, 2037, 3043, 3093, 3144, 3192, 3239, 3287, 3337, 4329, 4373, 4415, 4459, 4502]@{}
http://www.comp.hkbu.edu.hk/v1/?page=job_vacancies?=sc?=tc?=tc?=tc?=tc?=tc@[2024, 2027, 2034, 2037, 3043, 3093, 3144, 3192, 3239, 3287, 3337, 4328, 4372, 4414, 4458, 4501]@{}
http://www.comp.hkbu.edu.hk/v1/?page=sitemap?=tc?=tc?=tc?=tc?=tc?=tc@[2024, 2027, 2034, 2037, 3043, 3093, 3144, 3192, 3239, 3287, 3337, 4328, 4372, 4414, 4458, 4501]@{}
http://www.comp.hkbu.edu.hk/v1/?page=sitemap?=sc?=tc?=tc?=tc?=tc?=tc@[2024, 2027, 2034, 2037, 3043, 3093, 3144, 3192, 3239, 3287, 3337, 4329, 4373, 4415, 4459, 4502]@{}
http://www.comp.hkbu.edu.hk/v1/?page=home?=tc?=tc?=tc?=tc@[2024, 2027, 2034, 2037, 3039, 3089, 3140, 3188, 3235, 3283, 3333, 4325, 4369, 4411, 4455, 4498]@{}
http://www.comp.hkbu.edu.hk/v1/?page=job_vacancies?=tc?=tc?=tc?=tc?=tc?=tc?=tc@[2024, 2027, 2034, 2037, 3045, 3095, 3146, 3194, 3241, 3289, 3339, 4331, 4375, 4417, 4461, 4504]@{}
http://www.comp.hkbu.edu.hk/v1/?page=job_vacancies?=sc?=tc?=tc?=tc?=tc?=tc?=tc@[2024, 2027, 2034, 2037, 3045, 3095, 3146, 3194, 3241, 3289, 3339, 4331, 4375, 4417, 4461, 4504]@{}
http://www.comp.hkbu.edu.hk/v1/?page=sitemap?=tc?=tc?=tc?=tc?=tc?=tc?=tc@[2024, 2027, 2034, 2037, 3045, 3095, 3146, 3194, 3241, 3289, 3339, 4330, 4374, 4416, 4460, 4503]@{}
http://www.comp.hkbu.edu.hk/v1/?page=sitemap?=sc?=tc?=tc?=tc?=tc?=tc?=tc@[2024, 2027, 2034, 2037, 3045, 3095, 3146, 3194, 3241, 3289, 3339, 4330, 4374, 4416, 4460, 4503]@{}
http://www.comp.hkbu.edu.hk/v1/?page=home?=tc?=tc?=tc?=tc?=tc@[2024, 2027, 2034, 2037, 3041, 3091, 3142, 3190, 3237, 3285, 3335, 4327, 4371, 4413, 4457, 4500]@{}
http://www.comp.hkbu.edu.hk/v1/?page=job_vacancies?=tc?=tc?=tc?=tc?=tc?=tc?=tc?=tc@[2024, 2027, 2034, 2037, 3047, 3097, 3148, 3196, 3243, 3291, 3341, 4333, 4377, 4419, 4463, 4506]@{}
http://www.comp.hkbu.edu.hk/v1/?page=job_vacancies?=sc?=tc?=tc?=tc?=tc?=tc?=tc?=tc@[2024, 2027, 2034, 2037, 3047, 3097, 3148, 3196, 3243, 3291, 3341, 4333, 4377, 4419, 4463, 4506]@{}
http://www.comp.hkbu.edu.hk/v1/?page=sitemap?=tc?=tc?=tc?=tc?=tc?=tc?=tc?=tc@[2024, 2027, 2034, 2037, 3047, 3097, 3148, 3196, 3243, 3291, 3341, 4333, 4377, 4419, 4463, 4506]@{}
http://www.comp.hkbu.edu.hk/v1/?page=sitemap?=sc?=tc?=tc?=tc?=tc?=tc?=tc?=tc@[2024, 2027, 2034, 2037, 3047, 3097, 3148, 3196, 3243, 3291, 3341, 4333, 4377, 4419, 4463, 4506]@{}
http://www.comp.hkbu.edu.hk/v1/?page=sitemap@[1570, 1573, 1580, 1583, 2577, 2627, 2678, 2726, 2773, 2821, 2871, 3862, 3906, 3948, 3992, 4035]@{}
http://www.comp.hkbu.edu.hk/v1/?page=home?=tc?=tc?=tc?=tc?=tc?=tc@[2024, 2027, 2034, 2037, 3043, 3093, 3144, 3192, 3239, 3287, 3337, 4328, 4372, 4414, 4458, 4501]@{}
http://www.comp.hkbu.edu.hk/v1/?page=job_vacancies?=tc?=tc?=tc?=tc?=tc?=tc?=tc?=tc?=tc@[2024, 2027, 2034, 2037, 3049, 3099, 3150, 3198, 3245, 3293, 3343, 4335, 4379, 4421, 4465, 4508]@{}
http://www.comp.hkbu.edu.hk/v1/?page=job_vacancies?=sc?=tc?=tc?=tc?=tc?=tc?=tc?=tc?=tc@[2024, 2027, 2034, 2037, 3049, 3099, 3150, 3198, 3245, 3293, 3343, 4335, 4379, 4421, 4465, 4508]@{}
http://www.comp.hkbu.edu.hk/v1/?page=sitemap?=tc?=tc?=tc?=tc?=tc?=tc?=tc?=tc?=tc@[2024, 2027, 2034, 2037, 3049, 3099, 3150, 3198, 3245, 3293, 3343, 4334, 4378, 4420, 4464, 4507]@{}
http://www.comp.hkbu.edu.hk/v1/?page=sitemap?=sc?=tc?=tc?=tc?=tc?=tc?=tc?=tc?=tc@[2024, 2027, 2034, 2037, 3049, 3099, 3150, 3198, 3245, 3293, 3343, 4334, 4378, 4420, 4464, 4507]@{}
http://www.comp.hkbu.edu.hk/v1/?lang=tc@[2024, 2027, 2034, 2037, 3027, 3077, 3128, 3176, 3223, 3271, 3321, 4312, 4356, 4398, 4442, 4485]@{}
