http://www.comp.hkbu.edu.hk@[857, 873, 875, 877, 887, 891, 894, 898, 905, 912, 916, 919, 923, 941, 944, 961, 966, 983, 990, 997, 1018, 1027, 1036, 1045, 1068, 1073, 1077, 1082, 1091, 1110, 1115, 1120, 1127, 1136, 1159, 1165, 1170, 1176, 1179, 1204, 1210, 1215, 1222, 1225, 1249, 1254, 1259, 1266, 1292, 1318, 1322, 1340, 1346, 1351, 1358, 1376, 1396, 1402, 1405, 1416, 1428, 1434, 1439, 1446, 1464, 1477, 1482, 1490, 1497, 1509, 1523, 1527, 1536, 1542, 1550, 1563, 1567, 1576, 1582, 1590, 1603, 1618, 1628, 1640, 4886]@{}
http://www.comp.hkbu.edu.hk/v1/?page=job_vacancies?=tc@[857, 873, 875, 877, 887, 891, 894, 898, 905, 912, 916, 919, 923, 941, 944, 961, 966, 983, 990, 997, 1018, 1027, 1036, 1045, 1068, 1073, 1077, 1082, 1091, 1110, 1115, 1120, 1127, 1136, 1159, 1165, 1170, 1176, 1179, 1204, 1210, 1215, 1222, 1225, 1249, 1254, 1259, 1266, 1292, 1318, 1322, 1340, 1346, 1351, 1358, 1376, 1396, 1402, 1405, 1416, 1428, 1434, 1439, 1446, 1464, 1477, 1482, 1490, 1497, 1509, 1523, 1527, 1536, 1542, 1550, 1563, 1567, 1576, 1582, 1590, 1603, 1618, 1628, 1640, 4882]@{}
http://www.comp.hkbu.edu.hk/v1/?page=job_vacancies?=sc@[857, 873, 875, 877, 887, 891, 894, 898, 905, 912, 916, 919, 923, 941, 944, 961, 966, 983, 990, 997, 1018, 1027, 1036, 1045, 1068, 1073, 1077, 1082, 1091, 1110, 1115, 1120, 1127, 1136, 1159, 1165, 1170, 1176, 1179, 1204, 1210, 1215, 1222, 1225, 1249, 1254, 1259, 1266, 1292, 1318, 1322, 1340, 1346, 1351, 1358, 1376, 1396, 1402, 1405, 1416, 1428, 1434, 1439, 1446, 1464, 1477, 1482, 1490, 1497, 1509, 1523, 1527, 1536, 1542, 1550, 1563, 1567, 1576, 1582, 1590, 1603, 1618, 1628, 1640, 4882]@{}
http://www.comp.hkbu.edu.hk/v1/?page=sitemap?=tc@[857, 873, 875, 877, 887, 891, 894, 898, 905, 912, 916, 919, 923, 941, 944, 961, 966, 983, 990, 997, 1018, 1027, 1036, 1045, 1068, 1073, 1077, 1082, 1091, 1110, 1115, 1120, 1127, 1136, 1159, 1165, 1170, 1176, 1179, 1204, 1210, 1215, 1222, 1225, 1249, 1254, 1259, 1266, 1292, 1318, 1322, 1340, 1346, 1351, 1358, 1376, 1396, 1402, 1405, 1416, 1428, 1434, 1439, 1446, 1464, 1477, 1482, 1490, 1497, 1509, 1523, 1527, 1536, 1542, 1550, 1563, 1567, 1576, 1582, 1590, 1603, 1618, 1628, 1640, 4878]@{}
http://www.comp.hkbu.edu.hk/v1/?page=sitemap?=sc@[857, 873, 875, 877, 887, 891, 894, 898, 905, 912, 916, 919, 923, 941, 944, 961, 966, 983, 990, 997, 1018, 1027, 1036, 1045, 1068, 1073, 1077, 1082, 1091, 1110, 1115, 1120, 1127, 1136, 1159, 1165, 1170, 1176, 1179, 1204, 1210, 1215, 1222, 1225, 1249, 1254, 1259, 1266, 1292, 1318, 1322, 1340, 1346, 1351, 1358, 1376, 1396, 1402, 1405, 1416, 1428, 1434, 1439, 1446, 1464, 1477, 1482, 1490, 1497, 1509, 1523, 1527, 1536, 1542, 1550, 1563, 1567, 1576, 1582, 1590, 1603, 1618, 1628, 1640, 4877]@{}
http://www.comp.hkbu.edu.hk/v1/?lang=sc@[857, 873, 875, 877, 887, 891, 894, 898, 905, 912, 916, 919, 923, 941, 944, 961, 966, 983, 990, 997, 1018, 1027, 1036, 1045, 1068, 1073, 1077, 1082, 1091, 1110, 1115, 1120, 1127, 1136, 1159, 1165, 1170, 1176, 1179, 1204, 1210, 1215, 1222, 1225, 1249, 1254, 1259, 1266, 1292, 1318, 1322, 1340, 1346, 1351, 1358, 1376, 1396, 1402, 1405, 1416, 1428, 1434, 1439, 1446, 1464, 1477, 1482, 1490, 1497, 1509, 1523, 1527, 1536, 1542, 1550, 1563, 1567, 1576, 1582, 1590, 1603, 1618, 1628, 1640, 4873]@{}
http://www.comp.hkbu.edu.hk/v1/?page=job_vacancies?=tc?=tc@[857, 873, 875, 877, 887, 891, 894, 898, 905, 912, 916, 919, 923, 941, 944, 961, 966, 983, 990, 997, 1018, 1027, 1036, 1045, 1068, 1073, 1077, 1082, 1091, 1110, 1115, 1120, 1127, 1136, 1159, 1165, 1170, 1176, 1179, 1204, 1210, 1215, 1222, 1225, 1249, 1254, 1259, 1266, 1292, 1318, 1322, 1340, 1346, 1351, 1358, 1376, 1396, 1402, 1405, 1416, 1428, 1434, 1439, 1446, 1464, 1477, 1482, 1490, 1497, 1509, 1523, 1527, 1536, 1542, 1550, 1563, 1567, 1576, 1582, 1590, 1603, 1618, 1628, 1640, 4879]@{}
http://www.comp.hkbu.edu.hk/v1/?page=job_vacancies?=sc?=tc@[857, 873, 875, 877, 887, 891, 894, 898, 905, 912, 916, 919, 923, 941, 944, 961, 966, 983, 990, 997, 1018, 1027, 1036, 1045, 1068, 1073, 1077, 1082, 1091, 1110, 1115, 1120, 1127, 1136, 1159, 1165, 1170, 1176, 1179, 1204, 1210, 1215, 1222, 1225, 1249, 1254, 1259, 1266, 1292, 1318, 1322, 1340, 1346, 1351, 1358, 1376, 1396, 1402, 1405, 1416, 1428, 1434, 1439, 1446, 1464, 1477, 1482, 1490, 1497, 1509, 1523, 1527, 1536, 1542, 1550, 1563, 1567, 1576, 1582, 1590, 1603, 1618, 1628, 1640, 4889]@{}
http://www.comp.hkbu.edu.hk/v1/?page=sitemap?=tc?=tc@[857, 873, 875, 877, 887, 891, 894, 898, 905, 912, 916, 919, 923, 941, 944, 961, 966, 983, 990, 997, 1018, 1027, 1036, 1045, 1068, 1073, 1077, 1082, 1091, 1110, 1115, 1120, 1127, 1136, 1159, 1165, 1170, 1176, 1179, 1204, 1210, 1215, 1222, 1225, 1249, 1254, 1259, 1266, 1292, 1318, 1322, 1340, 1346, 1351, 1358, 1376, 1396, 1402, 1405, 1416, 1428, 1434, 1439, 1446, 1464, 1477, 1482, 1490, 1497, 1509, 1523, 1527, 1536, 1542, 1550, 1563, 1567, 1576, 1582, 1590, 1603, 1618, 1628, 1640, 4879]@{}
http://www.comp.hkbu.edu.hk/v1/?page=sitemap?=sc?=tc@[857, 873, 875, 877, 887, 891, 894, 898, 905, 912, 916, 919, 923, 941, 944, 961, 966, 983, 990, 997, 1018, 1027, 1036, 1045, 1068, 1073, 1077, 1082, 1091, 1110, 1115, 1120, 1127, 1136, 1159, 1165, 1170, 1176, 1179, 1204, 1210, 1215, 1222, 1225, 1249, 1254, 1259, 1266, 1292, 1318, 1322, 1340, 1346, 1351, 1358, 1376, 1396, 1402, 1405, 1416, 1428, 1434, 1439, 1446, 1464, 1477, 1482, 1490, 1497, 1509, 1523, 1527, 1536, 1542, 1550, 1563, 1567, 1576, 1582, 1590, 1603, 1618, 1628, 1640, 4893]@{}
http://www.comp.hkbu.edu.hk/v1/?page=home@[857, 873, 875, 877, 887, 891, 894, 898, 905, 912, 916, 919, 923, 941, 944, 961, 966, 983, 990, 997, 1018, 1027, 1036, 1045, 1068, 1073, 1077, 1082, 1091, 1110, 1115, 1120, 1127, 1136, 1159, 1165, 1170, 1176, 1179, 1204, 1210, 1215, 1222, 1225, 1249, 1254, 1259, 1266, 1292, 1318, 1322, 1340, 1346, 1351, 1358, 1376, 1396, 1402, 1405, 1416, 1428, 1434, 1439, 1446, 1464, 1477, 1482, 1490, 1497, 1509, 1523, 1527, 1536, 1542, 1550, 1563, 1567, 1576, 1582, 1590, 1603, 1618, 1628, 1640, 4871]@{}
http://www.comp.hkbu.edu.hk/v1/?page=job_vacancies?=tc?=tc?=tc@[857, 873, 875, 877, 887, 891, 894, 898, 905, 912, 916, 919, 923, 941, 944, 961, 966, 983, 990, 997, 1018, 1027, 1036, 1045, 1068, 1073, 1077, 1082, 1091, 1110, 1115, 1120, 1127, 1136, 1159, 1165, 1170, 1176, 1179, 1204, 1210, 1215, 1222, 1225, 1249, 1254, 1259, 1266, 1292, 1318, 1322, 1340, 1346, 1351, 1358, 1376, 1396, 1402, 1405, 1416, 1428, 1434, 1439, 1446, 1464, 1477, 1482, 1490, 1497, 1509, 1523, 1527, 1536, 1542, 1550, 1563, 1567, 1576, 1582, 1590, 1603, 1618, 1628, 1640, 4893]@{}
http://www.comp.hkbu.edu.hk/v1/?page=job_vacancies?=sc?=tc?=tc@[857, 873, 875, 877, 887, 891, 894, 898, 905, 912, 916, 919, 923, 941, 944, 961, 966, 983, 990, 997, 1018, 1027, 1036, 1045, 1068, 1073, 1077, 1082, 1091, 1110, 1115, 1120, 1127, 1136, 1159, 1165, 1170, 1176, 1179, 1204, 1210, 1215, 1222, 1225, 1249, 1254, 1259, 1266, 1292, 1318, 1322, 1340, 1346, 1351, 1358, 1376, 1396, 1402, 1405, 1416, 1428, 1434, 1439, 1446, 1464, 1477, 1482, 1490, 1497, 1509, 1523, 1527, 1536, 1542, 1550, 1563, 1567, 1576, 1582, 1590, 1603, 1618, 1628, 1640, 4877]@{}
http://www.comp.hkbu.edu.hk/v1/?page=sitemap?=tc?=tc?=tc@[857, 873, 875, 877, 887, 891, 894, 898, 905, 912, 916, 919, 923, 941, 944, 961, 966, 983, 990, 997, 1018, 1027, 1036, 1045, 1068, 1073, 1077, 1082, 1091, 1110, 1115, 1120, 1127, 1136, 1159, 1165, 1170, 1176, 1179, 1204, 1210, 1215, 1222, 1225, 1249, 1254, 1259, 1266, 1292, 1318, 1322, 1340, 1346, 1351, 1358, 1376, 1396, 1402, 1405, 1416, 1428, 1434, 1439, 1446, 1464, 1477, 1482, 1490, 1497, 1509, 1523, 1527, 1536, 1542, 1550, 1563, 1567, 1576, 1582, 1590, 1603, 1618, 1628, 1640, 4883]@{}
http://www.comp.hkbu.edu.hk/v1/?page=sitemap?=sc?=tc?=tc@[857, 873, 875, 877, 887, 891, 894, 898, 905, 912, 916, 919, 923, 941, 944, 961, 966, 983, 990, 997, 1018, 1027, 1036, 1045, 1068, 1073, 1077, 1082, 1091, 1110, 1115, 1120, 1127, 1136, 1159, 1165, 1170, 1176, 1179, 1204, 1210, 1215, 1222, 1225, 1249, 1254, 1259, 1266, 1292, 1318, 1322, 1340, 1346, 1351, 1358, 1376, 1396, 1402, 1405, 1416, 1428, 1434, 1439, 1446, 1464, 1477, 1482, 1490, 1497, 1509, 1523, 1527, 1536, 1542, 1550, 1563, 1567, 1576, 1582, 1590, 1603, 1618, 1628, 1640, 4886]@{}
http://www.comp.hkbu.edu.hk/v1/?page=home?=tc@[857, 873, 875, 877, 887, 891, 894, 898, 905, 912, 916, 919, 923, 941, 944, 961, 966, 983, 990, 997, 1018, 1027, 1036, 1045, 1068, 1073, 1077, 1082, 1091, 1110, 1115, 1120, 1127, 1136, 1159, 1165, 1170, 1176, 1179, 1204, 1210, 1215, 1222, 1225, 1249, 1254, 1259, 1266, 1292, 1318, 1322, 1340, 1346, 1351, 1358, 1376, 1396, 1402, 1405, 1416, 1428, 1434, 1439, 1446, 1464, 1477, 1482, 1490, 1497, 1509, 1523, 1527, 1536, 1542, 1550, 1563, 1567, 1576, 1582, 1590, 1603, 1618, 1628, 1640, 4881]@{}
http://www.comp.hkbu.edu.hk/v1/?page=job_vacancies?=tc?=tc?=tc?=tc@[857, 873, 875, 877, 887, 891, 894, 898, 905, 912, 916, 919, 923, 941, 944, 961, 966, 983, 990, 997, 1018, 1027, 1036, 1045, 1068, 1073, 1077, 1082, 1091, 1110, 1115, 1120, 1127, 1136, 1159, 1165, 1170, 1176, 1179, 1204, 1210, 1215, 1222, 1225, 1249, 1254, 1259, 1266, 1292, 1318, 1322, 1340, 1346, 1351, 1358, 1376, 1396, 1402, 1405, 1416, 1428, 1434, 1439, 1446, 1464, 1477, 1482, 1490, 1497, 1509, 1523, 1527, 1536, 1542, 1550, 1563, 1567, 1576, 1582, 1590, 1603, 1618, 1628, 1640, 4894]@{}
http://www.comp.hkbu.edu.hk/v1/?page=job_vacancies?=sc?=tc?=tc?=tc@[857, 873, 875, 877, 887, 891, 894, 898, 905, 912, 916, 919, 923, 941, 944, 961, 966, 983, 990, 997, 1018, 1027, 1036, 1045, 1068, 1073, 1077, 1082, 1091, 1110, 1115, 1120, 1127, 1136, 1159, 1165, 1170, 1176, 1179, 1204, 1210, 1215, 1222, 1225, 1249, 1254, 1259, 1266, 1292, 1318, 1322, 1340, 1346, 1351, 1358, 1376, 1396, 1402, 1405, 1416, 1428, 1434, 1439, 1446, 1464, 1477, 1482, 1490, 1497, 1509, 1523, 1527, 1536, 1542, 1550, 1563, 1567, 1576, 1582, 1590, 1603, 1618, 1628, 1640, 4895]@{}
http://www.comp.hkbu.edu.hk/v1/?page=sitemap?=tc?=tc?=tc?=tc@[857, 873, 875, 877, 887, 891, 894, 898, 905, 912, 916, 919, 923, 941, 944, 961, 966, 983, 990, 997, 1018, 1027, 1036, 1045, 1068, 1073, 1077, 1082, 1091, 1110, 1115, 1120, 1127, 1136, 1159, 1165, 1170, 1176, 1179, 1204, 1210, 1215, 1222, 1225, 1249, 1254, 1259, 1266, 1292, 1318, 1322, 1340, 1346, 1351, 1358, 1376, 1396, 1402, 1405, 1416, 1428, 1434, 1439, 1446, 1464, 1477, 1482, 1490, 1497, 1509, 1523, 1527, 1536, 1542, 1550, 1563, 1567, 1576, 1582, 1590, 1603, 1618, 1628, 1640, 4883]@{}
http://www.comp.hkbu.edu.hk/v1/?page=sitemap?=sc?=tc?=tc?=tc@[857, 873, 875, 877, 887, 891, 894, 898, 905, 912, 916, 919, 923, 941, 944, 961, 966, 983, 990, 997, 1018, 1027, 1036, 1045, 1068, 1073, 1077, 1082, 1091, 1110, 1115, 1120, 1127, 1136, 1159, 1165, 1170, 1176, 1179, 1204, 1210, 1215, 1222, 1225, 1249, 1254, 1259, 1266, 1292, 1318, 1322, 1340, 1346, 1351, 1358, 1376, 1396, 1402, 1405, 1416, 1428, 1434, 1439, 1446, 1464, 1477, 1482, 1490, 1497, 1509, 1523, 1527, 1536, 1542, 1550, 1563, 1567, 1576, 1582, 1590, 1603, 1618, 1628, 1640, 4894]@{}
http://www.comp.hkbu.edu.hk/v1/?page=home?=tc?=tc@[857, 873, 875, 877, 887, 891, 894, 898, 905, 912, 916, 919, 923, 941, 944, 961, 966, 983, 990, 997, 1018, 1027, 1036, 1045, 1068, 1073, 1077, 1082, 1091, 1110, 1115, 1120, 1127, 1136, 1159, 1165, 1170, 1176, 1179, 1204, 1210, 1215, 1222, 1225, 1249, 1254, 1259, 1266, 1292, 1318, 1322, 1340, 1346, 1351, 1358, 1376, 1396, 1402, 1405, 1416, 1428, 1434, 1439, 1446, 1464, 1477, 1482, 1490, 1497, 1509, 1523, 1527, 1536, 1542, 1550, 1563, 1567, 1576, 1582, 1590, 1603, 1618, 1628, 1640, 4883]@{}
http://www.comp.hkbu.edu.hk/v1/?page=job_vacancies?=tc?=tc?=tc?=tc?=tc@[857, 873, 875, 877, 887, 891, 894, 898, 905, 912, 916, 919, 923, 941, 944, 961, 966, 983, 990, 997, 1018, 1027, 1036, 1045, 1068, 1073, 1077, 1082, 1091, 1110, 1115, 1120, 1127, 1136, 1159, 1165, 1170, 1176, 1179, 1204, 1210, 1215, 1222, 1225, 1249, 1254, 1259, 1266, 1292, 1318, 1322, 1340, 1346, 1351, 1358, 1376, 1396, 1402, 1405, 1416, 1428, 1434, 1439, 1446, 1464, 1477, 1482, 1490, 1497, 1509, 1523, 1527, 1536, 1542, 1550, 1563, 1567, 1576, 1582, 1590, 1603, 1618, 1628, 1640, 4897]@{}
http://www.comp.hkbu.edu.hk/v1/?page=job_vacancies?=sc?=tc?=tc?=tc?=tc@[857, 873, 875, 877, 887, 891, 894, 898, 905, 912, 916, 919, 923, 941, 944, 961, 966, 983, 990, 997, 1018, 1027, 1036, 1045, 1068, 1073, 1077, 1082, 1091, 1110, 1115, 1120, 1127, 1136, 1159, 1165, 1170, 1176, 1179, 1204, 1210, 1215, 1222, 1225, 1249, 1254, 1259, 1266, 1292, 1318, 1322, 1340, 1346, 1351, 1358, 1376, 1396, 1402, 1405, 1416, 1428, 1434, 1439, 1446, 1464, 1477, 1482, 1490, 1497, 1509, 1523, 1527, 1536, 1542, 1550, 1563, 1567, 1576, 1582, 1590, 1603, 1618, 1628, 1640, 4882]@{}
http://www.comp.hkbu.edu.hk/v1/?page=sitemap?=tc?=tc?=tc?=tc?=tc@[857, 873, 875, 877, 887, 891, 894, 898, 905, 912, 916, 919, 923, 941, 944, 961, 966, 983, 990, 997, 1018, 1027, 1036, 1045, 1068, 1073, 1077, 1082, 1091, 1110, 1115, 1120, 1127, 1136, 1159, 1165, 1170, 1176, 1179, 1204, 1210, 1215, 1222, 1225, 1249, 1254, 1259, 1266, 1292, 1318, 1322, 1340, 1346, 1351, 1358, 1376, 1396, 1402, 1405, 1416, 1428, 1434, 1439, 1446, 1464, 1477, 1482, 1490, 1497, 1509, 1523, 1527, 1536, 1542, 1550, 1563, 1567, 1576, 1582, 1590, 1603, 1618, 1628, 1640, 4890]@{}
http://www.comp.hkbu.edu.hk/v1/?page=sitemap?=sc?=tc?=tc?=tc?=tc@[857, 873, 875, 877, 887, 891, 894, 898, 905, 912, 916, 919, 923, 941, 944, 961, 966, 983, 990, 997, 1018, 1027, 1036, 1045, 1068, 1073, 1077, 1082, 1091, 1110, 1115, 1120, 1127, 1136, 1159, 1165, 1170, 1176, 1179, 1204, 1210, 1215, 1222, 1225, 1249, 1254, 1259, 1266, 1292, 1318, 1322, 1340, 1346, 1351, 1358, 1376, 1396, 1402, 1405, 1416, 1428, 1434, 1439, 1446, 1464, 1477, 1482, 1490, 1497, 1509, 1523, 1527, 1536, 1542, 1550, 1563, 1567, 1576, 1582, 1590, 1603, 1618, 1628, 1640, 4896]@{}
http://www.comp.hkbu.edu.hk/v1/?page=home?=tc?=tc?=tc@[857, 873, 875, 877, 887, 891, 894, 898, 905, 912, 916, 919, 923, 941, 944, 961, 966, 983, 990, 997, 1018, 1027, 1036, 1045, 1068, 1073, 1077, 1082, 1091, 1110, 1115, 1120, 1127, 1136, 1159, 1165, 1170, 1176, 1179, 1204, 1210, 1215, 1222, 1225, 1249, 1254, 1259, 1266, 1292, 1318, 1322, 1340, 1346, 1351, 1358, 1376, 1396, 1402, 1405, 1416, 1428, 1434, 1439, 1446, 1464, 1477, 1482, 1490, 1497, 1509, 1523, 1527, 1536, 1542, 1550, 1563, 1567, 1576, 1582, 1590, 1603, 1618, 1628, 1640, 4881]@{}
http://www.comp.hkbu.edu.hk/v1/?page=job_vacancies@[405, 421, 423, 425, 435, 439, 442, 446, 453, 460, 464, 467, 471, 489, 492, 509, 514, 531, 538, 545, 566, 575, 584, 593, 616, 621, 625, 630, 639, 658, 663, 668, 675, 684, 707, 713, 718, 724, 727, 752, 758, 763, 770, 773, 797, 802, 807, 814, 840, 866, 870, 888, 894, 899, 906, 924, 944, 950, 953, 964, 976, 982, 987, 994, 1012, 1025, 1030, 1038, 1045, 1057, 1071, 1075, 1084, 1090, 1098, 1111, 1115, 1124, 1130, 1138, 1151, 1166, 1176, 1188, 4119]@{}
http://www.comp.hkbu.edu.hk/v1/?page=job_vacancies?=tc?=tc?=tc?=tc?=tc?=tc@[857, 873, 875, 877, 887, 891, 894, 898, 905, 912, 916, 919, 923, 941, 944, 961, 966, 983, 990, 997, 1018, 1027, 1036, 1045, 1068, 1073, 1077, 1082, 1091, 1110, 1115, 1120, 1127, 1136, 1159, 1165, 1170, 1176, 1179, 1204, 1210, 1215, 1222, 1225, 1249, 1254, 1259, 1266, 1292, 1318, 1322, 1340, 1346, 1351, 1358, 1376, 1396, 1402, 1405, 1416, 1428, 1434, 1439, 1446, 1464, 1477, 1482, 1490, 1497, 1509, 1523, 1527, 1536, 1542, 1550, 1563, 1567, 1576, 1582, 1590, 1603, 1618, 1628, 1640, 4885]@{}
http://www.comp.hkbu.edu.hk/v1/?page=job_vacancies?=sc?=tc?=tc?=tc?=tc?=tc@[857, 873, 875, 877, 887, 891, 894, 898, 905, 912, 916, 919, 923, 941, 944, 961, 966, 983, 990, 997, 1018, 1027, 1036, 1045, 1068, 1073, 1077, 1082, 1091, 1110, 1115, 1120, 1127, 1136, 1159, 1165, 1170, 1176, 1179, 1204, 1210, 1215, 1222, 1225, 1249, 1254, 1259, 1266, 1292, 1318, 1322, 1340, 1346, 1351, 1358, 1376, 1396, 1402, 1405, 1416, 1428, 1434, 1439, 1446, 1464, 1477, 1482, 1490, 1497, 1509, 1523, 1527, 1536, 1542, 1550, 1563, 1567, 1576, 1582, 1590, 1603, 1618, 1628, 1640, 4884]@{}
http://www.comp.hkbu.edu.hk/v1/?page=sitemap?=tc?=tc?=tc?=tc?=tc?=tc@[857, 873, 875, 877, 887, 891, 894, 898, 905, 912, 916, 919, 923, 941, 944, 961, 966, 983, 990, 997, 1018, 1027, 1036, 1045, 1068, 1073, 1077, 1082, 1091, 1110, 1115, 1120, 1127, 1136, 1159, 1165, 1170, 1176, 1179, 1204, 1210, 1215, 1222, 1225, 1249, 1254, 1259, 1266, 1292, 1318, 1322, 1340, 1346, 1351, 1358, 1376, 1396, 1402, 1405, 1416, 1428, 1434, 1439, 1446, 1464, 1477, 1482, 1490, 1497, 1509, 1523, 1527, 1536, 1542, 1550, 1563, 1567, 1576, 1582, 1590, 1603, 1618, 1628, 1640, 4888]@{}
http://www.comp.hkbu.edu.hk/v1/?page=sitemap?=sc?=tc?=tc?=tc?=tc?=tc@[857, 873, 875, 877, 887, 891, 894, 898, 905, 912, 916, 919, 923, 941, 944, 961, 966, 983, 990, 997, 1018, 1027, 1036, 1045, 1068, 1073, 1077, 1082, 1091, 1110, 1115, 1120, 1127, 1136, 1159, 1165, 1170, 1176, 1179, 1204, 1210, 1215, 1222, 1225, 1249, 1254, 1259, 1266, 1292, 1318, 1322, 1340, 1346, 1351, 1358, 1376, 1396, 1402, 1405, 1416, 1428, 1434, 1439, 1446, 1464, 1477, 1482, 1490, 1497, 1509, 1523, 1527, 1536, 1542, 1550, 1563, 1567, 1576, 1582, 1590, 1603, 1618, 1628, 1640, 4906]@{}
http://www.comp.hkbu.edu.hk/v1/?page=home?=tc?=tc?=tc?=tc@[857, 873, 875, 877, 887, 891, 894, 898, 905, 912, 916, 919, 923, 941, 944, 961, 966, 983, 990, 997, 1018, 1027, 1036, 1045, 1068, 1073, 1077, 1082, 1091, 1110, 1115, 1120, 1127, 1136, 1159, 1165, 1170, 1176, 1179, 1204, 1210, 1215, 1222, 1225, 1249, 1254, 1259, 1266, 1292, 1318, 1322, 1340, 1346, 1351, 1358, 1376, 1396, 1402, 1405, 1416, 1428, 1434, 1439, 1446, 1464, 1477, 1482, 1490, 1497, 1509, 1523, 1527, 1536, 1542, 1550, 1563, 1567, 1576, 1582, 1590, 1603, 1618, 1628, 1640, 4887]@{}
http://www.comp.hkbu.edu.hk/v1/?page=job_vacancies?=tc?=tc?=tc?=tc?=tc?=tc?=tc@[857, 873, 875, 877, 887, 891, 894, 898, 905, 912, 916, 919, 923, 941, 944, 961, 966, 983, 990, 997, 1018, 1027, 1036, 1045, 1068, 1073, 1077, 1082, 1091, 1110, 1115, 1120, 1127, 1136, 1159, 1165, 1170, 1176, 1179, 1204, 1210, 1215, 1222, 1225, 1249, 1254, 1259, 1266, 1292, 1318, 1322, 1340, 1346, 1351, 1358, 1376, 1396, 1402, 1405, 1416, 1428, 1434, 1439, 1446, 1464, 1477, 1482, 1490, 1497, 1509, 1523, 1527, 1536, 1542, 1550, 1563, 1567, 1576, 1582, 1590, 1603, 1618, 1628, 1640, 4889]@{}
http://www.comp.hkbu.edu.hk/v1/?page=job_vacancies?=sc?=tc?=tc?=tc?=tc?=tc?=tc@[857, 873, 875, 877, 887, 891, 894, 898, 905, 912, 916, 919, 923, 941, 944, 961, 966, 983, 990, 997, 1018, 1027, 1036, 1045, 1068, 1073, 1077, 1082, 1091, 1110, 1115, 1120, 1127, 1136, 1159, 1165, 1170, 1176, 1179, 1204, 1210, 1215, 1222, 1225, 1249, 1254, 1259, 1266, 1292, 1318, 1322, 1340, 1346, 1351, 1358, 1376, 1396, 1402, 1405, 1416, 1428, 1434, 1439, 1446, 1464, 1477, 1482, 1490, 1497, 1509, 1523, 1527, 1536, 1542, 1550, 1563, 1567, 1576, 1582, 1590, 1603, 1618, 1628, 1640, 4886]@{}
http://www.comp.hkbu.edu.hk/v1/?page=sitemap?=tc?=tc?=tc?=tc?=tc?=tc?=tc@[857, 873, 875, 877, 887, 891, 894, 898, 905, 912, 916, 919, 923, 941, 944, 961, 966, 983, 990, 997, 1018, 1027, 1036, 1045, 1068, 1073, 1077, 1082, 1091, 1110, 1115, 1120, 1127, 1136, 1159, 1165, 1170, 1176, 1179, 1204, 1210, 1215, 1222, 1225, 1249, 1254, 1259, 1266, 1292, 1318, 1322, 1340, 1346, 1351, 1358, 1376, 1396, 1402, 1405, 1416, 1428, 1434, 1439, 1446, 1464, 1477, 1482, 1490, 1497, 1509, 1523, 1527, 1536, 1542, 1550, 1563, 1567, 1576, 1582, 1590, 1603, 1618, 1628, 1640, 4888]@{}
http://www.comp.hkbu.edu.hk/v1/?page=sitemap?=sc?=tc?=tc?=tc?=tc?=tc?=tc@[857, 873, 875, 877, 887, 891, 894, 898, 905, 912, 916, 919, 923, 941, 944, 961, 966, 983, 990, 997, 1018, 1027, 1036, 1045, 1068, 1073, 1077, 1082, 1091, 1110, 1115, 1120, 1127, 1136, 1159, 1165, 1170, 1176, 1179, 1204, 1210, 1215, 1222, 1225, 1249, 1254, 1259, 1266, 1292, 1318, 1322, 1340, 1346, 1351, 1358, 1376, 1396, 1402, 1405, 1416, 1428, 1434, 1439, 1446, 1464, 1477, 1482, 1490, 1497, 1509, 1523, 1527, 1536, 1542, 1550, 1563, 1567, 1576, 1582, 1590, 1603, 1618, 1628, 1640, 4890]@{}
http://www.comp.hkbu.edu.hk/v1/?page=home?=tc?=tc?=tc?=tc?=tc@[857, 873, 875, 877, 887, 891, 894, 898, 905, 912, 916, 919, 923, 941, 944, 961, 966, 983, 990, 997, 1018, 1027, 1036, 1045, 1068, 1073, 1077, 1082, 1091, 1110, 1115, 1120, 1127, 1136, 1159, 1165, 1170, 1176, 1179, 1204, 1210, 1215, 1222, 1225, 1249, 1254, 1259, 1266, 1292, 1318, 1322, 1340, 1346, 1351, 1358, 1376, 1396, 1402, 1405, 1416, 1428, 1434, 1439, 1446, 1464, 1477, 1482, 1490, 1497, 1509, 1523, 1527, 1536, 1542, 1550, 1563, 1567, 1576, 1582, 1590, 1603, 1618, 1628, 1640, 4890]@{}
http://www.comp.hkbu.edu.hk/v1/?page=job_vacancies?=tc?=tc?=tc?=tc?=tc?=tc?=tc?=tc@[857, 873, 875, 877, 887, 891, 894, 898, 905, 912, 916, 919, 923, 941, 944, 961, 966, 983, 990, 997, 1018, 1027, 1036, 1045, 1068, 1073, 1077, 1082, 1091, 1110, 1115, 1120, 1127, 1136, 1159, 1165, 1170, 1176, 1179, 1204, 1210, 1215, 1222, 1225, 1249, 1254, 1259, 1266, 1292, 1318, 1322, 1340, 1346, 1351, 1358, 1376, 1396, 1402, 1405, 1416, 1428, 1434, 1439, 1446, 1464, 1477, 1482, 1490, 1497, 1509, 1523, 1527, 1536, 1542, 1550, 1563, 1567, 1576, 1582, 1590, 1603, 1618, 1628, 1640, 4905]@{}
http://www.comp.hkbu.edu.hk/v1/?page=job_vacancies?=sc?=tc?=tc?=tc?=tc?=tc?=tc?=tc@[857, 873, 875, 877, 887, 891, 894, 898, 905, 912, 916, 919, 923, 941, 944, 961, 966, 983, 990, 997, 1018, 1027, 1036, 1045, 1068, 1073, 1077, 1082, 1091, 1110, 1115, 1120, 1127, 1136, 1159, 1165, 1170, 1176, 1179, 1204, 1210, 1215, 1222, 1225, 1249, 1254, 1259, 1266, 1292, 1318, 1322, 1340, 1346, 1351, 1358, 1376, 1396, 1402, 1405, 1416, 1428, 1434, 1439, 1446, 1464, 1477, 1482, 1490, 1497, 1509, 1523, 1527, 1536, 1542, 1550, 1563, 1567, 1576, 1582, 1590, 1603, 1618, 1628, 1640, 4889]@{}
http://www.comp.hkbu.edu.hk/v1/?page=sitemap?=tc?=tc?=tc?=tc?=tc?=tc?=tc?=tc@[857, 873, 875, 877, 887, 891, 894, 898, 905, 912, 916, 919, 923, 941, 944, 961, 966, 983, 990, 997, 1018, 1027, 1036, 1045, 1068, 1073, 1077, 1082, 1091, 1110, 1115, 1120, 1127, 1136, 1159, 1165, 1170, 1176, 1179, 1204, 1210, 1215, 1222, 1225, 1249, 1254, 1259, 1266, 1292, 1318, 1322, 1340, 1346, 1351, 1358, 1376, 1396, 1402, 1405, 1416, 1428, 1434, 1439, 1446, 1464, 1477, 1482, 1490, 1497, 1509, 1523, 1527, 1536, 1542, 1550, 1563, 1567, 1576, 1582, 1590, 1603, 1618, 1628, 1640, 4892]@{}
http://www.comp.hkbu.edu.hk/v1/?page=sitemap?=sc?=tc?=tc?=tc?=tc?=tc?=tc?=tc@[857, 873, 875, 877, 887, 891, 894, 898, 905, 912, 916, 919, 923, 941, 944, 961, 966, 983, 990, 997, 1018, 1027, 1036, 1045, 1068, 1073, 1077, 1082, 1091, 1110, 1115, 1120, 1127, 1136, 1159, 1165, 1170, 1176, 1179, 1204, 1210, 1215, 1222, 1225, 1249, 1254, 1259, 1266, 1292, 1318, 1322, 1340, 1346, 1351, 1358, 1376, 1396, 1402, 1405, 1416, 1428, 1434, 1439, 1446, 1464, 1477, 1482, 1490, 1497, 1509, 1523, 1527, 1536, 1542, 1550, 1563, 1567, 1576, 1582, 1590, 1603, 1618, 1628, 1640, 4906]@{}
http://www.comp.hkbu.edu.hk/v1/?page=sitemap@[403, 419, 421, 423, 433, 437, 440, 444, 451, 458, 462, 465, 469, 487, 490, 507, 512, 529, 536, 543, 564, 573, 582, 591, 614, 619, 623, 628, 637, 656, 661, 666, 673, 682, 705, 711, 716, 722, 725, 750, 756, 761, 768, 771, 795, 800, 805, 812, 838, 864, 868, 886, 892, 897, 904, 922, 942, 948, 951, 962, 974, 980, 985, 992, 1010, 1023, 1028, 1036, 1043, 1055, 1069, 1073, 1082, 1088, 1096, 1109, 1113, 1122, 1128, 1136, 1149, 1164, 1174, 1186, 4116]@{}
http://www.comp.hkbu.edu.hk/v1/?page=home?=tc?=tc?=tc?=tc?=tc?=tc@[857, 873, 875, 877, 887, 891, 894, 898, 905, 912, 916, 919, 923, 941, 944, 961, 966, 983, 990, 997, 1018, 1027, 1036, 1045, 1068, 1073, 1077, 1082, 1091, 1110, 1115, 1120, 1127, 1136, 1159, 1165, 1170, 1176, 1179, 1204, 1210, 1215, 1222, 1225, 1249, 1254, 1259, 1266, 1292, 1318, 1322, 1340, 1346, 1351, 1358, 1376, 1396, 1402, 1405, 1416, 1428, 1434, 1439, 1446, 1464, 1477, 1482, 1490, 1497, 1509, 1523, 1527, 1536, 1542, 1550, 1563, 1567, 1576, 1582, 1590, 1603, 1618, 1628, 1640, 4891]@{}
http://www.comp.hkbu.edu.hk/v1/?page=job_vacancies?=tc?=tc?=tc?=tc?=tc?=tc?=tc?=tc?=tc@[857, 873, 875, 877, 887, 891, 894, 898, 905, 912, 916, 919, 923, 941, 944, 961, 966, 983, 990, 997, 1018, 1027, 1036, 1045, 1068, 1073, 1077, 1082, 1091, 1110, 1115, 1120, 1127, 1136, 1159, 1165, 1170, 1176, 1179, 1204, 1210, 1215, 1222, 1225, 1249, 1254, 1259, 1266, 1292, 1318, 1322, 1340, 1346, 1351, 1358, 1376, 1396, 1402, 1405, 1416, 1428, 1434, 1439, 1446, 1464, 1477, 1482, 1490, 1497, 1509, 1523, 1527, 1536, 1542, 1550, 1563, 1567, 1576, 1582, 1590, 1603, 1618, 1628, 1640, 4905]@{}
http://www.comp.hkbu.edu.hk/v1/?page=job_vacancies?=sc?=tc?=tc?=tc?=tc?=tc?=tc?=tc?=tc@[857, 873, 875, 877, 887, 891, 894, 898, 905, 912, 916, 919, 923, 941, 944, 961, 966, 983, 990, 997, 1018, 1027, 1036, 1045, 1068, 1073, 1077, 1082, 1091, 1110, 1115, 1120, 1127, 1136, 1159, 1165, 1170, 1176, 1179, 1204, 1210, 1215, 1222, 1225, 1249, 1254, 1259, 1266, 1292, 1318, 1322, 1340, 1346, 1351, 1358, 1376, 1396, 1402, 1405, 1416, 1428, 1434, 1439, 1446, 1464, 1477, 1482, 1490, 1497, 1509, 1523, 1527, 1536, 1542, 1550, 1563, 1567, 1576, 1582, 1590, 1603, 1618, 1628, 1640, 4904]@{}
http://www.comp.hkbu.edu.hk/v1/?page=sitemap?=tc?=tc?=tc?=tc?=tc?=tc?=tc?=tc?=tc@[857, 873, 875, 877, 887, 891, 894, 898, 905, 912, 916, 919, 923, 941, 944, 961, 966, 983, 990, 997, 1018, 1027, 1036, 1045, 1068, 1073, 1077, 1082, 1091, 1110, 1115, 1120, 1127, 1136, 1159, 1165, 1170, 1176, 1179, 1204, 1210, 1215, 1222, 1225, 1249, 1254, 1259, 1266, 1292, 1318, 1322, 1340, 1346, 1351, 1358, 1376, 1396, 1402, 1405, 1416, 1428, 1434, 1439, 1446, 1464, 1477, 1482, 1490, 1497, 1509, 1523, 1527, 1536, 1542, 1550, 1563, 1567, 1576, 1582, 1590, 1603, 1618, 1628, 1640, 4889]@{}
http://www.comp.hkbu.edu.hk/v1/?page=sitemap?=sc?=tc?=tc?=tc?=tc?=tc?=tc?=tc?=tc@[857, 873, 875, 877, 887, 891, 894, 898, 905, 912, 916, 919, 923, 941, 944, 961, 966, 983, 990, 997, 1018, 1027, 1036, 1045, 1068, 1073, 1077, 1082, 1091, 1110, 1115, 1120, 1127, 1136, 1159, 1165, 1170, 1176, 1179, 1204, 1210, 1215, 1222, 1225, 1249, 1254, 1259, 1266, 1292, 1318, 1322, 1340, 1346, 1351, 1358, 1376, 1396, 1402, 1405, 1416, 1428, 1434, 1439, 1446, 1464, 1477, 1482, 1490, 1497, 1509, 1523, 1527, 1536, 1542, 1550, 1563, 1567, 1576, 1582, 1590, 1603, 1618, 1628, 1640, 4907]@{}
http://www.comp.hkbu.edu.hk/v1/?lang=tc@[857, 873, 875, 877, 887, 891, 894, 898, 905, 912, 916, 919, 923, 941, 944, 961, 966, 983, 990, 997, 1018, 1027, 1036, 1045, 1068, 1073, 1077, 1082, 1091, 1110, 1115, 1120, 1127, 1136, 1159, 1165, 1170, 1176, 1179, 1204, 1210, 1215, 1222, 1225, 1249, 1254, 1259, 1266, 1292, 1318, 1322, 1340, 1346, 1351, 1358, 1376, 1396, 1402, 1405, 1416, 1428, 1434, 1439, 1446, 1464, 1477, 1482, 1490, 1497, 1509, 1523, 1527, 1536, 1542, 1550, 1563, 1567, 1576, 1582, 1590, 1603, 1618, 1628, 1640, 4889]@{}
