http://www.comp.hkbu.edu.hk@[114, 137, 139, 141, 187]@[114, 137, 139, 141, 187]
https://www.comp.hkbu.edu.hk/v1/?page=home@[114, 137, 139, 141, 193]@[114, 137, 139, 141, 193]
https://www.comp.hkbu.edu.hk/v1/?page=centres@[252, 304]@[252, 304]
https://www.comp.hkbu.edu.hk@[114, 137, 139, 141, 177]@[114, 137, 139, 141, 177]
https://www.comp.hkbu.edu.hk/v1/?page=facilities_teaching@[115]@[115]
https://www.comp.hkbu.edu.hk/v1/?page=events@[3931]@[3931]
https://www.comp.hkbu.edu.hk/v1/?page=highlights@[312, 406, 487, 1075, 1196, 1405, 1956]@[312, 406, 487, 1075, 1196, 1405, 1956]
https://www.comp.hkbu.edu.hk/outreach@[53, 153]@[53, 153]
https://www.comp.hkbu.edu.hk/v1/?page=dlecture@[3973, 4282]@[3973, 4282]
https://www.hkstp.org/en/about-us/event-and-activities/hong-kong-science-park-career-expo-2020-18-april-2020@[281, 521]@[281, 521]
https://www.comp.hkbu.edu.hk/v1/?pid=124@[168]@[168]
https://policies.google.com/terms@[1940, 2028]@[1940, 2028]
https://policies.google.com/privacy@[313, 453, 2153, 2319, 2496, 3810, 3884, 4122, 4214, 4257, 4282, 4295, 4371, 4568, 4963, 5268, 5396, 5438, 5629, 5685, 5742, 5801, 5827, 5847, 5972, 6188, 6274, 6355, 6490, 6500, 6522, 6627, 6663, 6721, 6726, 6834, 6953, 7177, 7270, 7306, 7592]@[313, 453, 2153, 2319, 2496, 3810, 3884, 4122, 4214, 4257, 4282, 4295, 4371, 4568, 4963, 5268, 5396, 5438, 5629, 5685, 5742, 5801, 5827, 5847, 5972, 6188, 6274, 6355, 6490, 6500, 6522, 6627, 6663, 6721, 6726, 6834, 6953, 7177, 7270, 7306, 7592]
https://www.hkstp.org/en@[277, 463, 480, 494, 508, 524, 538, 550, 564, 576, 586, 599, 884]@[277, 463, 480, 494, 508, 524, 538, 550, 564, 576, 586, 599, 884]
https://www.hkstp.org@[277, 463, 480, 494, 508, 524, 538, 550, 564, 576, 586, 599, 884]@[277, 463, 480, 494, 508, 524, 538, 550, 564, 576, 586, 599, 884]
https://www.hkstp.org/en/about-us/who-we-are@[283, 1270]@[283, 1270]
https://www.hkstp.org/about-us/who-we-are@[283, 1270]@[283, 1270]
https://news.google.com/?tab=wn@[37, 112, 179, 229, 236, 272, 318, 374, 439, 482, 527, 581, 623, 670, 721, 763, 765, 813, 857, 876, 921, 999, 1042, 1098, 1150, 1195, 1232, 1256, 1281, 1303, 1325, 1386, 1427, 1518, 1541, 1593, 1851, 1885]@[112, 179, 229, 236, 272, 318, 374, 439, 482, 527, 581, 623, 670, 721, 763, 765, 813, 857, 876, 921, 999, 1042, 1098, 1150, 1195, 1232, 1256, 1281, 1303, 1325, 1386, 1427, 1518, 1541, 1593, 1851, 1885]
https://www.hkstp.org/en/about-us/our-milestones@[282, 568, 872]@[282, 568, 872]
https://www.hkstp.org/en/about-us/our-footprint@[282, 783, 864, 920, 985]@[282, 783, 864, 920, 985]
https://www.hkstp.org/about-us/our-milestones@[282, 568, 872]@[282, 568, 872]
https://news.google.com/?tab=nn@[37, 112, 179, 236, 294, 340, 382, 462, 502, 513, 526, 577, 625, 707, 729, 777, 818, 869, 928, 966, 987, 1031, 1044, 1082, 1139, 1141, 1189, 1233, 1264, 1305, 1360, 1391, 1415, 1440, 1462, 1484, 1545, 1586, 1677, 1700, 1987, 2021]@[112, 179, 236, 294, 340, 382, 462, 502, 513, 526, 577, 625, 707, 729, 777, 818, 869, 928, 966, 987, 1031, 1044, 1082, 1139, 1141, 1189, 1233, 1264, 1305, 1360, 1391, 1415, 1440, 1462, 1484, 1545, 1586, 1677, 1700, 1987, 2021]
https://itunes.apple.com/app/google-search/id284815942?mt=8@[97, 131, 194, 223, 232, 304, 340, 400, 737, 801, 822, 1012, 1032, 1094]@[97, 131, 194, 223, 232, 304, 340, 400, 737, 801, 822, 1012, 1032, 1094]
https://play.google.com/store/apps/details?id=com.google.android.googlequicksearchbox@[13, 224, 258, 352, 380, 448, 479, 512, 543, 548, 581]@[13, 224, 258, 352, 380, 448, 479, 512, 543, 548, 581]
