http://www.comp.hkbu.edu.hk@[4311, 4314, 4716, 4786, 4900, 4918, 4933, 5020, 5028, 5048, 5069]@{}
http://www.comp.hkbu.edu.hk/v1/?page=sci@[1672, 1690, 1701, 2567, 3043, 3046, 3071, 3116, 3145, 3188, 3218, 3261, 3293, 3338, 3365, 3410, 3440, 3484, 3507, 3556, 3581, 3623, 3651, 3695, 3724, 3771, 5194, 5207, 5220, 5233, 5592, 5611, 5617, 5636, 5642, 5661, 5667, 5686, 5708, 5717, 5726, 5735, 6044, 6049, 6054, 6059]@{}
http://www.comp.hkbu.edu.hk/v1/?page=job_vacancies?=tc@[4317, 4320, 4712, 4782, 4896, 4914, 4929, 5016, 5024, 5044, 5065]@{}
http://www.comp.hkbu.edu.hk/v1/?page=job_vacancies?=sc@[4317, 4320, 4712, 4782, 4896, 4914, 4929, 5016, 5024, 5044, 5065]@{}
http://www.comp.hkbu.edu.hk/v1/?page=sitemap?=tc@[4316, 4319, 4708, 4778, 4892, 4910, 4925, 5012, 5020, 5040, 5061]@{}
http://www.comp.hkbu.edu.hk/v1/?page=sitemap?=sc@[4316, 4319, 4707, 4777, 4891, 4909, 4924, 5011, 5019, 5039, 5060, 6207, 6707]@{}
http://www.comp.hkbu.edu.hk/v1/?lang=sc@[4311, 4314, 4703, 4773, 4887, 4905, 4920, 5007, 5015, 5035, 5056]@{}
http://www.comp.hkbu.edu.hk/~alumni/news/../news/@[202, 749, 766, 837, 914, 1061, 1111, 1199, 1281, 1341, 1356, 1407, 1485, 1536, 1617, 1674, 1753, 1790, 1806, 1861, 1902, 1919, 1976, 2035, 2050, 2135, 2175, 2192, 2271, 2320, 2410, 2448, 2465, 2539, 2580, 2597, 2651, 2739, 2819, 2904, 3003, 3113, 3128, 3188, 3203, 3294, 3383, 3470, 3485, 3575, 3659, 3751, 3851, 3958, 4070, 4180, 4309, 4353, 4356, 4401, 4451, 4491, 4553, 4619, 4683, 4742, 4760, 4808, 4829, 4845, 4927, 4990]@{}
http://www.comp.hkbu.edu.hk/~alumni/news/../scholarship/@[202]@{}
http://www.comp.hkbu.edu.hk/~alumni/news/../donation/@[202]@{}
http://www.comp.hkbu.edu.hk/v1/?page=job_vacancies?=tc?=tc@[4318, 4321, 4709, 4779, 4893, 4911, 4926, 5013, 5021, 5041, 5062]@{}
http://www.comp.hkbu.edu.hk/v1/?page=job_vacancies?=sc?=tc@[4318, 4321, 4719, 4789, 4903, 4921, 4936, 5023, 5031, 5051, 5072]@{}
http://www.comp.hkbu.edu.hk/v1/?page=sitemap?=tc?=tc@[4318, 4321, 4709, 4779, 4893, 4911, 4926, 5013, 5021, 5041, 5062]@{}
http://www.comp.hkbu.edu.hk/v1/?page=sitemap?=sc?=tc@[4318, 4321, 4723, 4793, 4907, 4925, 4940, 5027, 5035, 5055, 5076]@{}
http://www.comp.hkbu.edu.hk/v1/?page=home@[4314, 4317, 4701, 4771, 4885, 4903, 4918, 5005, 5013, 5033, 5054]@{}
http://www.comp.hkbu.edu.hk/~alumni/news/../news/../news/@[202, 749, 766, 837, 914, 1061, 1111, 1199, 1281, 1341, 1356, 1407, 1485, 1536, 1617, 1674, 1753, 1790, 1806, 1861, 1902, 1919, 1976, 2035, 2050, 2135, 2175, 2192, 2271, 2320, 2410, 2448, 2465, 2539, 2580, 2597, 2651, 2739, 2819, 2904, 3003, 3113, 3128, 3188, 3203, 3294, 3383, 3470, 3485, 3575, 3659, 3751, 3851, 3958, 4070, 4180, 4309, 4353, 4356, 4401, 4451, 4491, 4553, 4619, 4683, 4742, 4760, 4808, 4829, 4845, 4927, 4990]@{}
http://www.comp.hkbu.edu.hk/~alumni/news/../scholarship/../news/@[202, 749, 766, 837, 914, 1061, 1111, 1199, 1281, 1341, 1356, 1407, 1485, 1536, 1617, 1674, 1753, 1790, 1806, 1861, 1902, 1919, 1976, 2035, 2050, 2135, 2175, 2192, 2271, 2320, 2410, 2448, 2465, 2539, 2580, 2597, 2651, 2739, 2819, 2904, 3003, 3113, 3128, 3188, 3203, 3294, 3383, 3470, 3485, 3575, 3659, 3751, 3851, 3958, 4070, 4180, 4309, 4353, 4356, 4401, 4451, 4491, 4553, 4619, 4683, 4742, 4760, 4808, 4829, 4845, 4927, 4990]@{}
http://www.comp.hkbu.edu.hk/~alumni/news/../donation/../news/@[202, 749, 766, 837, 914, 1061, 1111, 1199, 1281, 1341, 1356, 1407, 1485, 1536, 1617, 1674, 1753, 1790, 1806, 1861, 1902, 1919, 1976, 2035, 2050, 2135, 2175, 2192, 2271, 2320, 2410, 2448, 2465, 2539, 2580, 2597, 2651, 2739, 2819, 2904, 3003, 3113, 3128, 3188, 3203, 3294, 3383, 3470, 3485, 3575, 3659, 3751, 3851, 3958, 4070, 4180, 4309, 4353, 4356, 4401, 4451, 4491, 4553, 4619, 4683, 4742, 4760, 4808, 4829, 4845, 4927, 4990]@{}
http://www.comp.hkbu.edu.hk/v1/?page=job_vacancies?=tc?=tc?=tc@[4321, 4324, 4723, 4793, 4907, 4925, 4940, 5027, 5035, 5055, 5076]@{}
http://www.comp.hkbu.edu.hk/v1/?page=job_vacancies?=sc?=tc?=tc@[4320, 4323, 4707, 4777, 4891, 4909, 4924, 5011, 5019, 5039, 5060]@{}
http://www.comp.hkbu.edu.hk/v1/?page=sitemap?=tc?=tc?=tc@[4321, 4324, 4713, 4783, 4897, 4915, 4930, 5017, 5025, 5045, 5066, 6790]@{}
http://www.comp.hkbu.edu.hk/v1/?page=sitemap?=sc?=tc?=tc@[4321, 4324, 4716, 4786, 4900, 4918, 4933, 5020, 5028, 5048, 5069, 6715]@{}
http://www.comp.hkbu.edu.hk/v1/?page=home?=tc@[4316, 4319, 4711, 4781, 4895, 4913, 4928, 5015, 5023, 5043, 5064]@{}
http://www.comp.hkbu.edu.hk/~alumni/news/../news/../news/../news/@[202, 749, 766, 837, 914, 1061, 1111, 1199, 1281, 1341, 1356, 1407, 1485, 1536, 1617, 1674, 1753, 1790, 1806, 1861, 1902, 1919, 1976, 2035, 2050, 2135, 2175, 2192, 2271, 2320, 2410, 2448, 2465, 2539, 2580, 2597, 2651, 2739, 2819, 2904, 3003, 3113, 3128, 3188, 3203, 3294, 3383, 3470, 3485, 3575, 3659, 3751, 3851, 3958, 4070, 4180, 4309, 4353, 4356, 4401, 4451, 4491, 4553, 4619, 4683, 4742, 4760, 4808, 4829, 4845, 4927, 4990]@{}
http://www.comp.hkbu.edu.hk/~alumni/news/../scholarship/../news/../news/@[202, 749, 766, 837, 914, 1061, 1111, 1199, 1281, 1341, 1356, 1407, 1485, 1536, 1617, 1674, 1753, 1790, 1806, 1861, 1902, 1919, 1976, 2035, 2050, 2135, 2175, 2192, 2271, 2320, 2410, 2448, 2465, 2539, 2580, 2597, 2651, 2739, 2819, 2904, 3003, 3113, 3128, 3188, 3203, 3294, 3383, 3470, 3485, 3575, 3659, 3751, 3851, 3958, 4070, 4180, 4309, 4353, 4356, 4401, 4451, 4491, 4553, 4619, 4683, 4742, 4760, 4808, 4829, 4845, 4927, 4990]@{}
http://www.comp.hkbu.edu.hk/~alumni/news/../donation/../news/../news/@[202, 749, 766, 837, 914, 1061, 1111, 1199, 1281, 1341, 1356, 1407, 1485, 1536, 1617, 1674, 1753, 1790, 1806, 1861, 1902, 1919, 1976, 2035, 2050, 2135, 2175, 2192, 2271, 2320, 2410, 2448, 2465, 2539, 2580, 2597, 2651, 2739, 2819, 2904, 3003, 3113, 3128, 3188, 3203, 3294, 3383, 3470, 3485, 3575, 3659, 3751, 3851, 3958, 4070, 4180, 4309, 4353, 4356, 4401, 4451, 4491, 4553, 4619, 4683, 4742, 4760, 4808, 4829, 4845, 4927, 4990]@{}
http://www.comp.hkbu.edu.hk/v1/?page=job_vacancies?=tc?=tc?=tc?=tc@[4323, 4326, 4724, 4794, 4908, 4926, 4941, 5028, 5036, 5056, 5077]@{}
http://www.comp.hkbu.edu.hk/v1/?page=job_vacancies?=sc?=tc?=tc?=tc@[4323, 4326, 4725, 4795, 4909, 4927, 4942, 5029, 5037, 5057, 5078]@{}
http://www.comp.hkbu.edu.hk/v1/?page=sitemap?=tc?=tc?=tc?=tc@[4322, 4325, 4713, 4783, 4897, 4915, 4930, 5017, 5025, 5045, 5066]@{}
http://www.comp.hkbu.edu.hk/v1/?page=sitemap?=sc?=tc?=tc?=tc@[4322, 4325, 4724, 4794, 4908, 4926, 4941, 5028, 5036, 5056, 5077]@{}
http://www.comp.hkbu.edu.hk/v1/?page=home?=tc?=tc@[4318, 4321, 4713, 4783, 4897, 4915, 4930, 5017, 5025, 5045, 5066]@{}
http://www.comp.hkbu.edu.hk/~alumni/news/../news/../news/../news/../news/@[202, 749, 766, 837, 914, 1061, 1111, 1199, 1281, 1341, 1356, 1407, 1485, 1536, 1617, 1674, 1753, 1790, 1806, 1861, 1902, 1919, 1976, 2035, 2050, 2135, 2175, 2192, 2271, 2320, 2410, 2448, 2465, 2539, 2580, 2597, 2651, 2739, 2819, 2904, 3003, 3113, 3128, 3188, 3203, 3294, 3383, 3470, 3485, 3575, 3659, 3751, 3851, 3958, 4070, 4180, 4309, 4353, 4356, 4401, 4451, 4491, 4553, 4619, 4683, 4742, 4760, 4808, 4829, 4845, 4927, 4990]@{}
http://www.comp.hkbu.edu.hk/v1/?page=alumni@[129]@{}
http://www.comp.hkbu.edu.hk/~alumni/news/../scholarship/../news/../news/../news/@[202, 749, 766, 837, 914, 1061, 1111, 1199, 1281, 1341, 1356, 1407, 1485, 1536, 1617, 1674, 1753, 1790, 1806, 1861, 1902, 1919, 1976, 2035, 2050, 2135, 2175, 2192, 2271, 2320, 2410, 2448, 2465, 2539, 2580, 2597, 2651, 2739, 2819, 2904, 3003, 3113, 3128, 3188, 3203, 3294, 3383, 3470, 3485, 3575, 3659, 3751, 3851, 3958, 4070, 4180, 4309, 4353, 4356, 4401, 4451, 4491, 4553, 4619, 4683, 4742, 4760, 4808, 4829, 4845, 4927, 4990]@{}
http://www.comp.hkbu.edu.hk/~alumni/news/../donation/../news/../news/../news/@[202, 749, 766, 837, 914, 1061, 1111, 1199, 1281, 1341, 1356, 1407, 1485, 1536, 1617, 1674, 1753, 1790, 1806, 1861, 1902, 1919, 1976, 2035, 2050, 2135, 2175, 2192, 2271, 2320, 2410, 2448, 2465, 2539, 2580, 2597, 2651, 2739, 2819, 2904, 3003, 3113, 3128, 3188, 3203, 3294, 3383, 3470, 3485, 3575, 3659, 3751, 3851, 3958, 4070, 4180, 4309, 4353, 4356, 4401, 4451, 4491, 4553, 4619, 4683, 4742, 4760, 4808, 4829, 4845, 4927, 4990]@{}
http://www.comp.hkbu.edu.hk/v1/?page=job_vacancies?=tc?=tc?=tc?=tc?=tc@[4325, 4328, 4727, 4797, 4911, 4929, 4944, 5031, 5039, 5059, 5080]@{}
http://www.comp.hkbu.edu.hk/v1/?page=job_vacancies?=sc?=tc?=tc?=tc?=tc@[4324, 4327, 4712, 4782, 4896, 4914, 4929, 5016, 5024, 5044, 5065]@{}
http://www.comp.hkbu.edu.hk/v1/?page=sitemap?=tc?=tc?=tc?=tc?=tc@[4325, 4328, 4720, 4790, 4904, 4922, 4937, 5024, 5032, 5052, 5073]@{}
http://www.comp.hkbu.edu.hk/v1/?page=sitemap?=sc?=tc?=tc?=tc?=tc@[4324, 4327, 4726, 4796, 4910, 4928, 4943, 5030, 5038, 5058, 5079]@{}
http://www.comp.hkbu.edu.hk/v1/?page=home?=tc?=tc?=tc@[4320, 4323, 4711, 4781, 4895, 4913, 4928, 5015, 5023, 5043, 5064, 6368, 6775]@{}
http://www.comp.hkbu.edu.hk/~alumni/news/../news/../news/../news/../news/../news/@[202, 749, 766, 837, 914, 1061, 1111, 1199, 1281, 1341, 1356, 1407, 1485, 1536, 1617, 1674, 1753, 1790, 1806, 1861, 1902, 1919, 1976, 2035, 2050, 2135, 2175, 2192, 2271, 2320, 2410, 2448, 2465, 2539, 2580, 2597, 2651, 2739, 2819, 2904, 3003, 3113, 3128, 3188, 3203, 3294, 3383, 3470, 3485, 3575, 3659, 3751, 3851, 3958, 4070, 4180, 4309, 4353, 4356, 4401, 4451, 4491, 4553, 4619, 4683, 4742, 4760, 4808, 4829, 4845, 4927, 4990]@{}
http://www.comp.hkbu.edu.hk/~alumni/news/../scholarship/../news/../news/../news/../news/@[202, 749, 766, 837, 914, 1061, 1111, 1199, 1281, 1341, 1356, 1407, 1485, 1536, 1617, 1674, 1753, 1790, 1806, 1861, 1902, 1919, 1976, 2035, 2050, 2135, 2175, 2192, 2271, 2320, 2410, 2448, 2465, 2539, 2580, 2597, 2651, 2739, 2819, 2904, 3003, 3113, 3128, 3188, 3203, 3294, 3383, 3470, 3485, 3575, 3659, 3751, 3851, 3958, 4070, 4180, 4309, 4353, 4356, 4401, 4451, 4491, 4553, 4619, 4683, 4742, 4760, 4808, 4829, 4845, 4927, 4990]@{}
http://www.comp.hkbu.edu.hk/~alumni/news/../donation/../news/../news/../news/../news/@[202, 749, 766, 837, 914, 1061, 1111, 1199, 1281, 1341, 1356, 1407, 1485, 1536, 1617, 1674, 1753, 1790, 1806, 1861, 1902, 1919, 1976, 2035, 2050, 2135, 2175, 2192, 2271, 2320, 2410, 2448, 2465, 2539, 2580, 2597, 2651, 2739, 2819, 2904, 3003, 3113, 3128, 3188, 3203, 3294, 3383, 3470, 3485, 3575, 3659, 3751, 3851, 3958, 4070, 4180, 4309, 4353, 4356, 4401, 4451, 4491, 4553, 4619, 4683, 4742, 4760, 4808, 4829, 4845, 4927, 4990]@{}
http://www.comp.hkbu.edu.hk/v1/?page=job_vacancies@[3863, 3866]@{}
http://www.comp.hkbu.edu.hk/v1/?page=job_vacancies?=tc?=tc?=tc?=tc?=tc?=tc@[4327, 4330, 4715, 4785, 4899, 4917, 4932, 5019, 5027, 5047, 5068]@{}
http://www.comp.hkbu.edu.hk/v1/?page=job_vacancies?=sc?=tc?=tc?=tc?=tc?=tc@[4326, 4329, 4714, 4784, 4898, 4916, 4931, 5018, 5026, 5046, 5067, 6294, 6792]@{}
http://www.comp.hkbu.edu.hk/v1/?page=sitemap?=tc?=tc?=tc?=tc?=tc?=tc@[4326, 4329, 4718, 4788, 4902, 4920, 4935, 5022, 5030, 5050, 5071]@{}
http://www.comp.hkbu.edu.hk/v1/?page=sitemap?=sc?=tc?=tc?=tc?=tc?=tc@[4327, 4330, 4736, 4806, 4920, 4938, 4953, 5040, 5048, 5068, 5089]@{}
http://www.comp.hkbu.edu.hk/v1/?page=home?=tc?=tc?=tc?=tc@[4323, 4326, 4717, 4787, 4901, 4919, 4934, 5021, 5029, 5049, 5070]@{}
http://www.comp.hkbu.edu.hk/~alumni/news/../news/../news/../news/../news/../news/../news/@[202, 749, 766, 837, 914, 1061, 1111, 1199, 1281, 1341, 1356, 1407, 1485, 1536, 1617, 1674, 1753, 1790, 1806, 1861, 1902, 1919, 1976, 2035, 2050, 2135, 2175, 2192, 2271, 2320, 2410, 2448, 2465, 2539, 2580, 2597, 2651, 2739, 2819, 2904, 3003, 3113, 3128, 3188, 3203, 3294, 3383, 3470, 3485, 3575, 3659, 3751, 3851, 3958, 4070, 4180, 4309, 4353, 4356, 4401, 4451, 4491, 4553, 4619, 4683, 4742, 4760, 4808, 4829, 4845, 4927, 4990]@{}
http://www.comp.hkbu.edu.hk/~alumni/news/../scholarship/../news/../news/../news/../news/../news/@[202, 749, 766, 837, 914, 1061, 1111, 1199, 1281, 1341, 1356, 1407, 1485, 1536, 1617, 1674, 1753, 1790, 1806, 1861, 1902, 1919, 1976, 2035, 2050, 2135, 2175, 2192, 2271, 2320, 2410, 2448, 2465, 2539, 2580, 2597, 2651, 2739, 2819, 2904, 3003, 3113, 3128, 3188, 3203, 3294, 3383, 3470, 3485, 3575, 3659, 3751, 3851, 3958, 4070, 4180, 4309, 4353, 4356, 4401, 4451, 4491, 4553, 4619, 4683, 4742, 4760, 4808, 4829, 4845, 4927, 4990]@{}
http://www.comp.hkbu.edu.hk/~alumni/news/../donation/../news/../news/../news/../news/../news/@[202, 749, 766, 837, 914, 1061, 1111, 1199, 1281, 1341, 1356, 1407, 1485, 1536, 1617, 1674, 1753, 1790, 1806, 1861, 1902, 1919, 1976, 2035, 2050, 2135, 2175, 2192, 2271, 2320, 2410, 2448, 2465, 2539, 2580, 2597, 2651, 2739, 2819, 2904, 3003, 3113, 3128, 3188, 3203, 3294, 3383, 3470, 3485, 3575, 3659, 3751, 3851, 3958, 4070, 4180, 4309, 4353, 4356, 4401, 4451, 4491, 4553, 4619, 4683, 4742, 4760, 4808, 4829, 4845, 4927, 4990]@{}
http://www.comp.hkbu.edu.hk/v1/?page=job_vacancies?=tc?=tc?=tc?=tc?=tc?=tc?=tc@[4329, 4332, 4719, 4789, 4903, 4921, 4936, 5023, 5031, 5051, 5072]@{}
http://www.comp.hkbu.edu.hk/v1/?page=job_vacancies?=sc?=tc?=tc?=tc?=tc?=tc?=tc@[4329, 4332, 4716, 4786, 4900, 4918, 4933, 5020, 5028, 5048, 5069, 6711]@{}
http://www.comp.hkbu.edu.hk/v1/?page=sitemap?=tc?=tc?=tc?=tc?=tc?=tc?=tc@[4328, 4331, 4718, 4788, 4902, 4920, 4935, 5022, 5030, 5050, 5071]@{}
http://www.comp.hkbu.edu.hk/v1/?page=sitemap?=sc?=tc?=tc?=tc?=tc?=tc?=tc@[4328, 4331, 4720, 4790, 4904, 4922, 4937, 5024, 5032, 5052, 5073]@{}
http://www.comp.hkbu.edu.hk/v1/?page=home?=tc?=tc?=tc?=tc?=tc@[4325, 4328, 4720, 4790, 4904, 4922, 4937, 5024, 5032, 5052, 5073, 6717]@{}
http://www.comp.hkbu.edu.hk/~alumni/news/../news/../news/../news/../news/../news/../news/../news/@[202, 749, 766, 837, 914, 1061, 1111, 1199, 1281, 1341, 1356, 1407, 1485, 1536, 1617, 1674, 1753, 1790, 1806, 1861, 1902, 1919, 1976, 2035, 2050, 2135, 2175, 2192, 2271, 2320, 2410, 2448, 2465, 2539, 2580, 2597, 2651, 2739, 2819, 2904, 3003, 3113, 3128, 3188, 3203, 3294, 3383, 3470, 3485, 3575, 3659, 3751, 3851, 3958, 4070, 4180, 4309, 4353, 4356, 4401, 4451, 4491, 4553, 4619, 4683, 4742, 4760, 4808, 4829, 4845, 4927, 4990]@{}
http://www.comp.hkbu.edu.hk/~alumni/news/../scholarship/../news/../news/../news/../news/../news/../news/@[202, 749, 766, 837, 914, 1061, 1111, 1199, 1281, 1341, 1356, 1407, 1485, 1536, 1617, 1674, 1753, 1790, 1806, 1861, 1902, 1919, 1976, 2035, 2050, 2135, 2175, 2192, 2271, 2320, 2410, 2448, 2465, 2539, 2580, 2597, 2651, 2739, 2819, 2904, 3003, 3113, 3128, 3188, 3203, 3294, 3383, 3470, 3485, 3575, 3659, 3751, 3851, 3958, 4070, 4180, 4309, 4353, 4356, 4401, 4451, 4491, 4553, 4619, 4683, 4742, 4760, 4808, 4829, 4845, 4927, 4990]@{}
http://www.comp.hkbu.edu.hk/~alumni/news/../donation/../news/../news/../news/../news/../news/../news/@[202, 749, 766, 837, 914, 1061, 1111, 1199, 1281, 1341, 1356, 1407, 1485, 1536, 1617, 1674, 1753, 1790, 1806, 1861, 1902, 1919, 1976, 2035, 2050, 2135, 2175, 2192, 2271, 2320, 2410, 2448, 2465, 2539, 2580, 2597, 2651, 2739, 2819, 2904, 3003, 3113, 3128, 3188, 3203, 3294, 3383, 3470, 3485, 3575, 3659, 3751, 3851, 3958, 4070, 4180, 4309, 4353, 4356, 4401, 4451, 4491, 4553, 4619, 4683, 4742, 4760, 4808, 4829, 4845, 4927, 4990]@{}
http://www.comp.hkbu.edu.hk/v1/?page=job_vacancies?=tc?=tc?=tc?=tc?=tc?=tc?=tc?=tc@[4331, 4334, 4735, 4805, 4919, 4937, 4952, 5039, 5047, 5067, 5088]@{}
http://www.comp.hkbu.edu.hk/v1/?page=job_vacancies?=sc?=tc?=tc?=tc?=tc?=tc?=tc?=tc@[4331, 4334, 4719, 4789, 4903, 4921, 4936, 5023, 5031, 5051, 5072]@{}
http://www.comp.hkbu.edu.hk/v1/?page=sitemap?=tc?=tc?=tc?=tc?=tc?=tc?=tc?=tc@[4331, 4334, 4722, 4792, 4906, 4924, 4939, 5026, 5034, 5054, 5075]@{}
http://www.comp.hkbu.edu.hk/v1/?page=sitemap?=sc?=tc?=tc?=tc?=tc?=tc?=tc?=tc@[4331, 4334, 4736, 4806, 4920, 4938, 4953, 5040, 5048, 5068, 5089]@{}
http://www.comp.hkbu.edu.hk/v1/?page=sitemap@[3860, 3863]@{}
http://www.comp.hkbu.edu.hk/v1/?page=home?=tc?=tc?=tc?=tc?=tc?=tc@[4326, 4329, 4721, 4791, 4905, 4923, 4938, 5025, 5033, 5053, 5074]@{}
http://www.comp.hkbu.edu.hk/~alumni/news/../news/../news/../news/../news/../news/../news/../news/../news/@[202, 749, 766, 837, 914, 1061, 1111, 1199, 1281, 1341, 1356, 1407, 1485, 1536, 1617, 1674, 1753, 1790, 1806, 1861, 1902, 1919, 1976, 2035, 2050, 2135, 2175, 2192, 2271, 2320, 2410, 2448, 2465, 2539, 2580, 2597, 2651, 2739, 2819, 2904, 3003, 3113, 3128, 3188, 3203, 3294, 3383, 3470, 3485, 3575, 3659, 3751, 3851, 3958, 4070, 4180, 4309, 4353, 4356, 4401, 4451, 4491, 4553, 4619, 4683, 4742, 4760, 4808, 4829, 4845, 4927, 4990]@{}
http://www.comp.hkbu.edu.hk/~alumni/news/../scholarship/../news/../news/../news/../news/../news/../news/../news/@[202, 749, 766, 837, 914, 1061, 1111, 1199, 1281, 1341, 1356, 1407, 1485, 1536, 1617, 1674, 1753, 1790, 1806, 1861, 1902, 1919, 1976, 2035, 2050, 2135, 2175, 2192, 2271, 2320, 2410, 2448, 2465, 2539, 2580, 2597, 2651, 2739, 2819, 2904, 3003, 3113, 3128, 3188, 3203, 3294, 3383, 3470, 3485, 3575, 3659, 3751, 3851, 3958, 4070, 4180, 4309, 4353, 4356, 4401, 4451, 4491, 4553, 4619, 4683, 4742, 4760, 4808, 4829, 4845, 4927, 4990]@{}
http://www.comp.hkbu.edu.hk/~alumni/news/../donation/../news/../news/../news/../news/../news/../news/../news/@[202, 749, 766, 837, 914, 1061, 1111, 1199, 1281, 1341, 1356, 1407, 1485, 1536, 1617, 1674, 1753, 1790, 1806, 1861, 1902, 1919, 1976, 2035, 2050, 2135, 2175, 2192, 2271, 2320, 2410, 2448, 2465, 2539, 2580, 2597, 2651, 2739, 2819, 2904, 3003, 3113, 3128, 3188, 3203, 3294, 3383, 3470, 3485, 3575, 3659, 3751, 3851, 3958, 4070, 4180, 4309, 4353, 4356, 4401, 4451, 4491, 4553, 4619, 4683, 4742, 4760, 4808, 4829, 4845, 4927, 4990]@{}
http://www.comp.hkbu.edu.hk/v1/?page=job_vacancies?=tc?=tc?=tc?=tc?=tc?=tc?=tc?=tc?=tc@[4333, 4336, 4735, 4805, 4919, 4937, 4952, 5039, 5047, 5067, 5088]@{}
http://www.comp.hkbu.edu.hk/v1/?page=job_vacancies?=sc?=tc?=tc?=tc?=tc?=tc?=tc?=tc?=tc@[4333, 4336, 4734, 4804, 4918, 4936, 4951, 5038, 5046, 5066, 5087]@{}
http://www.comp.hkbu.edu.hk/v1/?page=sitemap?=tc?=tc?=tc?=tc?=tc?=tc?=tc?=tc?=tc@[4332, 4335, 4719, 4789, 4903, 4921, 4936, 5023, 5031, 5051, 5072]@{}
http://www.comp.hkbu.edu.hk/v1/?page=sitemap?=sc?=tc?=tc?=tc?=tc?=tc?=tc?=tc?=tc@[4332, 4335, 4737, 4807, 4921, 4939, 4954, 5041, 5049, 5069, 5090]@{}
http://www.comp.hkbu.edu.hk/v1/?lang=tc@[4310, 4313, 4719, 4789, 4903, 4921, 4936, 5023, 5031, 5051, 5072]@{}
http://www.comp.hkbu.edu.hk/~alumni/news/@[202, 749, 766, 837, 914, 1061, 1111, 1199, 1281, 1341, 1356, 1407, 1485, 1536, 1617, 1674, 1753, 1790, 1806, 1861, 1902, 1919, 1976, 2035, 2050, 2135, 2175, 2192, 2271, 2320, 2410, 2448, 2465, 2539, 2580, 2597, 2651, 2739, 2819, 2904, 3003, 3113, 3128, 3188, 3203, 3294, 3383, 3470, 3485, 3575, 3659, 3751, 3851, 3958, 4070, 4180, 4309, 4353, 4356, 4401, 4451, 4491, 4553, 4619, 4683, 4742, 4760, 4808, 4829, 4845, 4927, 4990]@{}
http://www.sci.hkbu.edu.hk/eng/page/?page=prospective-students@[1672, 1690, 1701]@{}
http://www.sci.hkbu.edu.hk/eng/page/?page=current-students@[1672, 1690, 1701]@{}
http://www.sci.hkbu.edu.hk/eng/page/@[1672, 1690, 1701]@{}
http://www.sci.hkbu.edu.hk/eng/about-us/honorary-doctorate@[1672, 1690, 1701]@{}
http://www.sci.hkbu.edu.hk/eng/about-us/distinguished-professorship/eng/page/?page=prospective-students@[1672, 1690, 1701, 2567, 3043, 3046, 3071, 3116, 3145, 3188, 3218, 3261, 3293, 3338, 3365, 3410, 3440, 3484, 3507, 3556, 3581, 3623, 3651, 3695, 3724, 3771, 5194, 5207, 5220, 5233, 5592, 5611, 5617, 5636, 5642, 5661, 5667, 5686, 5708, 5717, 5726, 5735, 6044, 6049, 6054, 6059]@{}
http://www.sci.hkbu.edu.hk/eng/about-us/honorary-doctorate/eng/page/?page=prospective-students@[1672, 1690, 1701, 2567, 3043, 3046, 3071, 3116, 3145, 3188, 3218, 3261, 3293, 3338, 3365, 3410, 3440, 3484, 3507, 3556, 3581, 3623, 3651, 3695, 3724, 3771, 5194, 5207, 5220, 5233, 5592, 5611, 5617, 5636, 5642, 5661, 5667, 5686, 5708, 5717, 5726, 5735, 6044, 6049, 6054, 6059]@{}
http://www.sci.hkbu.edu.hk/eng/about-us/distinguished-professor-of-science@[1672, 1690, 1701]@{}
http://www.sci.hkbu.edu.hk/eng/about-us/dr-kennedy-wong-distinguished-visiting-professorship-scheme@[1672, 1690, 1701]@{}
http://www.sci.hkbu.edu.hk/eng/about-us/distinguished-professor-of-science/eng/page/?page=prospective-students@[1672, 1690, 1701, 2567, 3043, 3046, 3071, 3116, 3145, 3188, 3218, 3261, 3293, 3338, 3365, 3410, 3440, 3484, 3507, 3556, 3581, 3623, 3651, 3695, 3724, 3771, 5194, 5207, 5220, 5233, 5592, 5611, 5617, 5636, 5642, 5661, 5667, 5686, 5708, 5717, 5726, 5735, 6044, 6049, 6054, 6059]@{}
http://www.sci.hkbu.edu.hk/eng/about-us/dr-kennedy-wong-distinguished-visiting-professorship-scheme/eng/page/?page=prospective-students@[1672, 1690, 1701, 2567, 3043, 3046, 3071, 3116, 3145, 3188, 3218, 3261, 3293, 3338, 3365, 3410, 3440, 3484, 3507, 3556, 3581, 3623, 3651, 3695, 3724, 3771, 5194, 5207, 5220, 5233, 5592, 5611, 5617, 5636, 5642, 5661, 5667, 5686, 5708, 5717, 5726, 5735, 6044, 6049, 6054, 6059]@{}
http://www.sci.hkbu.edu.hk/eng/page/eng/about-us/vision-mission@[1672, 1690, 1701, 2567, 3043, 3046, 3071, 3116, 3145, 3188, 3218, 3261, 3293, 3338, 3365, 3410, 3440, 3484, 3507, 3556, 3581, 3623, 3651, 3695, 3724, 3771, 5194, 5207, 5220, 5233, 5592, 5611, 5617, 5636, 5642, 5661, 5667, 5686, 5708, 5717, 5726, 5735, 6044, 6049, 6054, 6059]@{}
http://www.sci.hkbu.edu.hk/eng/page/eng/about-us/faculty-advisory-committee@[1672, 1690, 1701, 2567, 3043, 3046, 3071, 3116, 3145, 3188, 3218, 3261, 3293, 3338, 3365, 3410, 3440, 3484, 3507, 3556, 3581, 3623, 3651, 3695, 3724, 3771, 5194, 5207, 5220, 5233, 5592, 5611, 5617, 5636, 5642, 5661, 5667, 5686, 5708, 5717, 5726, 5735, 6044, 6049, 6054, 6059]@{}
http://www.sci.hkbu.edu.hk/eng@[1672, 1690, 1701, 2567, 3043, 3046, 3071, 3116, 3145, 3188, 3218, 3261, 3293, 3338, 3365, 3410, 3440, 3484, 3507, 3556, 3581, 3623, 3651, 3695, 3724, 3771, 5194, 5207, 5220, 5233, 5592, 5611, 5617, 5636, 5642, 5661, 5667, 5686, 5708, 5717, 5726, 5735, 6044, 6049, 6054, 6059]@{}
http://www.sci.hkbu.edu.hk/eng/about-us/vision-mission@[1672, 1690, 1701]@{}
http://www.sci.hkbu.edu.hk/eng/about-us/faculty-advisory-committee@[1672, 1690, 1701]@{}
http://www.sci.hkbu.edu.hk/eng/about-us/vision-mission/eng/page/?page=prospective-students@[1672, 1690, 1701, 2567, 3043, 3046, 3071, 3116, 3145, 3188, 3218, 3261, 3293, 3338, 3365, 3410, 3440, 3484, 3507, 3556, 3581, 3623, 3651, 3695, 3724, 3771, 5194, 5207, 5220, 5233, 5592, 5611, 5617, 5636, 5642, 5661, 5667, 5686, 5708, 5717, 5726, 5735, 6044, 6049, 6054, 6059]@{}
http://www.sci.hkbu.edu.hk/eng/about-us/faculty-advisory-committee/eng/page/?page=prospective-students@[1672, 1690, 1701, 2567, 3043, 3046, 3071, 3116, 3145, 3188, 3218, 3261, 3293, 3338, 3365, 3410, 3440, 3484, 3507, 3556, 3581, 3623, 3651, 3695, 3724, 3771, 5194, 5207, 5220, 5233, 5592, 5611, 5617, 5636, 5642, 5661, 5667, 5686, 5708, 5717, 5726, 5735, 6044, 6049, 6054, 6059]@{}
http://www.sci.hkbu.edu.hk/eng/about-us/distinguished-professorship@[1672, 1690, 1701]@{}
