http://www.comp.hkbu.edu.hk@[5136, 5209, 5216, 5220, 5223, 5231, 5235, 5242, 5246, 5263, 5267, 5284, 5288, 5305, 5309, 5324, 5328]@{}
http://www.comp.hkbu.edu.hk/v1/?page=job_vacancies?=tc@[5132, 5205, 5212, 5216, 5219, 5227, 5231, 5238, 5242, 5259, 5263, 5280, 5284, 5301, 5305, 5320, 5324]@{}
http://www.comp.hkbu.edu.hk/v1/?page=job_vacancies?=sc@[5132, 5205, 5212, 5216, 5219, 5227, 5231, 5238, 5242, 5259, 5263, 5280, 5284, 5301, 5305, 5320, 5324]@{}
http://www.comp.hkbu.edu.hk/v1/?page=sitemap?=tc@[5128, 5201, 5208, 5212, 5215, 5223, 5227, 5234, 5238, 5255, 5259, 5276, 5280, 5297, 5301, 5316, 5320]@{}
http://www.comp.hkbu.edu.hk/v1/?page=sitemap?=sc@[5127, 5200, 5207, 5211, 5214, 5222, 5226, 5233, 5237, 5254, 5258, 5275, 5279, 5296, 5300, 5315, 5319]@{}
http://www.comp.hkbu.edu.hk/v1/?lang=sc@[5123, 5196, 5203, 5207, 5210, 5218, 5222, 5229, 5233, 5250, 5254, 5271, 5275, 5292, 5296, 5311, 5315]@{}
http://www.comp.hkbu.edu.hk/v1/?page=job_vacancies?=tc?=tc@[5129, 5202, 5209, 5213, 5216, 5224, 5228, 5235, 5239, 5256, 5260, 5277, 5281, 5298, 5302, 5317, 5321]@{}
http://www.comp.hkbu.edu.hk/v1/?page=job_vacancies?=sc?=tc@[5139, 5212, 5219, 5223, 5226, 5234, 5238, 5245, 5249, 5266, 5270, 5287, 5291, 5308, 5312, 5327, 5331]@{}
http://www.comp.hkbu.edu.hk/v1/?page=sitemap?=tc?=tc@[5129, 5202, 5209, 5213, 5216, 5224, 5228, 5235, 5239, 5256, 5260, 5277, 5281, 5298, 5302, 5317, 5321]@{}
http://www.comp.hkbu.edu.hk/v1/?page=sitemap?=sc?=tc@[5143, 5216, 5223, 5227, 5230, 5238, 5242, 5249, 5253, 5270, 5274, 5291, 5295, 5312, 5316, 5331, 5335]@{}
http://www.comp.hkbu.edu.hk/v1/?page=home@[5121, 5194, 5201, 5205, 5208, 5216, 5220, 5227, 5231, 5248, 5252, 5269, 5273, 5290, 5294, 5309, 5313]@{}
http://www.comp.hkbu.edu.hk/v1/?page=job_vacancies?=tc?=tc?=tc@[5143, 5216, 5223, 5227, 5230, 5238, 5242, 5249, 5253, 5270, 5274, 5291, 5295, 5312, 5316, 5331, 5335]@{}
http://www.comp.hkbu.edu.hk/v1/?page=job_vacancies?=sc?=tc?=tc@[5127, 5200, 5207, 5211, 5214, 5222, 5226, 5233, 5237, 5254, 5258, 5275, 5279, 5296, 5300, 5315, 5319]@{}
http://www.comp.hkbu.edu.hk/v1/?page=sitemap?=tc?=tc?=tc@[5133, 5206, 5213, 5217, 5220, 5228, 5232, 5239, 5243, 5260, 5264, 5281, 5285, 5302, 5306, 5321, 5325]@{}
http://www.comp.hkbu.edu.hk/v1/?page=sitemap?=sc?=tc?=tc@[5136, 5209, 5216, 5220, 5223, 5231, 5235, 5242, 5246, 5263, 5267, 5284, 5288, 5305, 5309, 5324, 5328]@{}
http://www.comp.hkbu.edu.hk/v1/?page=home?=tc@[5131, 5204, 5211, 5215, 5218, 5226, 5230, 5237, 5241, 5258, 5262, 5279, 5283, 5300, 5304, 5319, 5323]@{}
http://www.comp.hkbu.edu.hk/v1/?page=job_vacancies?=tc?=tc?=tc?=tc@[5144, 5217, 5224, 5228, 5231, 5239, 5243, 5250, 5254, 5271, 5275, 5292, 5296, 5313, 5317, 5332, 5336]@{}
http://www.comp.hkbu.edu.hk/v1/?page=job_vacancies?=sc?=tc?=tc?=tc@[5145, 5218, 5225, 5229, 5232, 5240, 5244, 5251, 5255, 5272, 5276, 5293, 5297, 5314, 5318, 5333, 5337]@{}
http://www.comp.hkbu.edu.hk/v1/?page=sitemap?=tc?=tc?=tc?=tc@[5133, 5206, 5213, 5217, 5220, 5228, 5232, 5239, 5243, 5260, 5264, 5281, 5285, 5302, 5306, 5321, 5325]@{}
http://www.comp.hkbu.edu.hk/v1/?page=sitemap?=sc?=tc?=tc?=tc@[5144, 5217, 5224, 5228, 5231, 5239, 5243, 5250, 5254, 5271, 5275, 5292, 5296, 5313, 5317, 5332, 5336]@{}
http://www.comp.hkbu.edu.hk/v1/?page=home?=tc?=tc@[5133, 5206, 5213, 5217, 5220, 5228, 5232, 5239, 5243, 5260, 5264, 5281, 5285, 5302, 5306, 5321, 5325]@{}
http://www.comp.hkbu.edu.hk/v1/?page=job_vacancies?=tc?=tc?=tc?=tc?=tc@[5147, 5220, 5227, 5231, 5234, 5242, 5246, 5253, 5257, 5274, 5278, 5295, 5299, 5316, 5320, 5335, 5339]@{}
http://www.comp.hkbu.edu.hk/v1/?page=job_vacancies?=sc?=tc?=tc?=tc?=tc@[5132, 5205, 5212, 5216, 5219, 5227, 5231, 5238, 5242, 5259, 5263, 5280, 5284, 5301, 5305, 5320, 5324]@{}
http://www.comp.hkbu.edu.hk/v1/?page=sitemap?=tc?=tc?=tc?=tc?=tc@[5140, 5213, 5220, 5224, 5227, 5235, 5239, 5246, 5250, 5267, 5271, 5288, 5292, 5309, 5313, 5328, 5332]@{}
http://www.comp.hkbu.edu.hk/v1/?page=sitemap?=sc?=tc?=tc?=tc?=tc@[5146, 5219, 5226, 5230, 5233, 5241, 5245, 5252, 5256, 5273, 5277, 5294, 5298, 5315, 5319, 5334, 5338]@{}
http://www.comp.hkbu.edu.hk/v1/?page=home?=tc?=tc?=tc@[5131, 5204, 5211, 5215, 5218, 5226, 5230, 5237, 5241, 5258, 5262, 5279, 5283, 5300, 5304, 5319, 5323]@{}
http://www.comp.hkbu.edu.hk/v1/?page=job_vacancies?=tc?=tc?=tc?=tc?=tc?=tc@[5135, 5208, 5215, 5219, 5222, 5230, 5234, 5241, 5245, 5262, 5266, 5283, 5287, 5304, 5308, 5323, 5327]@{}
http://www.comp.hkbu.edu.hk/v1/?page=job_vacancies?=sc?=tc?=tc?=tc?=tc?=tc@[5134, 5207, 5214, 5218, 5221, 5229, 5233, 5240, 5244, 5261, 5265, 5282, 5286, 5303, 5307, 5322, 5326]@{}
http://www.comp.hkbu.edu.hk/v1/?page=sitemap?=tc?=tc?=tc?=tc?=tc?=tc@[5138, 5211, 5218, 5222, 5225, 5233, 5237, 5244, 5248, 5265, 5269, 5286, 5290, 5307, 5311, 5326, 5330]@{}
http://www.comp.hkbu.edu.hk/v1/?page=sitemap?=sc?=tc?=tc?=tc?=tc?=tc@[5156, 5229, 5236, 5240, 5243, 5251, 5255, 5262, 5266, 5283, 5287, 5304, 5308, 5325, 5329, 5344, 5348]@{}
http://www.comp.hkbu.edu.hk/v1/?page=home?=tc?=tc?=tc?=tc@[5137, 5210, 5217, 5221, 5224, 5232, 5236, 5243, 5247, 5264, 5268, 5285, 5289, 5306, 5310, 5325, 5329]@{}
http://www.comp.hkbu.edu.hk/v1/?page=job_vacancies?=tc?=tc?=tc?=tc?=tc?=tc?=tc@[5139, 5212, 5219, 5223, 5226, 5234, 5238, 5245, 5249, 5266, 5270, 5287, 5291, 5308, 5312, 5327, 5331]@{}
http://www.comp.hkbu.edu.hk/v1/?page=job_vacancies?=sc?=tc?=tc?=tc?=tc?=tc?=tc@[5136, 5209, 5216, 5220, 5223, 5231, 5235, 5242, 5246, 5263, 5267, 5284, 5288, 5305, 5309, 5324, 5328]@{}
http://www.comp.hkbu.edu.hk/v1/?page=sitemap?=tc?=tc?=tc?=tc?=tc?=tc?=tc@[5138, 5211, 5218, 5222, 5225, 5233, 5237, 5244, 5248, 5265, 5269, 5286, 5290, 5307, 5311, 5326, 5330]@{}
http://www.comp.hkbu.edu.hk/v1/?page=sitemap?=sc?=tc?=tc?=tc?=tc?=tc?=tc@[5140, 5213, 5220, 5224, 5227, 5235, 5239, 5246, 5250, 5267, 5271, 5288, 5292, 5309, 5313, 5328, 5332]@{}
http://www.comp.hkbu.edu.hk/v1/?page=home?=tc?=tc?=tc?=tc?=tc@[5140, 5213, 5220, 5224, 5227, 5235, 5239, 5246, 5250, 5267, 5271, 5288, 5292, 5309, 5313, 5328, 5332]@{}
http://www.comp.hkbu.edu.hk/v1/?page=job_vacancies?=tc?=tc?=tc?=tc?=tc?=tc?=tc?=tc@[5155, 5228, 5235, 5239, 5242, 5250, 5254, 5261, 5265, 5282, 5286, 5303, 5307, 5324, 5328, 5343, 5347]@{}
http://www.comp.hkbu.edu.hk/v1/?page=job_vacancies?=sc?=tc?=tc?=tc?=tc?=tc?=tc?=tc@[5139, 5212, 5219, 5223, 5226, 5234, 5238, 5245, 5249, 5266, 5270, 5287, 5291, 5308, 5312, 5327, 5331]@{}
http://www.comp.hkbu.edu.hk/v1/?page=sitemap?=tc?=tc?=tc?=tc?=tc?=tc?=tc?=tc@[5142, 5215, 5222, 5226, 5229, 5237, 5241, 5248, 5252, 5269, 5273, 5290, 5294, 5311, 5315, 5330, 5334]@{}
http://www.comp.hkbu.edu.hk/v1/?page=sitemap?=sc?=tc?=tc?=tc?=tc?=tc?=tc?=tc@[5156, 5229, 5236, 5240, 5243, 5251, 5255, 5262, 5266, 5283, 5287, 5304, 5308, 5325, 5329, 5344, 5348]@{}
http://www.comp.hkbu.edu.hk/v1/?page=home?=tc?=tc?=tc?=tc?=tc?=tc@[5141, 5214, 5221, 5225, 5228, 5236, 5240, 5247, 5251, 5268, 5272, 5289, 5293, 5310, 5314, 5329, 5333]@{}
http://www.comp.hkbu.edu.hk/v1/?page=job_vacancies?=tc?=tc?=tc?=tc?=tc?=tc?=tc?=tc?=tc@[5155, 5228, 5235, 5239, 5242, 5250, 5254, 5261, 5265, 5282, 5286, 5303, 5307, 5324, 5328, 5343, 5347]@{}
http://www.comp.hkbu.edu.hk/v1/?page=job_vacancies?=sc?=tc?=tc?=tc?=tc?=tc?=tc?=tc?=tc@[5154, 5227, 5234, 5238, 5241, 5249, 5253, 5260, 5264, 5281, 5285, 5302, 5306, 5323, 5327, 5342, 5346]@{}
http://www.comp.hkbu.edu.hk/v1/?page=sitemap?=tc?=tc?=tc?=tc?=tc?=tc?=tc?=tc?=tc@[5139, 5212, 5219, 5223, 5226, 5234, 5238, 5245, 5249, 5266, 5270, 5287, 5291, 5308, 5312, 5327, 5331]@{}
http://www.comp.hkbu.edu.hk/v1/?page=sitemap?=sc?=tc?=tc?=tc?=tc?=tc?=tc?=tc?=tc@[5157, 5230, 5237, 5241, 5244, 5252, 5256, 5263, 5267, 5284, 5288, 5305, 5309, 5326, 5330, 5345, 5349]@{}
http://www.comp.hkbu.edu.hk/v1/?lang=tc@[5139, 5212, 5219, 5223, 5226, 5234, 5238, 5245, 5249, 5266, 5270, 5287, 5291, 5308, 5312, 5327, 5331]@{}
