http://www.comp.hkbu.edu.hk/~alumni/news/../news/@[803, 870, 879, 1237, 1246, 1441, 1450, 1570, 1578, 1709, 1718, 2091, 2100, 2227, 2236, 2693, 2704, 3243, 3259, 3521, 3540]@{}
http://www.comp.hkbu.edu.hk/~alumni/news/../news/../news/@[803, 870, 879, 1237, 1246, 1441, 1450, 1570, 1578, 1709, 1718, 2091, 2100, 2227, 2236, 2693, 2704, 3243, 3259, 3521, 3540]@{}
http://www.comp.hkbu.edu.hk/~alumni/news/../scholarship/../news/@[803, 870, 879, 1237, 1246, 1441, 1450, 1570, 1578, 1709, 1718, 2091, 2100, 2227, 2236, 2693, 2704, 3243, 3259, 3521, 3540]@{}
http://www.comp.hkbu.edu.hk/~alumni/news/../donation/../news/@[803, 870, 879, 1237, 1246, 1441, 1450, 1570, 1578, 1709, 1718, 2091, 2100, 2227, 2236, 2693, 2704, 3243, 3259, 3521, 3540]@{}
http://www.comp.hkbu.edu.hk/~alumni/news/../news/../news/../news/@[803, 870, 879, 1237, 1246, 1441, 1450, 1570, 1578, 1709, 1718, 2091, 2100, 2227, 2236, 2693, 2704, 3243, 3259, 3521, 3540]@{}
http://www.comp.hkbu.edu.hk/~alumni/news/../scholarship/../news/../news/@[803, 870, 879, 1237, 1246, 1441, 1450, 1570, 1578, 1709, 1718, 2091, 2100, 2227, 2236, 2693, 2704, 3243, 3259, 3521, 3540]@{}
http://www.comp.hkbu.edu.hk/~alumni/news/../donation/../news/../news/@[803, 870, 879, 1237, 1246, 1441, 1450, 1570, 1578, 1709, 1718, 2091, 2100, 2227, 2236, 2693, 2704, 3243, 3259, 3521, 3540]@{}
http://www.comp.hkbu.edu.hk/~alumni/news/../news/../news/../news/../news/@[803, 870, 879, 1237, 1246, 1441, 1450, 1570, 1578, 1709, 1718, 2091, 2100, 2227, 2236, 2693, 2704, 3243, 3259, 3521, 3540]@{}
http://www.comp.hkbu.edu.hk/~alumni/news/../scholarship/../news/../news/../news/@[803, 870, 879, 1237, 1246, 1441, 1450, 1570, 1578, 1709, 1718, 2091, 2100, 2227, 2236, 2693, 2704, 3243, 3259, 3521, 3540]@{}
http://www.comp.hkbu.edu.hk/~alumni/news/../donation/../news/../news/../news/@[803, 870, 879, 1237, 1246, 1441, 1450, 1570, 1578, 1709, 1718, 2091, 2100, 2227, 2236, 2693, 2704, 3243, 3259, 3521, 3540]@{}
http://www.comp.hkbu.edu.hk/~alumni/news/../news/../news/../news/../news/../news/@[803, 870, 879, 1237, 1246, 1441, 1450, 1570, 1578, 1709, 1718, 2091, 2100, 2227, 2236, 2693, 2704, 3243, 3259, 3521, 3540]@{}
http://www.comp.hkbu.edu.hk/~alumni/news/../scholarship/../news/../news/../news/../news/@[803, 870, 879, 1237, 1246, 1441, 1450, 1570, 1578, 1709, 1718, 2091, 2100, 2227, 2236, 2693, 2704, 3243, 3259, 3521, 3540]@{}
http://www.comp.hkbu.edu.hk/~alumni/news/../donation/../news/../news/../news/../news/@[803, 870, 879, 1237, 1246, 1441, 1450, 1570, 1578, 1709, 1718, 2091, 2100, 2227, 2236, 2693, 2704, 3243, 3259, 3521, 3540]@{}
http://www.comp.hkbu.edu.hk/~alumni/news/../news/../news/../news/../news/../news/../news/@[803, 870, 879, 1237, 1246, 1441, 1450, 1570, 1578, 1709, 1718, 2091, 2100, 2227, 2236, 2693, 2704, 3243, 3259, 3521, 3540]@{}
http://www.comp.hkbu.edu.hk/~alumni/news/../scholarship/../news/../news/../news/../news/../news/@[803, 870, 879, 1237, 1246, 1441, 1450, 1570, 1578, 1709, 1718, 2091, 2100, 2227, 2236, 2693, 2704, 3243, 3259, 3521, 3540]@{}
http://www.comp.hkbu.edu.hk/~alumni/news/../donation/../news/../news/../news/../news/../news/@[803, 870, 879, 1237, 1246, 1441, 1450, 1570, 1578, 1709, 1718, 2091, 2100, 2227, 2236, 2693, 2704, 3243, 3259, 3521, 3540]@{}
http://www.comp.hkbu.edu.hk/~alumni/news/../news/../news/../news/../news/../news/../news/../news/@[803, 870, 879, 1237, 1246, 1441, 1450, 1570, 1578, 1709, 1718, 2091, 2100, 2227, 2236, 2693, 2704, 3243, 3259, 3521, 3540]@{}
http://www.comp.hkbu.edu.hk/~alumni/news/../scholarship/../news/../news/../news/../news/../news/../news/@[803, 870, 879, 1237, 1246, 1441, 1450, 1570, 1578, 1709, 1718, 2091, 2100, 2227, 2236, 2693, 2704, 3243, 3259, 3521, 3540]@{}
http://www.comp.hkbu.edu.hk/~alumni/news/../donation/../news/../news/../news/../news/../news/../news/@[803, 870, 879, 1237, 1246, 1441, 1450, 1570, 1578, 1709, 1718, 2091, 2100, 2227, 2236, 2693, 2704, 3243, 3259, 3521, 3540]@{}
http://www.comp.hkbu.edu.hk/~alumni/news/../news/../news/../news/../news/../news/../news/../news/../news/@[803, 870, 879, 1237, 1246, 1441, 1450, 1570, 1578, 1709, 1718, 2091, 2100, 2227, 2236, 2693, 2704, 3243, 3259, 3521, 3540]@{}
http://www.comp.hkbu.edu.hk/~alumni/news/../scholarship/../news/../news/../news/../news/../news/../news/../news/@[803, 870, 879, 1237, 1246, 1441, 1450, 1570, 1578, 1709, 1718, 2091, 2100, 2227, 2236, 2693, 2704, 3243, 3259, 3521, 3540]@{}
http://www.comp.hkbu.edu.hk/~alumni/news/../donation/../news/../news/../news/../news/../news/../news/../news/@[803, 870, 879, 1237, 1246, 1441, 1450, 1570, 1578, 1709, 1718, 2091, 2100, 2227, 2236, 2693, 2704, 3243, 3259, 3521, 3540]@{}
http://www.comp.hkbu.edu.hk/~alumni/news/@[803, 870, 879, 1237, 1246, 1441, 1450, 1570, 1578, 1709, 1718, 2091, 2100, 2227, 2236, 2693, 2704, 3243, 3259, 3521, 3540]@{}
