https://www.comp.hkbu.edu.hk/v1/?page=library@[133, 208, 1225]@[133, 208, 1225]
https://www.comp.hkbu.edu.hk/v1/?page=sitemap@[165, 273, 486]@[165, 273, 486]
https://library.hkbu.edu.hk/happenings/news/service-arrangements-7-sep-2020@[139, 214]@[139, 214]
https://www.comp.hkbu.edu.hk/v1/?page=prospective_students@[155]@[155]
https://www.comp.hkbu.edu.hk/v1/?page=whats_new@[138, 141, 153, 160, 182, 240, 384, 424, 455, 463, 472, 486, 489, 501, 508, 540, 543, 810, 989, 1000, 1014, 1017, 1029, 1036, 1104, 1288, 1341, 1498, 1507, 1517, 1518, 1528, 1533, 1560, 1786, 1874, 1884, 1885, 1895, 1911, 1940, 2028, 2124, 2134, 2135, 2145, 2190, 2317, 2401, 2440, 2441, 2453, 2519, 2581, 2788, 2895, 2943, 2951, 2963, 3004, 3069, 3159, 3182, 3190, 3207, 3391, 3397, 3415, 3417, 3485, 3613, 3669, 3733, 3847, 3859, 3937, 3942, 4017, 4192, 4197, 4200]@[138, 141, 153, 160, 182, 240, 384, 424, 455, 463, 472, 486, 489, 501, 508, 540, 543, 810, 989, 1000, 1014, 1017, 1029, 1036, 1104, 1288, 1341, 1498, 1507, 1517, 1518, 1528, 1533, 1560, 1786, 1874, 1884, 1885, 1895, 1911, 1940, 2028, 2124, 2134, 2135, 2145, 2190, 2317, 2401, 2440, 2441, 2453, 2519, 2581, 2788, 2895, 2943, 2951, 2963, 3004, 3069, 3159, 3182, 3190, 3207, 3391, 3397, 3415, 3417, 3485, 3613, 3669, 3733, 3847, 3859, 3937, 3942, 4017, 4192, 4197, 4200]
https://www.comp.hkbu.edu.hk/v1/?page=4_prospective_stud_ug_prog@[129]@[129]
https://www.comp.hkbu.edu.hk/v1/?page=4_prospective_stud_ug_prog_nj@[125]@[125]
https://www.comp.hkbu.edu.hk/v1/?page=prospective_stud_pg@[114]@[114]
https://www.comp.hkbu.edu.hk/v1/?page=current_stud_pg@[127]@[127]
https://www.comp.hkbu.edu.hk/v1/?page=news@[138, 141, 153, 160, 182, 240, 384, 424, 455, 463, 472, 486, 489, 501, 508, 540, 543, 810, 989, 1000, 1014, 1017, 1029, 1036, 1104, 1288, 1341, 1498, 1507, 1517, 1518, 1528, 1533, 1560, 1786, 1874, 1884, 1885, 1895, 1911, 1940, 2028, 2124, 2134, 2135, 2145, 2190, 2317, 2401, 2440, 2441, 2453, 2519, 2581, 2788, 2895, 2943, 2951, 2963, 3004, 3069, 3159, 3182, 3190, 3207, 3391, 3397, 3415, 3417, 3485, 3613, 3669, 3733, 3847, 3859, 3937, 3942, 4017, 4192, 4197, 4200]@[138, 141, 153, 160, 182, 240, 384, 424, 455, 463, 472, 486, 489, 501, 508, 540, 543, 810, 989, 1000, 1014, 1017, 1029, 1036, 1104, 1288, 1341, 1498, 1507, 1517, 1518, 1528, 1533, 1560, 1786, 1874, 1884, 1885, 1895, 1911, 1940, 2028, 2124, 2134, 2135, 2145, 2190, 2317, 2401, 2440, 2441, 2453, 2519, 2581, 2788, 2895, 2943, 2951, 2963, 3004, 3069, 3159, 3182, 3190, 3207, 3391, 3397, 3415, 3417, 3485, 3613, 3669, 3733, 3847, 3859, 3937, 3942, 4017, 4192, 4197, 4200]
https://www.comp.hkbu.edu.hk/v1/?page=events@[518, 626, 968, 1209, 1408, 1623, 1851, 1969, 2308, 2531, 2772, 3223, 3505, 3652, 3796, 4139, 4314, 4423, 4433, 4652, 4683, 4948, 4967, 4979, 5000, 5083, 5205, 5440, 5473, 5477, 5538, 5759, 5941, 6012, 6083, 6237, 6485, 6492, 6580, 6855, 7018, 7024, 7094, 7337, 7501, 7598, 7738]@[518, 626, 968, 1209, 1408, 1623, 1851, 1969, 2308, 2531, 2772, 3223, 3505, 3652, 3796, 4139, 4314, 4423, 4433, 4652, 4683, 4948, 4967, 4979, 5000, 5083, 5205, 5440, 5473, 5477, 5538, 5759, 5941, 6012, 6083, 6237, 6485, 6492, 6580, 6855, 7018, 7024, 7094, 7337, 7501, 7598, 7738]
https://www.comp.hkbu.edu.hk/outreach@[103]@[103]
https://www.comp.hkbu.edu.hk/v1/?pid=77@[225, 236, 240, 259, 345, 392, 452, 463, 478, 531, 623, 782, 837, 1023, 1030, 1037, 1042]@[225, 236, 240, 259, 345, 392, 452, 463, 478, 531, 623, 782, 837, 1023, 1030, 1037, 1042]
