https://www.comp.hkbu.edu.hk/v1/?page=sitemap@[321, 368, 409, 505]@[321, 368, 409, 505]
https://www.comp.hkbu.edu.hk/v1/?page=prospective_students@[195]@[195]
https://www.comp.hkbu.edu.hk/v1/?page=current_students@[118]@[118]
https://www.comp.hkbu.edu.hk/v1/?page=head@[299, 312, 356]@[299, 312, 356]
https://www.comp.hkbu.edu.hk/v1/?page=whats_new@[179, 537, 1076, 1287, 1420, 1775, 1829, 2366, 2752, 2783, 2886, 3110, 3217, 3335, 3484, 3577, 4174]@[179, 537, 1076, 1287, 1420, 1775, 1829, 2366, 2752, 2783, 2886, 3110, 3217, 3335, 3484, 3577, 4174]
https://www.comp.hkbu.edu.hk/v1/?page=faculty@[255, 488]@[255, 488]
https://www.comp.hkbu.edu.hk/v1/?page=admin@[190]@[190]
https://www.comp.hkbu.edu.hk/v1/?page=centres@[140, 330]@[140, 330]
https://www.comp.hkbu.edu.hk/v1/?page=funded_projects@[126, 1614]@[126, 1614]
https://www.hkbu.edu.hk@[59]@[]
https://www.hkbu.edu.hk/eng/about/privacy.jsp@[59]@[]
https://www.comp.hkbu.edu.hk/v1/?pid=32@[244, 338, 409]@[244, 338, 409]
https://www.comp.hkbu.edu.hk/v1/?page=mscitm@[80, 87]@[80, 87]
https://www.comp.hkbu.edu.hk/v1/?page=current_stud_ug@[189, 230]@[189, 230]
https://www.comp.hkbu.edu.hk/v1/?pid=95@[80, 87]@[80, 87]
https://www.comp.hkbu.edu.hk/v1/?page=facilities_teaching@[413]@[413]
https://www.comp.hkbu.edu.hk/v1/?page=facilities_research@[202]@[202]
https://www.comp.hkbu.edu.hk/msc/itm/en@[80, 87]@[80, 87]
https://www.comp.hkbu.edu.hk/v1/?page=news@[179, 537, 1076, 1287, 1420, 1775, 1829, 2366, 2752, 2783, 2886, 3110, 3217, 3335, 3484, 3577, 4174]@[179, 537, 1076, 1287, 1420, 1775, 1829, 2366, 2752, 2783, 2886, 3110, 3217, 3335, 3484, 3577, 4174]
https://www.comp.hkbu.edu.hk/v1/?page=events@[1020, 1192, 1683, 2134, 3320, 3943, 3956, 4181, 4515, 4571, 4615, 4710, 4722, 5090, 5136, 5545, 5766, 6090, 6244, 6577, 6587, 6679, 6862, 7101, 7344, 7605, 7817, 7901, 8070, 8146, 8182, 8260]@[1020, 1192, 1683, 2134, 3320, 3943, 3956, 4181, 4515, 4571, 4615, 4710, 4722, 5090, 5136, 5545, 5766, 6090, 6244, 6577, 6587, 6679, 6862, 7101, 7344, 7605, 7817, 7901, 8070, 8146, 8182, 8260]
https://www.comp.hkbu.edu.hk/v1/?page=dlecture@[982, 1101, 1186, 1239, 1442, 1760, 3271, 4002, 4396, 4421]@[982, 1101, 1186, 1239, 1442, 1760, 3271, 4002, 4396, 4421]
https://www.comp.hkbu.edu.hk/v1/?page=conferences@[244, 338, 409]@[244, 338, 409]
https://www.comp.hkbu.edu.hk/v1/?pid=77@[258, 315, 342, 352, 389, 460, 475, 620, 653, 747, 771, 843]@[258, 315, 342, 352, 389, 460, 475, 620, 653, 747, 771, 843]
https://forms.gle/DjStXN8kEpUVwTW38@[43]@[]
https://www.hkstp.org/en/about-us/event-and-activities/hong-kong-science-park-career-expo-2020-18-april-2020@[155, 241, 292, 295, 317, 329, 543, 580, 583, 586, 638]@[155, 241, 292, 295, 317, 329, 543, 580, 583, 586, 638]
https://www.comp.hkbu.edu.hk/v1/?file=1431@[6458, 6841]@[]
https://www.comp.hkbu.edu.hk/v1/?pid=124@[6, 117, 297]@[117, 297]
https://policies.google.com/privacy@[4483, 4810, 6283]@[4483, 4810, 6283]
https://www.hkstp.org/en@[151, 237, 288, 291, 313, 325, 561, 572, 638, 644, 647, 652, 657, 786, 906, 943, 946, 949, 1001]@[151, 237, 288, 291, 313, 325, 561, 572, 638, 644, 647, 652, 657, 786, 906, 943, 946, 949, 1001]
https://www.hkstp.org@[151, 237, 288, 291, 313, 325, 561, 572, 638, 644, 647, 652, 657, 786, 906, 943, 946, 949, 1001]@[151, 237, 288, 291, 313, 325, 561, 572, 638, 644, 647, 652, 657, 786, 906, 943, 946, 949, 1001]
https://www.hkstp.org/en/about-us/who-we-are@[157, 243, 294, 297, 319, 331, 469, 495, 569, 620, 704, 852, 1000, 1007, 1010, 1014, 1045, 1099, 1292, 1329, 1332, 1335, 1387]@[157, 243, 294, 297, 319, 331, 469, 495, 569, 620, 704, 852, 1000, 1007, 1010, 1014, 1045, 1099, 1292, 1329, 1332, 1335, 1387]
https://www.hkstp.org/about-us/who-we-are@[157, 243, 294, 297, 319, 331, 469, 495, 569, 620, 704, 852, 1000, 1007, 1010, 1014, 1045, 1099, 1292, 1329, 1332, 1335, 1387]@[157, 243, 294, 297, 319, 331, 469, 495, 569, 620, 704, 852, 1000, 1007, 1010, 1014, 1045, 1099, 1292, 1329, 1332, 1335, 1387]
https://news.google.com/?tab=wn@[70]@[]
https://www.hkstp.org/en/about-us/our-milestones@[156, 242, 293, 296, 318, 330, 532, 644, 657, 715, 730, 768, 841, 894, 931, 934, 937, 989]@[156, 242, 293, 296, 318, 330, 532, 644, 657, 715, 730, 768, 841, 894, 931, 934, 937, 989]
https://www.hkstp.org/en/about-us/our-footprint@[156, 242, 293, 296, 318, 330, 486, 623, 746, 789, 1039]@[156, 242, 293, 296, 318, 330, 486, 623, 746, 789, 1039]
https://www.hkstp.org/about-us/our-milestones@[156, 242, 293, 296, 318, 330, 532, 644, 657, 715, 730, 768, 841, 894, 931, 934, 937, 989]@[156, 242, 293, 296, 318, 330, 532, 644, 657, 715, 730, 768, 841, 894, 931, 934, 937, 989]
https://news.google.com/?tab=nn@[70]@[]
