https://iss.hkbu.edu.hk/buam/buam2/reset_pwd/verify_acct.seam@[80]@[80]
https://iss.hkbu.edu.hk/buam/buam2/reset_pwd_alumni/verify_acct.seam@[106]@[106]
https://www.comp.hkbu.edu.hk/v1/?page=technical_reports@[120]@[120]
https://www.comp.hkbu.edu.hk/v1/?page=facilities_teaching@[145]@[145]
https://www.comp.hkbu.edu.hk/v1/?page=events@[707, 1740]@[707, 1740]
https://www.comp.hkbu.edu.hk/v1/?page=dlecture@[1325, 1409, 1411]@[1325, 1409, 1411]
https://www.comp.hkbu.edu.hk/v1/?file=355@[372, 436, 508, 518, 545, 632, 686, 695, 793, 801, 807, 821, 830, 843, 869, 879, 1031, 1096, 1105, 1210, 1227, 1231, 1237, 1240, 1409, 1414, 1429, 1439, 1442, 1447, 1450, 1525, 1534, 1558, 1576, 1591, 1683, 1769, 1776, 1791, 1867, 1910, 1990, 2031, 2274, 2379, 2384, 2465, 2480, 2493, 2549, 2619, 2731, 2778, 2783, 2881, 3036, 3058, 3063, 3175, 3250, 3255, 3406, 3509, 3536, 3584, 3688, 3689, 3844, 3876, 3910, 4020, 4043, 4118, 4223, 4235, 4312, 4353, 4364, 4426, 4469, 4688, 4689, 4700, 4703, 4707, 4740, 5191, 5337, 5350, 5425, 5464, 5491, 5760, 5782, 5807, 5817, 5874, 5888, 5895, 5904, 5920, 5990, 6099, 6128, 6134, 6251, 6258, 6281, 6467, 6565, 6572, 6657, 6691, 6780, 6785, 6805, 6860, 6880, 6993, 7078, 7123, 7125, 7134, 7173, 7190, 7209, 7296, 7298, 7314, 7359, 7426, 7463, 7468, 7483, 7496, 7530, 7542, 7554, 7565, 7572, 7576, 7585, 7592, 7596, 7605, 7612, 7616, 8909, 9504]@[]
https://www.hkstp.org/en/about-us/event-and-activities/hong-kong-science-park-career-expo-2020-18-april-2020@[9, 226]@[9, 226]
https://www.comp.hkbu.edu.hk/v1/?file=1431@[1111, 1140, 1170, 1188, 1203, 1282, 1366, 1367, 1400, 1478, 1517, 1561, 1563, 1774, 1827, 1836, 1947, 1971, 1998, 2023, 2055, 2186, 2290, 2384, 2786, 2828, 2903, 2936, 3091, 3301, 3378, 3384, 3433, 3464, 3513, 3543, 3585, 3591, 3683, 3830, 3852, 3939, 4002, 4026, 4051, 4100, 4196, 4260, 4351, 4356, 4493, 4572, 4577, 4581, 4628, 4672, 4765, 4785, 4801, 4982, 5142, 5294, 5297, 5321, 5374, 5775, 10538]@[]
https://www.hkstp.org/en@[9, 222, 555, 557]@[9, 222, 555, 557]
https://www.hkstp.org@[9, 222, 555, 557]@[9, 222, 555, 557]
https://www.hkstp.org/en/about-us/who-we-are@[9, 228]@[9, 228]
https://www.hkstp.org/about-us/who-we-are@[9, 228]@[9, 228]
https://www.hkstp.org/en/about-us/our-milestones@[9, 227]@[9, 227]
https://www.hkstp.org/en/about-us/our-footprint@[9, 227]@[9, 227]
https://www.hkstp.org/about-us/our-milestones@[9, 227]@[9, 227]
