https://www.comp.hkbu.edu.hk/v1/?page=whats_new@[996, 1004, 1009, 1016, 1027, 1034, 1040, 3174, 3411, 3574, 3710]@[996, 1004, 1009, 1016, 1027, 1034, 1040, 3174, 3411, 3574, 3710]
https://www.hkbu.edu.hk/eng/about/privacy.jsp@[1131]@[1131]
https://www.comp.hkbu.edu.hk/v1/?page=funded_projects@[2576, 2602, 2617, 2630, 2646, 2665, 2681, 2698, 2717, 2731, 2747, 2779, 2800, 2815, 2833, 2850, 2865, 2880, 2896, 2910, 2933, 2949, 2971, 2986, 3730]@[2576, 2602, 2617, 2630, 2646, 2665, 2681, 2698, 2717, 2731, 2747, 2779, 2800, 2815, 2833, 2850, 2865, 2880, 2896, 2910, 2933, 2949, 2971, 2986, 3730]
https://www.comp.hkbu.edu.hk/v1/?page=technical_reports@[146]@[146]
https://www.comp.hkbu.edu.hk/v1/?pid=32@[395]@[395]
https://aao.hkbu.edu.hk/en/home/index.php@[51, 61, 159]@[51, 61, 159]
https://www.comp.hkbu.edu.hk/v1/?page=news@[996, 1004, 1009, 1016, 1027, 1034, 1040, 3174, 3411, 3574, 3710]@[996, 1004, 1009, 1016, 1027, 1034, 1040, 3174, 3411, 3574, 3710]
https://www.comp.hkbu.edu.hk/v1/?page=events@[499, 1068, 1184, 1825, 2141, 3485, 3493, 4163, 4174, 4184, 5008, 5410, 5424, 5467, 6043, 6073, 6477, 6483, 6490, 6496, 6505, 7252, 7499, 7506, 7762, 7850, 8213]@[499, 1068, 1184, 1825, 2141, 3485, 3493, 4163, 4174, 4184, 5008, 5410, 5424, 5467, 6043, 6073, 6477, 6483, 6490, 6496, 6505, 7252, 7499, 7506, 7762, 7850, 8213]
https://pers.hkbu.edu.hk/job@[39, 57, 82, 88, 94, 126, 151, 185, 221, 232, 243, 258, 273]@[57, 82, 88, 94, 126, 151, 185, 221, 232, 243, 258, 273]
https://www.comp.hkbu.edu.hk/v1/?page=career_wt@[252, 262]@[252, 262]
https://foundation.hkbu.edu.hk/zh@[514, 517]@[514, 517]
https://ito.hkbu.edu.hk/index.php/services-2/account-password/#tab-3@[158, 469, 480, 491]@[158, 469, 480, 491]
