http://www.comp.hkbu.edu.hk@[657, 660, 664, 733, 749, 775, 1331, 1367, 1408, 1421, 1455, 1680, 1701, 1847, 1850, 2441, 2506, 2721, 3902, 3950, 3991, 4032, 4070, 4108, 4274, 4579, 4893, 5936, 5940, 5944, 5948, 5964, 5968, 5972, 5976, 6024, 6028, 6032, 6036, 6891]@{}
http://www.comp.hkbu.edu.hk/v1/?page=sci@[708, 913, 917, 924, 2021, 2050, 2381, 2737, 2756, 3020, 4086, 8027, 8042, 8057, 8071]@{}
http://www.comp.hkbu.edu.hk/v1/?page=job_vacancies?=tc@[657, 660, 664, 733, 749, 775, 1331, 1367, 1408, 1421, 1455, 1680, 1701, 1847, 1850, 2441, 2506, 2721, 3908, 3956, 3997, 4038, 4076, 4114, 4280, 4585, 4889, 5932, 5936, 5940, 5944, 5960, 5964, 5968, 5972, 6020, 6024, 6028, 6032, 6867]@{}
http://www.comp.hkbu.edu.hk/v1/?page=job_vacancies?=sc@[657, 660, 664, 733, 749, 775, 1331, 1367, 1408, 1421, 1455, 1680, 1701, 1847, 1850, 2441, 2506, 2721, 3908, 3956, 3997, 4038, 4076, 4114, 4280, 4585, 4889, 5932, 5936, 5940, 5944, 5960, 5964, 5968, 5972, 6020, 6024, 6028, 6032, 6876]@{}
http://www.comp.hkbu.edu.hk/v1/?page=sitemap?=tc@[657, 660, 664, 733, 749, 775, 1331, 1367, 1408, 1421, 1455, 1680, 1701, 1847, 1850, 2441, 2506, 2721, 3908, 3956, 3997, 4038, 4076, 4113, 4279, 4584, 4885, 5928, 5932, 5936, 5940, 5956, 5960, 5964, 5968, 6016, 6020, 6024, 6028, 6879]@{}
http://www.comp.hkbu.edu.hk/v1/?page=sitemap?=sc@[657, 660, 664, 733, 749, 775, 1331, 1367, 1408, 1421, 1455, 1680, 1701, 1847, 1850, 2441, 2506, 2721, 3908, 3956, 3997, 4038, 4076, 4113, 4279, 4584, 4884, 5927, 5931, 5935, 5939, 5955, 5959, 5963, 5967, 6015, 6019, 6023, 6027, 6894]@{}
http://www.comp.hkbu.edu.hk/v1/?lang=sc@[657, 660, 664, 733, 749, 775, 1331, 1367, 1408, 1421, 1455, 1680, 1701, 1847, 1850, 2441, 2506, 2721, 3902, 3950, 3991, 4032, 4070, 4108, 4274, 4579, 4880, 5923, 5927, 5931, 5935, 5951, 5955, 5959, 5963, 6011, 6015, 6019, 6023, 6860]@{}
http://www.comp.hkbu.edu.hk/~alumni/news/../news/@[53, 77, 94, 107, 120, 131, 140, 169, 195, 212, 238, 264, 300, 328, 366, 392, 420, 454, 480, 513, 545, 567, 582, 669, 756, 767, 838, 915, 1062, 1112, 1200, 1282, 1357, 1408, 1486, 1537, 1618, 1675, 1754, 1807, 1862, 1920, 1977, 2051, 2136, 2193, 2272, 2321, 2411, 2466, 2540, 2598, 2652, 2740, 2820, 2905, 3004, 3129, 3204, 3295, 3384, 3486, 3576, 3660, 3752, 3852, 3959, 4042, 4071, 4181, 4310, 4402, 4492, 4554, 4620, 4684, 4761, 4846, 4928, 5027]@{}
http://www.comp.hkbu.edu.hk/~alumni/news/../scholarship/@[53, 77, 94, 107, 120, 131, 140, 169, 195, 212, 238, 264, 300, 328, 366, 392, 420, 454, 480, 513, 545, 567, 582, 612, 623, 644, 665, 689, 714, 737, 759, 776, 861]@{}
http://www.comp.hkbu.edu.hk/~alumni/news/../donation/@[53, 77, 94, 107, 120, 131, 140, 169, 195, 212, 238, 264, 300, 328, 366, 392, 420, 454, 480, 513, 545, 567, 582, 636, 1349]@{}
http://www.comp.hkbu.edu.hk/v1/?page=job_vacancies?=tc?=tc@[657, 660, 664, 733, 749, 775, 1331, 1367, 1408, 1421, 1455, 1680, 1701, 1847, 1850, 2441, 2506, 2721, 3910, 3958, 3999, 4040, 4078, 4115, 4281, 4586, 4886, 5929, 5933, 5937, 5941, 5957, 5961, 5965, 5969, 6017, 6021, 6025, 6029, 6881]@{}
http://www.comp.hkbu.edu.hk/v1/?page=job_vacancies?=sc?=tc@[657, 660, 664, 733, 749, 775, 1331, 1367, 1408, 1421, 1455, 1680, 1701, 1847, 1850, 2441, 2506, 2721, 3910, 3958, 3999, 4040, 4078, 4115, 4281, 4586, 4896, 5939, 5943, 5947, 5951, 5967, 5971, 5975, 5979, 6027, 6031, 6035, 6039, 6910]@{}
http://www.comp.hkbu.edu.hk/v1/?page=sitemap?=tc?=tc@[657, 660, 664, 733, 749, 775, 1331, 1367, 1408, 1421, 1455, 1680, 1701, 1847, 1850, 2441, 2506, 2721, 3910, 3958, 3999, 4040, 4078, 4115, 4281, 4586, 4886, 5929, 5933, 5937, 5941, 5957, 5961, 5965, 5969, 6017, 6021, 6025, 6029, 6872]@{}
http://www.comp.hkbu.edu.hk/v1/?page=sitemap?=sc?=tc@[657, 660, 664, 733, 749, 775, 1331, 1367, 1408, 1421, 1455, 1680, 1701, 1847, 1850, 2441, 2506, 2721, 3910, 3958, 3999, 4040, 4078, 4115, 4281, 4586, 4900, 5943, 5947, 5951, 5955, 5971, 5975, 5979, 5983, 6031, 6035, 6039, 6043, 6899]@{}
http://www.comp.hkbu.edu.hk/v1/?page=home@[657, 660, 664, 733, 749, 775, 1331, 1367, 1408, 1421, 1455, 1680, 1701, 1847, 1850, 2441, 2506, 2721, 3906, 3954, 3995, 4036, 4074, 4111, 4277, 4582, 4878, 5921, 5925, 5929, 5933, 5949, 5953, 5957, 5961, 6009, 6013, 6017, 6021, 6864]@{}
http://www.comp.hkbu.edu.hk/~alumni/news/../news/../news/@[53, 77, 94, 107, 120, 131, 140, 169, 195, 212, 238, 264, 300, 328, 366, 392, 420, 454, 480, 513, 545, 567, 582, 669, 756, 767, 838, 915, 1062, 1112, 1200, 1282, 1357, 1408, 1486, 1537, 1618, 1675, 1754, 1807, 1862, 1920, 1977, 2051, 2136, 2193, 2272, 2321, 2411, 2466, 2540, 2598, 2652, 2740, 2820, 2905, 3004, 3129, 3204, 3295, 3384, 3486, 3576, 3660, 3752, 3852, 3959, 4042, 4071, 4181, 4310, 4402, 4492, 4554, 4620, 4684, 4761, 4846, 4928, 5027]@{}
http://www.comp.hkbu.edu.hk/~alumni/news/../scholarship/../news/@[53, 77, 94, 107, 120, 131, 140, 169, 195, 212, 238, 264, 300, 328, 366, 392, 420, 454, 480, 513, 545, 567, 582, 669, 756, 767, 838, 915, 1062, 1112, 1200, 1282, 1357, 1408, 1486, 1537, 1618, 1675, 1754, 1807, 1862, 1920, 1977, 2051, 2136, 2193, 2272, 2321, 2411, 2466, 2540, 2598, 2652, 2740, 2820, 2905, 3004, 3129, 3204, 3295, 3384, 3486, 3576, 3660, 3752, 3852, 3959, 4042, 4071, 4181, 4310, 4402, 4492, 4554, 4620, 4684, 4761, 4846, 4928, 5027]@{}
http://www.comp.hkbu.edu.hk/~alumni/news/../donation/../news/@[53, 77, 94, 107, 120, 131, 140, 169, 195, 212, 238, 264, 300, 328, 366, 392, 420, 454, 480, 513, 545, 567, 582, 669, 756, 767, 838, 915, 1062, 1112, 1200, 1282, 1357, 1408, 1486, 1537, 1618, 1675, 1754, 1807, 1862, 1920, 1977, 2051, 2136, 2193, 2272, 2321, 2411, 2466, 2540, 2598, 2652, 2740, 2820, 2905, 3004, 3129, 3204, 3295, 3384, 3486, 3576, 3660, 3752, 3852, 3959, 4042, 4071, 4181, 4310, 4402, 4492, 4554, 4620, 4684, 4761, 4846, 4928, 5027]@{}
http://www.comp.hkbu.edu.hk/v1/?page=job_vacancies?=tc?=tc?=tc@[657, 660, 664, 733, 749, 775, 1331, 1367, 1408, 1421, 1455, 1680, 1701, 1847, 1850, 2441, 2506, 2721, 3912, 3960, 4001, 4042, 4080, 4118, 4284, 4589, 4900, 5943, 5947, 5951, 5955, 5971, 5975, 5979, 5983, 6031, 6035, 6039, 6043, 6907]@{}
http://www.comp.hkbu.edu.hk/v1/?page=job_vacancies?=sc?=tc?=tc@[657, 660, 664, 733, 749, 775, 1331, 1367, 1408, 1421, 1455, 1680, 1701, 1847, 1850, 2441, 2506, 2721, 3912, 3960, 4001, 4042, 4080, 4117, 4283, 4588, 4884, 5927, 5931, 5935, 5939, 5955, 5959, 5963, 5967, 6015, 6019, 6023, 6027, 6876]@{}
http://www.comp.hkbu.edu.hk/v1/?page=sitemap?=tc?=tc?=tc@[657, 660, 664, 733, 749, 775, 1331, 1367, 1408, 1421, 1455, 1680, 1701, 1847, 1850, 2441, 2506, 2721, 3912, 3960, 4001, 4042, 4080, 4118, 4284, 4589, 4890, 5933, 5937, 5941, 5945, 5961, 5965, 5969, 5973, 6021, 6025, 6029, 6033, 6904]@{}
http://www.comp.hkbu.edu.hk/v1/?page=sitemap?=sc?=tc?=tc@[657, 660, 664, 733, 749, 775, 1331, 1367, 1408, 1421, 1455, 1680, 1701, 1847, 1850, 2441, 2506, 2721, 3912, 3960, 4001, 4042, 4080, 4118, 4284, 4589, 4893, 5936, 5940, 5944, 5948, 5964, 5968, 5972, 5976, 6024, 6028, 6032, 6036, 6907]@{}
http://www.comp.hkbu.edu.hk/v1/?page=home?=tc@[657, 660, 664, 733, 749, 775, 1331, 1367, 1408, 1421, 1455, 1680, 1701, 1847, 1850, 2441, 2506, 2721, 3908, 3956, 3997, 4038, 4076, 4113, 4279, 4584, 4888, 5931, 5935, 5939, 5943, 5959, 5963, 5967, 5971, 6019, 6023, 6027, 6031, 6892]@{}
http://www.comp.hkbu.edu.hk/~alumni/news/../news/../news/../news/@[53, 77, 94, 107, 120, 131, 140, 169, 195, 212, 238, 264, 300, 328, 366, 392, 420, 454, 480, 513, 545, 567, 582, 669, 756, 767, 838, 915, 1062, 1112, 1200, 1282, 1357, 1408, 1486, 1537, 1618, 1675, 1754, 1807, 1862, 1920, 1977, 2051, 2136, 2193, 2272, 2321, 2411, 2466, 2540, 2598, 2652, 2740, 2820, 2905, 3004, 3129, 3204, 3295, 3384, 3486, 3576, 3660, 3752, 3852, 3959, 4042, 4071, 4181, 4310, 4402, 4492, 4554, 4620, 4684, 4761, 4846, 4928, 5027]@{}
http://www.comp.hkbu.edu.hk/~alumni/news/../scholarship/../news/../news/@[53, 77, 94, 107, 120, 131, 140, 169, 195, 212, 238, 264, 300, 328, 366, 392, 420, 454, 480, 513, 545, 567, 582, 669, 756, 767, 838, 915, 1062, 1112, 1200, 1282, 1357, 1408, 1486, 1537, 1618, 1675, 1754, 1807, 1862, 1920, 1977, 2051, 2136, 2193, 2272, 2321, 2411, 2466, 2540, 2598, 2652, 2740, 2820, 2905, 3004, 3129, 3204, 3295, 3384, 3486, 3576, 3660, 3752, 3852, 3959, 4042, 4071, 4181, 4310, 4402, 4492, 4554, 4620, 4684, 4761, 4846, 4928, 5027]@{}
http://www.comp.hkbu.edu.hk/~alumni/news/../donation/../news/../news/@[53, 77, 94, 107, 120, 131, 140, 169, 195, 212, 238, 264, 300, 328, 366, 392, 420, 454, 480, 513, 545, 567, 582, 669, 756, 767, 838, 915, 1062, 1112, 1200, 1282, 1357, 1408, 1486, 1537, 1618, 1675, 1754, 1807, 1862, 1920, 1977, 2051, 2136, 2193, 2272, 2321, 2411, 2466, 2540, 2598, 2652, 2740, 2820, 2905, 3004, 3129, 3204, 3295, 3384, 3486, 3576, 3660, 3752, 3852, 3959, 4042, 4071, 4181, 4310, 4402, 4492, 4554, 4620, 4684, 4761, 4846, 4928, 5027]@{}
http://www.comp.hkbu.edu.hk/v1/?page=job_vacancies?=tc?=tc?=tc?=tc@[657, 660, 664, 733, 749, 775, 1331, 1367, 1408, 1421, 1455, 1680, 1701, 1847, 1850, 2441, 2506, 2721, 3914, 3962, 4003, 4044, 4082, 4120, 4286, 4591, 4901, 5944, 5948, 5952, 5956, 5972, 5976, 5980, 5984, 6032, 6036, 6040, 6044, 6887]@{}
http://www.comp.hkbu.edu.hk/v1/?page=job_vacancies?=sc?=tc?=tc?=tc@[657, 660, 664, 733, 749, 775, 1331, 1367, 1408, 1421, 1455, 1680, 1701, 1847, 1850, 2441, 2506, 2721, 3914, 3962, 4003, 4044, 4082, 4120, 4286, 4591, 4902, 5945, 5949, 5953, 5957, 5973, 5977, 5981, 5985, 6033, 6037, 6041, 6045, 6875]@{}
http://www.comp.hkbu.edu.hk/v1/?page=sitemap?=tc?=tc?=tc?=tc@[657, 660, 664, 733, 749, 775, 1331, 1367, 1408, 1421, 1455, 1680, 1701, 1847, 1850, 2441, 2506, 2721, 3914, 3962, 4003, 4044, 4082, 4119, 4285, 4590, 4890, 5933, 5937, 5941, 5945, 5961, 5965, 5969, 5973, 6021, 6025, 6029, 6033, 6893]@{}
http://www.comp.hkbu.edu.hk/v1/?page=sitemap?=sc?=tc?=tc?=tc@[657, 660, 664, 733, 749, 775, 1331, 1367, 1408, 1421, 1455, 1680, 1701, 1847, 1850, 2441, 2506, 2721, 3914, 3962, 4003, 4044, 4082, 4119, 4285, 4590, 4901, 5944, 5948, 5952, 5956, 5972, 5976, 5980, 5984, 6032, 6036, 6040, 6044, 6901]@{}
http://www.comp.hkbu.edu.hk/v1/?page=home?=tc?=tc@[657, 660, 664, 733, 749, 775, 1331, 1367, 1408, 1421, 1455, 1680, 1701, 1847, 1850, 2441, 2506, 2721, 3910, 3958, 3999, 4040, 4078, 4115, 4281, 4586, 4890, 5933, 5937, 5941, 5945, 5961, 5965, 5969, 5973, 6021, 6025, 6029, 6033, 6875]@{}
http://www.comp.hkbu.edu.hk/~alumni/news/../news/../news/../news/../news/@[53, 77, 94, 107, 120, 131, 140, 169, 195, 212, 238, 264, 300, 328, 366, 392, 420, 454, 480, 513, 545, 567, 582, 669, 756, 767, 838, 915, 1062, 1112, 1200, 1282, 1357, 1408, 1486, 1537, 1618, 1675, 1754, 1807, 1862, 1920, 1977, 2051, 2136, 2193, 2272, 2321, 2411, 2466, 2540, 2598, 2652, 2740, 2820, 2905, 3004, 3129, 3204, 3295, 3384, 3486, 3576, 3660, 3752, 3852, 3959, 4042, 4071, 4181, 4310, 4402, 4492, 4554, 4620, 4684, 4761, 4846, 4928, 5027]@{}
http://www.comp.hkbu.edu.hk/v1/?page=alumni@[59, 70, 112, 153]@{}
http://www.comp.hkbu.edu.hk/~alumni/news/../scholarship/../news/../news/../news/@[53, 77, 94, 107, 120, 131, 140, 169, 195, 212, 238, 264, 300, 328, 366, 392, 420, 454, 480, 513, 545, 567, 582, 669, 756, 767, 838, 915, 1062, 1112, 1200, 1282, 1357, 1408, 1486, 1537, 1618, 1675, 1754, 1807, 1862, 1920, 1977, 2051, 2136, 2193, 2272, 2321, 2411, 2466, 2540, 2598, 2652, 2740, 2820, 2905, 3004, 3129, 3204, 3295, 3384, 3486, 3576, 3660, 3752, 3852, 3959, 4042, 4071, 4181, 4310, 4402, 4492, 4554, 4620, 4684, 4761, 4846, 4928, 5027]@{}
http://www.comp.hkbu.edu.hk/~alumni/news/../donation/../news/../news/../news/@[53, 77, 94, 107, 120, 131, 140, 169, 195, 212, 238, 264, 300, 328, 366, 392, 420, 454, 480, 513, 545, 567, 582, 669, 756, 767, 838, 915, 1062, 1112, 1200, 1282, 1357, 1408, 1486, 1537, 1618, 1675, 1754, 1807, 1862, 1920, 1977, 2051, 2136, 2193, 2272, 2321, 2411, 2466, 2540, 2598, 2652, 2740, 2820, 2905, 3004, 3129, 3204, 3295, 3384, 3486, 3576, 3660, 3752, 3852, 3959, 4042, 4071, 4181, 4310, 4402, 4492, 4554, 4620, 4684, 4761, 4846, 4928, 5027]@{}
http://www.comp.hkbu.edu.hk/v1/?page=job_vacancies?=tc?=tc?=tc?=tc?=tc@[657, 660, 664, 733, 749, 775, 1331, 1367, 1408, 1421, 1455, 1680, 1701, 1847, 1850, 2441, 2506, 2721, 3916, 3964, 4005, 4046, 4084, 4122, 4288, 4593, 4904, 5947, 5951, 5955, 5959, 5975, 5979, 5983, 5987, 6035, 6039, 6043, 6047, 6882]@{}
http://www.comp.hkbu.edu.hk/v1/?page=job_vacancies?=sc?=tc?=tc?=tc?=tc@[657, 660, 664, 733, 749, 775, 1331, 1367, 1408, 1421, 1455, 1680, 1701, 1847, 1850, 2441, 2506, 2721, 3916, 3964, 4005, 4046, 4084, 4121, 4287, 4592, 4889, 5932, 5936, 5940, 5944, 5960, 5964, 5968, 5972, 6020, 6024, 6028, 6032, 6884]@{}
http://www.comp.hkbu.edu.hk/v1/?page=sitemap?=tc?=tc?=tc?=tc?=tc@[657, 660, 664, 733, 749, 775, 1331, 1367, 1408, 1421, 1455, 1680, 1701, 1847, 1850, 2441, 2506, 2721, 3916, 3964, 4005, 4046, 4084, 4122, 4288, 4593, 4897, 5940, 5944, 5948, 5952, 5968, 5972, 5976, 5980, 6028, 6032, 6036, 6040, 6904]@{}
http://www.comp.hkbu.edu.hk/v1/?page=sitemap?=sc?=tc?=tc?=tc?=tc@[657, 660, 664, 733, 749, 775, 1331, 1367, 1408, 1421, 1455, 1680, 1701, 1847, 1850, 2441, 2506, 2721, 3916, 3964, 4005, 4046, 4084, 4121, 4287, 4592, 4903, 5946, 5950, 5954, 5958, 5974, 5978, 5982, 5986, 6034, 6038, 6042, 6046, 6889]@{}
http://www.comp.hkbu.edu.hk/v1/?page=home?=tc?=tc?=tc@[657, 660, 664, 733, 749, 775, 1331, 1367, 1408, 1421, 1455, 1680, 1701, 1847, 1850, 2441, 2506, 2721, 3912, 3960, 4001, 4042, 4080, 4117, 4283, 4588, 4888, 5931, 5935, 5939, 5943, 5959, 5963, 5967, 5971, 6019, 6023, 6027, 6031, 6889]@{}
http://www.comp.hkbu.edu.hk/~alumni/news/../news/../news/../news/../news/../news/@[53, 77, 94, 107, 120, 131, 140, 169, 195, 212, 238, 264, 300, 328, 366, 392, 420, 454, 480, 513, 545, 567, 582, 669, 756, 767, 838, 915, 1062, 1112, 1200, 1282, 1357, 1408, 1486, 1537, 1618, 1675, 1754, 1807, 1862, 1920, 1977, 2051, 2136, 2193, 2272, 2321, 2411, 2466, 2540, 2598, 2652, 2740, 2820, 2905, 3004, 3129, 3204, 3295, 3384, 3486, 3576, 3660, 3752, 3852, 3959, 4042, 4071, 4181, 4310, 4402, 4492, 4554, 4620, 4684, 4761, 4846, 4928, 5027]@{}
http://www.comp.hkbu.edu.hk/~alumni/news/../scholarship/../news/../news/../news/../news/@[53, 77, 94, 107, 120, 131, 140, 169, 195, 212, 238, 264, 300, 328, 366, 392, 420, 454, 480, 513, 545, 567, 582, 669, 756, 767, 838, 915, 1062, 1112, 1200, 1282, 1357, 1408, 1486, 1537, 1618, 1675, 1754, 1807, 1862, 1920, 1977, 2051, 2136, 2193, 2272, 2321, 2411, 2466, 2540, 2598, 2652, 2740, 2820, 2905, 3004, 3129, 3204, 3295, 3384, 3486, 3576, 3660, 3752, 3852, 3959, 4042, 4071, 4181, 4310, 4402, 4492, 4554, 4620, 4684, 4761, 4846, 4928, 5027]@{}
http://www.comp.hkbu.edu.hk/~alumni/news/../donation/../news/../news/../news/../news/@[53, 77, 94, 107, 120, 131, 140, 169, 195, 212, 238, 264, 300, 328, 366, 392, 420, 454, 480, 513, 545, 567, 582, 669, 756, 767, 838, 915, 1062, 1112, 1200, 1282, 1357, 1408, 1486, 1537, 1618, 1675, 1754, 1807, 1862, 1920, 1977, 2051, 2136, 2193, 2272, 2321, 2411, 2466, 2540, 2598, 2652, 2740, 2820, 2905, 3004, 3129, 3204, 3295, 3384, 3486, 3576, 3660, 3752, 3852, 3959, 4042, 4071, 4181, 4310, 4402, 4492, 4554, 4620, 4684, 4761, 4846, 4928, 5027]@{}
http://www.comp.hkbu.edu.hk/v1/?page=job_vacancies@[205, 208, 212, 281, 297, 323, 879, 915, 956, 969, 1003, 1228, 1249, 1395, 1398, 1989, 2054, 2269, 3454, 3502, 3543, 3584, 3622, 3660, 3826, 4402]@{}
http://www.comp.hkbu.edu.hk/v1/?page=job_vacancies?=tc?=tc?=tc?=tc?=tc?=tc@[657, 660, 664, 733, 749, 775, 1331, 1367, 1408, 1421, 1455, 1680, 1701, 1847, 1850, 2441, 2506, 2721, 3918, 3966, 4007, 4048, 4086, 4124, 4290, 4595, 4892, 5935, 5939, 5943, 5947, 5963, 5967, 5971, 5975, 6023, 6027, 6031, 6035, 6879]@{}
http://www.comp.hkbu.edu.hk/v1/?page=job_vacancies?=sc?=tc?=tc?=tc?=tc?=tc@[657, 660, 664, 733, 749, 775, 1331, 1367, 1408, 1421, 1455, 1680, 1701, 1847, 1850, 2441, 2506, 2721, 3918, 3966, 4007, 4048, 4086, 4123, 4289, 4594, 4891, 5934, 5938, 5942, 5946, 5962, 5966, 5970, 5974, 6022, 6026, 6030, 6034, 6906]@{}
http://www.comp.hkbu.edu.hk/v1/?page=sitemap?=tc?=tc?=tc?=tc?=tc?=tc@[657, 660, 664, 733, 749, 775, 1331, 1367, 1408, 1421, 1455, 1680, 1701, 1847, 1850, 2441, 2506, 2721, 3918, 3966, 4007, 4048, 4086, 4123, 4289, 4594, 4895, 5938, 5942, 5946, 5950, 5966, 5970, 5974, 5978, 6026, 6030, 6034, 6038, 6896]@{}
http://www.comp.hkbu.edu.hk/v1/?page=sitemap?=sc?=tc?=tc?=tc?=tc?=tc@[657, 660, 664, 733, 749, 775, 1331, 1367, 1408, 1421, 1455, 1680, 1701, 1847, 1850, 2441, 2506, 2721, 3918, 3966, 4007, 4048, 4086, 4124, 4290, 4595, 4913, 5956, 5960, 5964, 5968, 5984, 5988, 5992, 5996, 6044, 6048, 6052, 6056, 6906]@{}
http://www.comp.hkbu.edu.hk/v1/?page=home?=tc?=tc?=tc?=tc@[657, 660, 664, 733, 749, 775, 1331, 1367, 1408, 1421, 1455, 1680, 1701, 1847, 1850, 2441, 2506, 2721, 3914, 3962, 4003, 4044, 4082, 4120, 4286, 4591, 4894, 5937, 5941, 5945, 5949, 5965, 5969, 5973, 5977, 6025, 6029, 6033, 6037, 6890]@{}
http://www.comp.hkbu.edu.hk/~alumni/news/../news/../news/../news/../news/../news/../news/@[53, 77, 94, 107, 120, 131, 140, 169, 195, 212, 238, 264, 300, 328, 366, 392, 420, 454, 480, 513, 545, 567, 582, 669, 756, 767, 838, 915, 1062, 1112, 1200, 1282, 1357, 1408, 1486, 1537, 1618, 1675, 1754, 1807, 1862, 1920, 1977, 2051, 2136, 2193, 2272, 2321, 2411, 2466, 2540, 2598, 2652, 2740, 2820, 2905, 3004, 3129, 3204, 3295, 3384, 3486, 3576, 3660, 3752, 3852, 3959, 4042, 4071, 4181, 4310, 4402, 4492, 4554, 4620, 4684, 4761, 4846, 4928, 5027]@{}
http://www.comp.hkbu.edu.hk/~alumni/news/../scholarship/../news/../news/../news/../news/../news/@[53, 77, 94, 107, 120, 131, 140, 169, 195, 212, 238, 264, 300, 328, 366, 392, 420, 454, 480, 513, 545, 567, 582, 669, 756, 767, 838, 915, 1062, 1112, 1200, 1282, 1357, 1408, 1486, 1537, 1618, 1675, 1754, 1807, 1862, 1920, 1977, 2051, 2136, 2193, 2272, 2321, 2411, 2466, 2540, 2598, 2652, 2740, 2820, 2905, 3004, 3129, 3204, 3295, 3384, 3486, 3576, 3660, 3752, 3852, 3959, 4042, 4071, 4181, 4310, 4402, 4492, 4554, 4620, 4684, 4761, 4846, 4928, 5027]@{}
http://www.comp.hkbu.edu.hk/~alumni/news/../donation/../news/../news/../news/../news/../news/@[53, 77, 94, 107, 120, 131, 140, 169, 195, 212, 238, 264, 300, 328, 366, 392, 420, 454, 480, 513, 545, 567, 582, 669, 756, 767, 838, 915, 1062, 1112, 1200, 1282, 1357, 1408, 1486, 1537, 1618, 1675, 1754, 1807, 1862, 1920, 1977, 2051, 2136, 2193, 2272, 2321, 2411, 2466, 2540, 2598, 2652, 2740, 2820, 2905, 3004, 3129, 3204, 3295, 3384, 3486, 3576, 3660, 3752, 3852, 3959, 4042, 4071, 4181, 4310, 4402, 4492, 4554, 4620, 4684, 4761, 4846, 4928, 5027]@{}
http://www.comp.hkbu.edu.hk/v1/?page=job_vacancies?=tc?=tc?=tc?=tc?=tc?=tc?=tc@[657, 660, 664, 733, 749, 775, 1331, 1367, 1408, 1421, 1455, 1680, 1701, 1847, 1850, 2441, 2506, 2721, 3920, 3968, 4009, 4050, 4088, 4126, 4292, 4597, 4896, 5939, 5943, 5947, 5951, 5967, 5971, 5975, 5979, 6027, 6031, 6035, 6039, 6878]@{}
http://www.comp.hkbu.edu.hk/v1/?page=job_vacancies?=sc?=tc?=tc?=tc?=tc?=tc?=tc@[657, 660, 664, 733, 749, 775, 1331, 1367, 1408, 1421, 1455, 1680, 1701, 1847, 1850, 2441, 2506, 2721, 3920, 3968, 4009, 4050, 4088, 4126, 4292, 4597, 4893, 5936, 5940, 5944, 5948, 5964, 5968, 5972, 5976, 6024, 6028, 6032, 6036, 6898]@{}
http://www.comp.hkbu.edu.hk/v1/?page=sitemap?=tc?=tc?=tc?=tc?=tc?=tc?=tc@[657, 660, 664, 733, 749, 775, 1331, 1367, 1408, 1421, 1455, 1680, 1701, 1847, 1850, 2441, 2506, 2721, 3920, 3968, 4009, 4050, 4088, 4125, 4291, 4596, 4895, 5938, 5942, 5946, 5950, 5966, 5970, 5974, 5978, 6026, 6030, 6034, 6038, 6878]@{}
http://www.comp.hkbu.edu.hk/v1/?page=sitemap?=sc?=tc?=tc?=tc?=tc?=tc?=tc@[657, 660, 664, 733, 749, 775, 1331, 1367, 1408, 1421, 1455, 1680, 1701, 1847, 1850, 2441, 2506, 2721, 3920, 3968, 4009, 4050, 4088, 4125, 4291, 4596, 4897, 5940, 5944, 5948, 5952, 5968, 5972, 5976, 5980, 6028, 6032, 6036, 6040, 6899]@{}
http://www.comp.hkbu.edu.hk/v1/?page=home?=tc?=tc?=tc?=tc?=tc@[657, 660, 664, 733, 749, 775, 1331, 1367, 1408, 1421, 1455, 1680, 1701, 1847, 1850, 2441, 2506, 2721, 3916, 3964, 4005, 4046, 4084, 4122, 4288, 4593, 4897, 5940, 5944, 5948, 5952, 5968, 5972, 5976, 5980, 6028, 6032, 6036, 6040, 6903]@{}
http://www.comp.hkbu.edu.hk/~alumni/news/../news/../news/../news/../news/../news/../news/../news/@[53, 77, 94, 107, 120, 131, 140, 169, 195, 212, 238, 264, 300, 328, 366, 392, 420, 454, 480, 513, 545, 567, 582, 669, 756, 767, 838, 915, 1062, 1112, 1200, 1282, 1357, 1408, 1486, 1537, 1618, 1675, 1754, 1807, 1862, 1920, 1977, 2051, 2136, 2193, 2272, 2321, 2411, 2466, 2540, 2598, 2652, 2740, 2820, 2905, 3004, 3129, 3204, 3295, 3384, 3486, 3576, 3660, 3752, 3852, 3959, 4042, 4071, 4181, 4310, 4402, 4492, 4554, 4620, 4684, 4761, 4846, 4928, 5027]@{}
http://www.comp.hkbu.edu.hk/~alumni/news/../scholarship/../news/../news/../news/../news/../news/../news/@[53, 77, 94, 107, 120, 131, 140, 169, 195, 212, 238, 264, 300, 328, 366, 392, 420, 454, 480, 513, 545, 567, 582, 669, 756, 767, 838, 915, 1062, 1112, 1200, 1282, 1357, 1408, 1486, 1537, 1618, 1675, 1754, 1807, 1862, 1920, 1977, 2051, 2136, 2193, 2272, 2321, 2411, 2466, 2540, 2598, 2652, 2740, 2820, 2905, 3004, 3129, 3204, 3295, 3384, 3486, 3576, 3660, 3752, 3852, 3959, 4042, 4071, 4181, 4310, 4402, 4492, 4554, 4620, 4684, 4761, 4846, 4928, 5027]@{}
http://www.comp.hkbu.edu.hk/~alumni/news/../donation/../news/../news/../news/../news/../news/../news/@[53, 77, 94, 107, 120, 131, 140, 169, 195, 212, 238, 264, 300, 328, 366, 392, 420, 454, 480, 513, 545, 567, 582, 669, 756, 767, 838, 915, 1062, 1112, 1200, 1282, 1357, 1408, 1486, 1537, 1618, 1675, 1754, 1807, 1862, 1920, 1977, 2051, 2136, 2193, 2272, 2321, 2411, 2466, 2540, 2598, 2652, 2740, 2820, 2905, 3004, 3129, 3204, 3295, 3384, 3486, 3576, 3660, 3752, 3852, 3959, 4042, 4071, 4181, 4310, 4402, 4492, 4554, 4620, 4684, 4761, 4846, 4928, 5027]@{}
http://www.comp.hkbu.edu.hk/v1/?page=job_vacancies?=tc?=tc?=tc?=tc?=tc?=tc?=tc?=tc@[657, 660, 664, 733, 749, 775, 1331, 1367, 1408, 1421, 1455, 1680, 1701, 1847, 1850, 2441, 2506, 2721, 3922, 3970, 4011, 4052, 4090, 4128, 4294, 4599, 4912, 5955, 5959, 5963, 5967, 5983, 5987, 5991, 5995, 6043, 6047, 6051, 6055, 6921]@{}
http://www.comp.hkbu.edu.hk/v1/?page=job_vacancies?=sc?=tc?=tc?=tc?=tc?=tc?=tc?=tc@[657, 660, 664, 733, 749, 775, 1331, 1367, 1408, 1421, 1455, 1680, 1701, 1847, 1850, 2441, 2506, 2721, 3922, 3970, 4011, 4052, 4090, 4128, 4294, 4599, 4896, 5939, 5943, 5947, 5951, 5967, 5971, 5975, 5979, 6027, 6031, 6035, 6039, 6900]@{}
http://www.comp.hkbu.edu.hk/v1/?page=sitemap?=tc?=tc?=tc?=tc?=tc?=tc?=tc?=tc@[657, 660, 664, 733, 749, 775, 1331, 1367, 1408, 1421, 1455, 1680, 1701, 1847, 1850, 2441, 2506, 2721, 3922, 3970, 4011, 4052, 4090, 4128, 4294, 4599, 4899, 5942, 5946, 5950, 5954, 5970, 5974, 5978, 5982, 6030, 6034, 6038, 6042, 6891]@{}
http://www.comp.hkbu.edu.hk/v1/?page=sitemap?=sc?=tc?=tc?=tc?=tc?=tc?=tc?=tc@[657, 660, 664, 733, 749, 775, 1331, 1367, 1408, 1421, 1455, 1680, 1701, 1847, 1850, 2441, 2506, 2721, 3922, 3970, 4011, 4052, 4090, 4128, 4294, 4599, 4913, 5956, 5960, 5964, 5968, 5984, 5988, 5992, 5996, 6044, 6048, 6052, 6056, 6899]@{}
http://www.comp.hkbu.edu.hk/v1/?page=sitemap@[203, 206, 210, 279, 295, 321, 877, 913, 954, 967, 1001, 1226, 1247, 1393, 1396, 1987, 2052, 2267, 3452, 3500, 3541, 3582, 3620, 3657, 3823, 5762]@{}
http://www.comp.hkbu.edu.hk/v1/?page=home?=tc?=tc?=tc?=tc?=tc?=tc@[657, 660, 664, 733, 749, 775, 1331, 1367, 1408, 1421, 1455, 1680, 1701, 1847, 1850, 2441, 2506, 2721, 3918, 3966, 4007, 4048, 4086, 4123, 4289, 4594, 4898, 5941, 5945, 5949, 5953, 5969, 5973, 5977, 5981, 6029, 6033, 6037, 6041, 6899]@{}
http://www.comp.hkbu.edu.hk/~alumni/news/../news/../news/../news/../news/../news/../news/../news/../news/@[53, 77, 94, 107, 120, 131, 140, 169, 195, 212, 238, 264, 300, 328, 366, 392, 420, 454, 480, 513, 545, 567, 582, 669, 756, 767, 838, 915, 1062, 1112, 1200, 1282, 1357, 1408, 1486, 1537, 1618, 1675, 1754, 1807, 1862, 1920, 1977, 2051, 2136, 2193, 2272, 2321, 2411, 2466, 2540, 2598, 2652, 2740, 2820, 2905, 3004, 3129, 3204, 3295, 3384, 3486, 3576, 3660, 3752, 3852, 3959, 4042, 4071, 4181, 4310, 4402, 4492, 4554, 4620, 4684, 4761, 4846, 4928, 5027]@{}
http://www.comp.hkbu.edu.hk/~alumni/news/../scholarship/../news/../news/../news/../news/../news/../news/../news/@[53, 77, 94, 107, 120, 131, 140, 169, 195, 212, 238, 264, 300, 328, 366, 392, 420, 454, 480, 513, 545, 567, 582, 669, 756, 767, 838, 915, 1062, 1112, 1200, 1282, 1357, 1408, 1486, 1537, 1618, 1675, 1754, 1807, 1862, 1920, 1977, 2051, 2136, 2193, 2272, 2321, 2411, 2466, 2540, 2598, 2652, 2740, 2820, 2905, 3004, 3129, 3204, 3295, 3384, 3486, 3576, 3660, 3752, 3852, 3959, 4042, 4071, 4181, 4310, 4402, 4492, 4554, 4620, 4684, 4761, 4846, 4928, 5027]@{}
http://www.comp.hkbu.edu.hk/~alumni/news/../donation/../news/../news/../news/../news/../news/../news/../news/@[53, 77, 94, 107, 120, 131, 140, 169, 195, 212, 238, 264, 300, 328, 366, 392, 420, 454, 480, 513, 545, 567, 582, 669, 756, 767, 838, 915, 1062, 1112, 1200, 1282, 1357, 1408, 1486, 1537, 1618, 1675, 1754, 1807, 1862, 1920, 1977, 2051, 2136, 2193, 2272, 2321, 2411, 2466, 2540, 2598, 2652, 2740, 2820, 2905, 3004, 3129, 3204, 3295, 3384, 3486, 3576, 3660, 3752, 3852, 3959, 4042, 4071, 4181, 4310, 4402, 4492, 4554, 4620, 4684, 4761, 4846, 4928, 5027]@{}
http://www.comp.hkbu.edu.hk/v1/?page=job_vacancies?=tc?=tc?=tc?=tc?=tc?=tc?=tc?=tc?=tc@[657, 660, 664, 733, 749, 775, 1331, 1367, 1408, 1421, 1455, 1680, 1701, 1847, 1850, 2441, 2506, 2721, 3924, 3972, 4013, 4054, 4092, 4130, 4296, 4601, 4912, 5955, 5959, 5963, 5967, 5983, 5987, 5991, 5995, 6043, 6047, 6051, 6055, 6895]@{}
http://www.comp.hkbu.edu.hk/v1/?page=job_vacancies?=sc?=tc?=tc?=tc?=tc?=tc?=tc?=tc?=tc@[657, 660, 664, 733, 749, 775, 1331, 1367, 1408, 1421, 1455, 1680, 1701, 1847, 1850, 2441, 2506, 2721, 3924, 3972, 4013, 4054, 4092, 4130, 4296, 4601, 4911, 5954, 5958, 5962, 5966, 5982, 5986, 5990, 5994, 6042, 6046, 6050, 6054, 6907]@{}
http://www.comp.hkbu.edu.hk/v1/?page=sitemap?=tc?=tc?=tc?=tc?=tc?=tc?=tc?=tc?=tc@[657, 660, 664, 733, 749, 775, 1331, 1367, 1408, 1421, 1455, 1680, 1701, 1847, 1850, 2441, 2506, 2721, 3924, 3972, 4013, 4054, 4092, 4129, 4295, 4600, 4896, 5939, 5943, 5947, 5951, 5967, 5971, 5975, 5979, 6027, 6031, 6035, 6039, 6875]@{}
http://www.comp.hkbu.edu.hk/v1/?page=sitemap?=sc?=tc?=tc?=tc?=tc?=tc?=tc?=tc?=tc@[657, 660, 664, 733, 749, 775, 1331, 1367, 1408, 1421, 1455, 1680, 1701, 1847, 1850, 2441, 2506, 2721, 3924, 3972, 4013, 4054, 4092, 4129, 4295, 4600, 4914, 5957, 5961, 5965, 5969, 5985, 5989, 5993, 5997, 6045, 6049, 6053, 6057, 6901]@{}
http://www.comp.hkbu.edu.hk/v1/?lang=tc@[657, 660, 664, 733, 749, 775, 1331, 1367, 1408, 1421, 1455, 1680, 1701, 1847, 1850, 2441, 2506, 2721, 3902, 3950, 3991, 4032, 4070, 4107, 4273, 4578, 4896, 5939, 5943, 5947, 5951, 5967, 5971, 5975, 5979, 6027, 6031, 6035, 6039, 6903]@{}
http://www.comp.hkbu.edu.hk/~alumni/news/@[53, 77, 94, 107, 120, 131, 140, 169, 195, 212, 238, 264, 300, 328, 366, 392, 420, 454, 480, 513, 545, 567, 582, 669, 756, 767, 838, 915, 1062, 1112, 1200, 1282, 1357, 1408, 1486, 1537, 1618, 1675, 1754, 1807, 1862, 1920, 1977, 2051, 2136, 2193, 2272, 2321, 2411, 2466, 2540, 2598, 2652, 2740, 2820, 2905, 3004, 3129, 3204, 3295, 3384, 3486, 3576, 3660, 3752, 3852, 3959, 4042, 4071, 4181, 4310, 4402, 4492, 4554, 4620, 4684, 4761, 4846, 4928, 5027]@{}
http://www.sci.hkbu.edu.hk/eng/page/?page=prospective-students@[708, 913, 917, 924, 2021, 2050, 2387, 3572, 3587, 3602, 3616]@{}
http://www.sci.hkbu.edu.hk/eng/page/?page=current-students@[708, 913, 917, 924, 2021, 2050, 2380, 3228, 3243, 3258, 3272]@{}
http://www.sci.hkbu.edu.hk/eng/page/@[708, 913, 917, 924, 2021, 2050, 3331, 3346, 3361, 3375]@{}
http://www.sci.hkbu.edu.hk/eng/about-us/honorary-doctorate@[708, 913, 917, 924, 2021, 2050, 3862, 3877, 3892, 3906]@{}
http://www.sci.hkbu.edu.hk/eng/about-us/distinguished-professorship/eng/page/?page=prospective-students@[708, 913, 917, 924, 2021, 2050, 2381, 2737, 2756, 3020, 4086, 8027, 8042, 8057, 8071]@{}
http://www.sci.hkbu.edu.hk/eng/about-us/honorary-doctorate/eng/page/?page=prospective-students@[708, 913, 917, 924, 2021, 2050, 2381, 2737, 2756, 3020, 4086, 8027, 8042, 8057, 8071]@{}
http://www.sci.hkbu.edu.hk/eng/about-us/distinguished-professor-of-science@[708, 913, 917, 924, 2021, 2050, 3678, 3693, 3708, 3722]@{}
http://www.sci.hkbu.edu.hk/eng/about-us/dr-kennedy-wong-distinguished-visiting-professorship-scheme@[708, 913, 917, 924, 2021, 2050, 3347, 3362, 3377, 3391]@{}
http://www.sci.hkbu.edu.hk/eng/about-us/distinguished-professor-of-science/eng/page/?page=prospective-students@[708, 913, 917, 924, 2021, 2050, 2381, 2737, 2756, 3020, 4086, 8027, 8042, 8057, 8071]@{}
http://www.sci.hkbu.edu.hk/eng/about-us/dr-kennedy-wong-distinguished-visiting-professorship-scheme/eng/page/?page=prospective-students@[708, 913, 917, 924, 2021, 2050, 2381, 2737, 2756, 3020, 4086, 8027, 8042, 8057, 8071]@{}
http://www.sci.hkbu.edu.hk/eng/page/eng/about-us/vision-mission@[708, 913, 917, 924, 2021, 2050, 2381, 2737, 2756, 3020, 4086, 8027, 8042, 8057, 8071]@{}
http://www.sci.hkbu.edu.hk/eng/page/eng/about-us/faculty-advisory-committee@[708, 913, 917, 924, 2021, 2050, 2381, 2737, 2756, 3020, 4086, 8027, 8042, 8057, 8071]@{}
http://www.sci.hkbu.edu.hk/eng@[708, 913, 917, 924, 2021, 2050, 2381, 2737, 2756, 3020, 4086, 8027, 8042, 8057, 8071]@{}
http://www.sci.hkbu.edu.hk/eng/about-us/vision-mission@[708, 913, 917, 924, 2021, 2050, 3251, 3266, 3281, 3295]@{}
http://www.sci.hkbu.edu.hk/eng/about-us/faculty-advisory-committee@[708, 913, 917, 924, 2021, 2050, 4005, 4020, 4035, 4049]@{}
http://www.sci.hkbu.edu.hk/eng/about-us/vision-mission/eng/page/?page=prospective-students@[708, 913, 917, 924, 2021, 2050, 2381, 2737, 2756, 3020, 4086, 8027, 8042, 8057, 8071]@{}
http://www.sci.hkbu.edu.hk/eng/about-us/faculty-advisory-committee/eng/page/?page=prospective-students@[708, 913, 917, 924, 2021, 2050, 2381, 2737, 2756, 3020, 4086, 8027, 8042, 8057, 8071]@{}
http://www.sci.hkbu.edu.hk/eng/about-us/distinguished-professorship@[708, 913, 917, 924, 2021, 2050, 2896, 2911, 2926, 2940]@{}
