http://www.comp.hkbu.edu.hk@[2442, 3352, 3438, 3501, 3576, 3658, 3724, 3857, 4278, 4890, 4903, 5093, 5662, 6110, 6409, 6620]@{}
http://www.comp.hkbu.edu.hk/v1/?page=job_vacancies?=tc@[2442, 3358, 3444, 3507, 3582, 3664, 3730, 3863, 4284, 4886, 4899, 5089, 5658, 6106, 6388, 6599]@{}
http://www.comp.hkbu.edu.hk/v1/?page=job_vacancies?=sc@[2442, 3358, 3444, 3507, 3582, 3664, 3730, 3863, 4284, 4886, 4899, 5089, 5658, 6106, 6399, 6610]@{}
http://www.comp.hkbu.edu.hk/v1/?page=sitemap?=tc@[2442, 3358, 3444, 3507, 3582, 3664, 3730, 3863, 4283, 4882, 4895, 5085, 5654, 6102, 6391, 6602]@{}
http://www.comp.hkbu.edu.hk/v1/?page=sitemap?=sc@[2442, 3358, 3444, 3507, 3582, 3664, 3730, 3863, 4283, 4881, 4894, 5084, 5653, 6101, 6398, 6609]@{}
http://www.comp.hkbu.edu.hk/v1/?lang=sc@[2442, 3352, 3438, 3501, 3576, 3658, 3724, 3857, 4278, 4877, 4890, 5080, 5649, 6097, 6390, 6601]@{}
http://www.comp.hkbu.edu.hk/~alumni/news/../news/@[54, 96, 142, 170, 769, 840, 917, 1064, 1114, 1202, 1284, 1359, 1410, 1488, 1539, 1620, 1677, 1756, 1809, 1864, 1922, 1979, 2053, 2138, 2195, 2274, 2323, 2413, 2468, 2542, 2600, 2654, 2742, 2822, 2907, 3006, 3131, 3206, 3297, 3386, 3488, 3578, 3662, 3754, 3854, 3961, 4073, 4183, 4312, 4404, 4494, 4556, 4622, 4686, 4763, 4848, 4930]@{}
http://www.comp.hkbu.edu.hk/~alumni/news/../scholarship/@[54, 96, 142, 170, 611, 778]@{}
http://www.comp.hkbu.edu.hk/~alumni/news/../donation/@[54, 96, 142, 170, 638]@{}
http://www.comp.hkbu.edu.hk/v1/?page=job_vacancies?=tc?=tc@[2442, 3360, 3446, 3509, 3584, 3666, 3732, 3865, 4285, 4883, 4896, 5086, 5655, 6103, 6397, 6608]@{}
http://www.comp.hkbu.edu.hk/v1/?page=job_vacancies?=sc?=tc@[2442, 3360, 3446, 3509, 3584, 3666, 3732, 3865, 4285, 4893, 4906, 5096, 5665, 6113, 6416, 6627]@{}
http://www.comp.hkbu.edu.hk/v1/?page=sitemap?=tc?=tc@[2442, 3360, 3446, 3509, 3584, 3666, 3732, 3865, 4285, 4883, 4896, 5086, 5655, 6103, 6393, 6604]@{}
http://www.comp.hkbu.edu.hk/v1/?page=sitemap?=sc?=tc@[2442, 3360, 3446, 3509, 3584, 3666, 3732, 3865, 4285, 4897, 4910, 5100, 5669, 6117, 6410, 6621]@{}
http://www.comp.hkbu.edu.hk/v1/?page=home@[2442, 3356, 3442, 3505, 3580, 3662, 3728, 3861, 4281, 4875, 4888, 5078, 5647, 6095, 6386, 6597]@{}
http://www.comp.hkbu.edu.hk/~alumni/news/../news/../news/@[54, 96, 142, 170, 769, 840, 917, 1064, 1114, 1202, 1284, 1359, 1410, 1488, 1539, 1620, 1677, 1756, 1809, 1864, 1922, 1979, 2053, 2138, 2195, 2274, 2323, 2413, 2468, 2542, 2600, 2654, 2742, 2822, 2907, 3006, 3131, 3206, 3297, 3386, 3488, 3578, 3662, 3754, 3854, 3961, 4073, 4183, 4312, 4404, 4494, 4556, 4622, 4686, 4763, 4848, 4930]@{}
http://www.comp.hkbu.edu.hk/~alumni/news/../scholarship/../news/@[54, 96, 142, 170, 769, 840, 917, 1064, 1114, 1202, 1284, 1359, 1410, 1488, 1539, 1620, 1677, 1756, 1809, 1864, 1922, 1979, 2053, 2138, 2195, 2274, 2323, 2413, 2468, 2542, 2600, 2654, 2742, 2822, 2907, 3006, 3131, 3206, 3297, 3386, 3488, 3578, 3662, 3754, 3854, 3961, 4073, 4183, 4312, 4404, 4494, 4556, 4622, 4686, 4763, 4848, 4930]@{}
http://www.comp.hkbu.edu.hk/~alumni/news/../donation/../news/@[54, 96, 142, 170, 769, 840, 917, 1064, 1114, 1202, 1284, 1359, 1410, 1488, 1539, 1620, 1677, 1756, 1809, 1864, 1922, 1979, 2053, 2138, 2195, 2274, 2323, 2413, 2468, 2542, 2600, 2654, 2742, 2822, 2907, 3006, 3131, 3206, 3297, 3386, 3488, 3578, 3662, 3754, 3854, 3961, 4073, 4183, 4312, 4404, 4494, 4556, 4622, 4686, 4763, 4848, 4930]@{}
http://www.comp.hkbu.edu.hk/v1/?page=job_vacancies?=tc?=tc?=tc@[2442, 3362, 3448, 3511, 3586, 3668, 3734, 3867, 4288, 4897, 4910, 5100, 5669, 6117, 6413, 6624]@{}
http://www.comp.hkbu.edu.hk/v1/?page=job_vacancies?=sc?=tc?=tc@[2442, 3362, 3448, 3511, 3586, 3668, 3734, 3867, 4287, 4881, 4894, 5084, 5653, 6101, 6398, 6609]@{}
http://www.comp.hkbu.edu.hk/v1/?page=sitemap?=tc?=tc?=tc@[2442, 3362, 3448, 3511, 3586, 3668, 3734, 3867, 4288, 4887, 4900, 5090, 5659, 6107, 6405, 6616]@{}
http://www.comp.hkbu.edu.hk/v1/?page=sitemap?=sc?=tc?=tc@[2442, 3362, 3448, 3511, 3586, 3668, 3734, 3867, 4288, 4890, 4903, 5093, 5662, 6110, 6406, 6617]@{}
http://www.comp.hkbu.edu.hk/v1/?page=home?=tc@[2442, 3358, 3444, 3507, 3582, 3664, 3730, 3863, 4283, 4885, 4898, 5088, 5657, 6105, 6402, 6613]@{}
http://www.comp.hkbu.edu.hk/~alumni/news/../news/../news/../news/@[54, 96, 142, 170, 769, 840, 917, 1064, 1114, 1202, 1284, 1359, 1410, 1488, 1539, 1620, 1677, 1756, 1809, 1864, 1922, 1979, 2053, 2138, 2195, 2274, 2323, 2413, 2468, 2542, 2600, 2654, 2742, 2822, 2907, 3006, 3131, 3206, 3297, 3386, 3488, 3578, 3662, 3754, 3854, 3961, 4073, 4183, 4312, 4404, 4494, 4556, 4622, 4686, 4763, 4848, 4930]@{}
http://www.comp.hkbu.edu.hk/~alumni/news/../scholarship/../news/../news/@[54, 96, 142, 170, 769, 840, 917, 1064, 1114, 1202, 1284, 1359, 1410, 1488, 1539, 1620, 1677, 1756, 1809, 1864, 1922, 1979, 2053, 2138, 2195, 2274, 2323, 2413, 2468, 2542, 2600, 2654, 2742, 2822, 2907, 3006, 3131, 3206, 3297, 3386, 3488, 3578, 3662, 3754, 3854, 3961, 4073, 4183, 4312, 4404, 4494, 4556, 4622, 4686, 4763, 4848, 4930]@{}
http://www.comp.hkbu.edu.hk/~alumni/news/../donation/../news/../news/@[54, 96, 142, 170, 769, 840, 917, 1064, 1114, 1202, 1284, 1359, 1410, 1488, 1539, 1620, 1677, 1756, 1809, 1864, 1922, 1979, 2053, 2138, 2195, 2274, 2323, 2413, 2468, 2542, 2600, 2654, 2742, 2822, 2907, 3006, 3131, 3206, 3297, 3386, 3488, 3578, 3662, 3754, 3854, 3961, 4073, 4183, 4312, 4404, 4494, 4556, 4622, 4686, 4763, 4848, 4930]@{}
http://www.comp.hkbu.edu.hk/v1/?page=job_vacancies?=tc?=tc?=tc?=tc@[2442, 3364, 3450, 3513, 3588, 3670, 3736, 3869, 4290, 4898, 4911, 5101, 5670, 6118, 6410, 6621]@{}
http://www.comp.hkbu.edu.hk/v1/?page=job_vacancies?=sc?=tc?=tc?=tc@[2442, 3364, 3450, 3513, 3588, 3670, 3736, 3869, 4290, 4899, 4912, 5102, 5671, 6119, 6403, 6614]@{}
http://www.comp.hkbu.edu.hk/v1/?page=sitemap?=tc?=tc?=tc?=tc@[2442, 3364, 3450, 3513, 3588, 3670, 3736, 3869, 4289, 4887, 4900, 5090, 5659, 6107, 6404, 6615]@{}
http://www.comp.hkbu.edu.hk/v1/?page=sitemap?=sc?=tc?=tc?=tc@[2442, 3364, 3450, 3513, 3588, 3670, 3736, 3869, 4289, 4898, 4911, 5101, 5670, 6118, 6415, 6626]@{}
http://www.comp.hkbu.edu.hk/v1/?page=home?=tc?=tc@[2442, 3360, 3446, 3509, 3584, 3666, 3732, 3865, 4285, 4887, 4900, 5090, 5659, 6107, 6408, 6619]@{}
http://www.comp.hkbu.edu.hk/~alumni/news/../news/../news/../news/../news/@[54, 96, 142, 170, 769, 840, 917, 1064, 1114, 1202, 1284, 1359, 1410, 1488, 1539, 1620, 1677, 1756, 1809, 1864, 1922, 1979, 2053, 2138, 2195, 2274, 2323, 2413, 2468, 2542, 2600, 2654, 2742, 2822, 2907, 3006, 3131, 3206, 3297, 3386, 3488, 3578, 3662, 3754, 3854, 3961, 4073, 4183, 4312, 4404, 4494, 4556, 4622, 4686, 4763, 4848, 4930]@{}
http://www.comp.hkbu.edu.hk/v1/?page=alumni@[61, 71, 113]@{}
http://www.comp.hkbu.edu.hk/~alumni/news/../scholarship/../news/../news/../news/@[54, 96, 142, 170, 769, 840, 917, 1064, 1114, 1202, 1284, 1359, 1410, 1488, 1539, 1620, 1677, 1756, 1809, 1864, 1922, 1979, 2053, 2138, 2195, 2274, 2323, 2413, 2468, 2542, 2600, 2654, 2742, 2822, 2907, 3006, 3131, 3206, 3297, 3386, 3488, 3578, 3662, 3754, 3854, 3961, 4073, 4183, 4312, 4404, 4494, 4556, 4622, 4686, 4763, 4848, 4930]@{}
http://www.comp.hkbu.edu.hk/~alumni/news/../donation/../news/../news/../news/@[54, 96, 142, 170, 769, 840, 917, 1064, 1114, 1202, 1284, 1359, 1410, 1488, 1539, 1620, 1677, 1756, 1809, 1864, 1922, 1979, 2053, 2138, 2195, 2274, 2323, 2413, 2468, 2542, 2600, 2654, 2742, 2822, 2907, 3006, 3131, 3206, 3297, 3386, 3488, 3578, 3662, 3754, 3854, 3961, 4073, 4183, 4312, 4404, 4494, 4556, 4622, 4686, 4763, 4848, 4930]@{}
http://www.comp.hkbu.edu.hk/v1/?page=job_vacancies?=tc?=tc?=tc?=tc?=tc@[2442, 3366, 3452, 3515, 3590, 3672, 3738, 3871, 4292, 4901, 4914, 5104, 5673, 6121, 6412, 6623]@{}
http://www.comp.hkbu.edu.hk/v1/?page=job_vacancies?=sc?=tc?=tc?=tc?=tc@[2442, 3366, 3452, 3515, 3590, 3672, 3738, 3871, 4291, 4886, 4899, 5089, 5658, 6106, 6408, 6619]@{}
http://www.comp.hkbu.edu.hk/v1/?page=sitemap?=tc?=tc?=tc?=tc?=tc@[2442, 3366, 3452, 3515, 3590, 3672, 3738, 3871, 4292, 4894, 4907, 5097, 5666, 6114, 6408, 6619]@{}
http://www.comp.hkbu.edu.hk/v1/?page=sitemap?=sc?=tc?=tc?=tc?=tc@[2442, 3366, 3452, 3515, 3590, 3672, 3738, 3871, 4291, 4900, 4913, 5103, 5672, 6120, 6416, 6627]@{}
http://www.comp.hkbu.edu.hk/v1/?page=home?=tc?=tc?=tc@[2442, 3362, 3448, 3511, 3586, 3668, 3734, 3867, 4287, 4885, 4898, 5088, 5657, 6105, 6406, 6617]@{}
http://www.comp.hkbu.edu.hk/~alumni/news/../news/../news/../news/../news/../news/@[54, 96, 142, 170, 769, 840, 917, 1064, 1114, 1202, 1284, 1359, 1410, 1488, 1539, 1620, 1677, 1756, 1809, 1864, 1922, 1979, 2053, 2138, 2195, 2274, 2323, 2413, 2468, 2542, 2600, 2654, 2742, 2822, 2907, 3006, 3131, 3206, 3297, 3386, 3488, 3578, 3662, 3754, 3854, 3961, 4073, 4183, 4312, 4404, 4494, 4556, 4622, 4686, 4763, 4848, 4930]@{}
http://www.comp.hkbu.edu.hk/~alumni/news/../scholarship/../news/../news/../news/../news/@[54, 96, 142, 170, 769, 840, 917, 1064, 1114, 1202, 1284, 1359, 1410, 1488, 1539, 1620, 1677, 1756, 1809, 1864, 1922, 1979, 2053, 2138, 2195, 2274, 2323, 2413, 2468, 2542, 2600, 2654, 2742, 2822, 2907, 3006, 3131, 3206, 3297, 3386, 3488, 3578, 3662, 3754, 3854, 3961, 4073, 4183, 4312, 4404, 4494, 4556, 4622, 4686, 4763, 4848, 4930]@{}
http://www.comp.hkbu.edu.hk/~alumni/news/../donation/../news/../news/../news/../news/@[54, 96, 142, 170, 769, 840, 917, 1064, 1114, 1202, 1284, 1359, 1410, 1488, 1539, 1620, 1677, 1756, 1809, 1864, 1922, 1979, 2053, 2138, 2195, 2274, 2323, 2413, 2468, 2542, 2600, 2654, 2742, 2822, 2907, 3006, 3131, 3206, 3297, 3386, 3488, 3578, 3662, 3754, 3854, 3961, 4073, 4183, 4312, 4404, 4494, 4556, 4622, 4686, 4763, 4848, 4930]@{}
http://www.comp.hkbu.edu.hk/v1/?page=job_vacancies@[1990, 2904, 2990, 3053, 3128, 3210, 3276, 3409, 3830]@{}
http://www.comp.hkbu.edu.hk/v1/?page=job_vacancies?=tc?=tc?=tc?=tc?=tc?=tc@[2442, 3368, 3454, 3517, 3592, 3674, 3740, 3873, 4294, 4889, 4902, 5092, 5661, 6109, 6406, 6617]@{}
http://www.comp.hkbu.edu.hk/v1/?page=job_vacancies?=sc?=tc?=tc?=tc?=tc?=tc@[2442, 3368, 3454, 3517, 3592, 3674, 3740, 3873, 4293, 4888, 4901, 5091, 5660, 6108, 6414, 6625]@{}
http://www.comp.hkbu.edu.hk/v1/?page=sitemap?=tc?=tc?=tc?=tc?=tc?=tc@[2442, 3368, 3454, 3517, 3592, 3674, 3740, 3873, 4293, 4892, 4905, 5095, 5664, 6112, 6403, 6614]@{}
http://www.comp.hkbu.edu.hk/v1/?page=sitemap?=sc?=tc?=tc?=tc?=tc?=tc@[2442, 3368, 3454, 3517, 3592, 3674, 3740, 3873, 4294, 4910, 4923, 5113, 5682, 6130, 6422, 6633]@{}
http://www.comp.hkbu.edu.hk/v1/?page=home?=tc?=tc?=tc?=tc@[2442, 3364, 3450, 3513, 3588, 3670, 3736, 3869, 4290, 4891, 4904, 5094, 5663, 6111, 6404, 6615]@{}
http://www.comp.hkbu.edu.hk/~alumni/news/../news/../news/../news/../news/../news/../news/@[54, 96, 142, 170, 769, 840, 917, 1064, 1114, 1202, 1284, 1359, 1410, 1488, 1539, 1620, 1677, 1756, 1809, 1864, 1922, 1979, 2053, 2138, 2195, 2274, 2323, 2413, 2468, 2542, 2600, 2654, 2742, 2822, 2907, 3006, 3131, 3206, 3297, 3386, 3488, 3578, 3662, 3754, 3854, 3961, 4073, 4183, 4312, 4404, 4494, 4556, 4622, 4686, 4763, 4848, 4930]@{}
http://www.comp.hkbu.edu.hk/~alumni/news/../scholarship/../news/../news/../news/../news/../news/@[54, 96, 142, 170, 769, 840, 917, 1064, 1114, 1202, 1284, 1359, 1410, 1488, 1539, 1620, 1677, 1756, 1809, 1864, 1922, 1979, 2053, 2138, 2195, 2274, 2323, 2413, 2468, 2542, 2600, 2654, 2742, 2822, 2907, 3006, 3131, 3206, 3297, 3386, 3488, 3578, 3662, 3754, 3854, 3961, 4073, 4183, 4312, 4404, 4494, 4556, 4622, 4686, 4763, 4848, 4930]@{}
http://www.comp.hkbu.edu.hk/~alumni/news/../donation/../news/../news/../news/../news/../news/@[54, 96, 142, 170, 769, 840, 917, 1064, 1114, 1202, 1284, 1359, 1410, 1488, 1539, 1620, 1677, 1756, 1809, 1864, 1922, 1979, 2053, 2138, 2195, 2274, 2323, 2413, 2468, 2542, 2600, 2654, 2742, 2822, 2907, 3006, 3131, 3206, 3297, 3386, 3488, 3578, 3662, 3754, 3854, 3961, 4073, 4183, 4312, 4404, 4494, 4556, 4622, 4686, 4763, 4848, 4930]@{}
http://www.comp.hkbu.edu.hk/v1/?page=job_vacancies?=tc?=tc?=tc?=tc?=tc?=tc?=tc@[2442, 3370, 3456, 3519, 3594, 3676, 3742, 3875, 4296, 4893, 4906, 5096, 5665, 6113, 6402, 6613]@{}
http://www.comp.hkbu.edu.hk/v1/?page=job_vacancies?=sc?=tc?=tc?=tc?=tc?=tc?=tc@[2442, 3370, 3456, 3519, 3594, 3676, 3742, 3875, 4296, 4890, 4903, 5093, 5662, 6110, 6402, 6613]@{}
http://www.comp.hkbu.edu.hk/v1/?page=sitemap?=tc?=tc?=tc?=tc?=tc?=tc?=tc@[2442, 3370, 3456, 3519, 3594, 3676, 3742, 3875, 4295, 4892, 4905, 5095, 5664, 6112, 6399, 6610]@{}
http://www.comp.hkbu.edu.hk/v1/?page=sitemap?=sc?=tc?=tc?=tc?=tc?=tc?=tc@[2442, 3370, 3456, 3519, 3594, 3676, 3742, 3875, 4295, 4894, 4907, 5097, 5666, 6114, 6414, 6625]@{}
http://www.comp.hkbu.edu.hk/v1/?page=home?=tc?=tc?=tc?=tc?=tc@[2442, 3366, 3452, 3515, 3590, 3672, 3738, 3871, 4292, 4894, 4907, 5097, 5666, 6114, 6408, 6619]@{}
http://www.comp.hkbu.edu.hk/~alumni/news/../news/../news/../news/../news/../news/../news/../news/@[54, 96, 142, 170, 769, 840, 917, 1064, 1114, 1202, 1284, 1359, 1410, 1488, 1539, 1620, 1677, 1756, 1809, 1864, 1922, 1979, 2053, 2138, 2195, 2274, 2323, 2413, 2468, 2542, 2600, 2654, 2742, 2822, 2907, 3006, 3131, 3206, 3297, 3386, 3488, 3578, 3662, 3754, 3854, 3961, 4073, 4183, 4312, 4404, 4494, 4556, 4622, 4686, 4763, 4848, 4930]@{}
http://www.comp.hkbu.edu.hk/~alumni/news/../scholarship/../news/../news/../news/../news/../news/../news/@[54, 96, 142, 170, 769, 840, 917, 1064, 1114, 1202, 1284, 1359, 1410, 1488, 1539, 1620, 1677, 1756, 1809, 1864, 1922, 1979, 2053, 2138, 2195, 2274, 2323, 2413, 2468, 2542, 2600, 2654, 2742, 2822, 2907, 3006, 3131, 3206, 3297, 3386, 3488, 3578, 3662, 3754, 3854, 3961, 4073, 4183, 4312, 4404, 4494, 4556, 4622, 4686, 4763, 4848, 4930]@{}
http://www.comp.hkbu.edu.hk/~alumni/news/../donation/../news/../news/../news/../news/../news/../news/@[54, 96, 142, 170, 769, 840, 917, 1064, 1114, 1202, 1284, 1359, 1410, 1488, 1539, 1620, 1677, 1756, 1809, 1864, 1922, 1979, 2053, 2138, 2195, 2274, 2323, 2413, 2468, 2542, 2600, 2654, 2742, 2822, 2907, 3006, 3131, 3206, 3297, 3386, 3488, 3578, 3662, 3754, 3854, 3961, 4073, 4183, 4312, 4404, 4494, 4556, 4622, 4686, 4763, 4848, 4930]@{}
http://www.comp.hkbu.edu.hk/v1/?page=job_vacancies?=tc?=tc?=tc?=tc?=tc?=tc?=tc?=tc@[2442, 3372, 3458, 3521, 3596, 3678, 3744, 3877, 4298, 4909, 4922, 5112, 5681, 6129, 6422, 6633]@{}
http://www.comp.hkbu.edu.hk/v1/?page=job_vacancies?=sc?=tc?=tc?=tc?=tc?=tc?=tc?=tc@[2442, 3372, 3458, 3521, 3596, 3678, 3744, 3877, 4298, 4893, 4906, 5096, 5665, 6113, 6418, 6629]@{}
http://www.comp.hkbu.edu.hk/v1/?page=sitemap?=tc?=tc?=tc?=tc?=tc?=tc?=tc?=tc@[2442, 3372, 3458, 3521, 3596, 3678, 3744, 3877, 4298, 4896, 4909, 5099, 5668, 6116, 6403, 6614]@{}
http://www.comp.hkbu.edu.hk/v1/?page=sitemap?=sc?=tc?=tc?=tc?=tc?=tc?=tc?=tc@[2442, 3372, 3458, 3521, 3596, 3678, 3744, 3877, 4298, 4910, 4923, 5113, 5682, 6130, 6429, 6640]@{}
http://www.comp.hkbu.edu.hk/v1/?page=sitemap@[1988, 2902, 2988, 3051, 3126, 3208, 3274, 3407, 3827]@{}
http://www.comp.hkbu.edu.hk/v1/?page=home?=tc?=tc?=tc?=tc?=tc?=tc@[2442, 3368, 3454, 3517, 3592, 3674, 3740, 3873, 4293, 4895, 4908, 5098, 5667, 6115, 6415, 6626]@{}
http://www.comp.hkbu.edu.hk/~alumni/news/../news/../news/../news/../news/../news/../news/../news/../news/@[54, 96, 142, 170, 769, 840, 917, 1064, 1114, 1202, 1284, 1359, 1410, 1488, 1539, 1620, 1677, 1756, 1809, 1864, 1922, 1979, 2053, 2138, 2195, 2274, 2323, 2413, 2468, 2542, 2600, 2654, 2742, 2822, 2907, 3006, 3131, 3206, 3297, 3386, 3488, 3578, 3662, 3754, 3854, 3961, 4073, 4183, 4312, 4404, 4494, 4556, 4622, 4686, 4763, 4848, 4930]@{}
http://www.comp.hkbu.edu.hk/~alumni/news/../scholarship/../news/../news/../news/../news/../news/../news/../news/@[54, 96, 142, 170, 769, 840, 917, 1064, 1114, 1202, 1284, 1359, 1410, 1488, 1539, 1620, 1677, 1756, 1809, 1864, 1922, 1979, 2053, 2138, 2195, 2274, 2323, 2413, 2468, 2542, 2600, 2654, 2742, 2822, 2907, 3006, 3131, 3206, 3297, 3386, 3488, 3578, 3662, 3754, 3854, 3961, 4073, 4183, 4312, 4404, 4494, 4556, 4622, 4686, 4763, 4848, 4930]@{}
http://www.comp.hkbu.edu.hk/~alumni/news/../donation/../news/../news/../news/../news/../news/../news/../news/@[54, 96, 142, 170, 769, 840, 917, 1064, 1114, 1202, 1284, 1359, 1410, 1488, 1539, 1620, 1677, 1756, 1809, 1864, 1922, 1979, 2053, 2138, 2195, 2274, 2323, 2413, 2468, 2542, 2600, 2654, 2742, 2822, 2907, 3006, 3131, 3206, 3297, 3386, 3488, 3578, 3662, 3754, 3854, 3961, 4073, 4183, 4312, 4404, 4494, 4556, 4622, 4686, 4763, 4848, 4930]@{}
http://www.comp.hkbu.edu.hk/v1/?page=job_vacancies?=tc?=tc?=tc?=tc?=tc?=tc?=tc?=tc?=tc@[2442, 3374, 3460, 3523, 3598, 3680, 3746, 3879, 4300, 4909, 4922, 5112, 5681, 6129, 6421, 6632]@{}
http://www.comp.hkbu.edu.hk/v1/?page=job_vacancies?=sc?=tc?=tc?=tc?=tc?=tc?=tc?=tc?=tc@[2442, 3374, 3460, 3523, 3598, 3680, 3746, 3879, 4300, 4908, 4921, 5111, 5680, 6128, 6425, 6636]@{}
http://www.comp.hkbu.edu.hk/v1/?page=sitemap?=tc?=tc?=tc?=tc?=tc?=tc?=tc?=tc?=tc@[2442, 3374, 3460, 3523, 3598, 3680, 3746, 3879, 4299, 4893, 4906, 5096, 5665, 6113, 6403, 6614]@{}
http://www.comp.hkbu.edu.hk/v1/?page=sitemap?=sc?=tc?=tc?=tc?=tc?=tc?=tc?=tc?=tc@[2442, 3374, 3460, 3523, 3598, 3680, 3746, 3879, 4299, 4911, 4924, 5114, 5683, 6131, 6427, 6638]@{}
http://www.comp.hkbu.edu.hk/v1/?lang=tc@[2442, 3352, 3438, 3501, 3576, 3658, 3724, 3857, 4277, 4893, 4906, 5096, 5665, 6113, 6415, 6626]@{}
http://www.comp.hkbu.edu.hk/~alumni/news/@[54, 96, 142, 170, 769, 840, 917, 1064, 1114, 1202, 1284, 1359, 1410, 1488, 1539, 1620, 1677, 1756, 1809, 1864, 1922, 1979, 2053, 2138, 2195, 2274, 2323, 2413, 2468, 2542, 2600, 2654, 2742, 2822, 2907, 3006, 3131, 3206, 3297, 3386, 3488, 3578, 3662, 3754, 3854, 3961, 4073, 4183, 4312, 4404, 4494, 4556, 4622, 4686, 4763, 4848, 4930]@{}
http://www.sci.hkbu.edu.hk/eng/page/@[2479, 2553]@{}
