http://www.comp.hkbu.edu.hk@[2527, 2542, 2549, 2573, 2580, 2692, 2704, 3926, 4639, 4682, 4758, 6528]@{}
http://www.comp.hkbu.edu.hk/v1/?page=sci@[1418]@{}
http://www.comp.hkbu.edu.hk/v1/?page=job_vacancies?=tc@[2527, 2542, 2549, 2573, 2580, 2692, 2704, 3932, 4754, 6507]@{}
http://www.comp.hkbu.edu.hk/v1/?page=job_vacancies?=sc@[2527, 2542, 2549, 2573, 2580, 2692, 2704, 3932, 4645, 4754, 6518]@{}
http://www.comp.hkbu.edu.hk/v1/?page=sitemap?=tc@[2527, 2542, 2549, 2573, 2580, 2692, 2704, 3932, 4644, 4677, 4750, 6510]@{}
http://www.comp.hkbu.edu.hk/v1/?page=sitemap?=sc@[2527, 2542, 2549, 2573, 2580, 2692, 2704, 3932, 4749, 6517]@{}
http://www.comp.hkbu.edu.hk/v1/?lang=sc@[2527, 2542, 2549, 2573, 2580, 2692, 2704, 3926, 4639, 4745, 6509]@{}
http://www.comp.hkbu.edu.hk/~alumni/news/../news/@[438, 498, 816, 893, 1092, 1260, 1335, 1464, 1596, 1732, 1785, 1840, 1897, 2029, 2114, 2250, 2389, 2443, 2518, 2575, 2718, 2798, 2883, 3107, 3182, 3273, 3364, 3464, 3554, 3638, 3832, 3935, 4271, 4272, 4285, 4378, 4468, 4660, 4737, 4803, 4824, 4891, 4909, 4967, 4985, 5047]@{}
http://www.comp.hkbu.edu.hk/~alumni/news/../scholarship/@[438, 498, 879]@{}
http://www.comp.hkbu.edu.hk/~alumni/news/../donation/@[438, 498, 1369]@{}
http://www.comp.hkbu.edu.hk/v1/?page=job_vacancies?=tc?=tc@[2527, 2542, 2549, 2573, 2580, 2692, 2704, 3934, 4675, 4751, 6516]@{}
http://www.comp.hkbu.edu.hk/v1/?page=job_vacancies?=sc?=tc@[2527, 2542, 2549, 2573, 2580, 2692, 2704, 3934, 4646, 4687, 4761, 6535]@{}
http://www.comp.hkbu.edu.hk/v1/?page=sitemap?=tc?=tc@[2527, 2542, 2549, 2573, 2580, 2692, 2704, 3934, 4675, 4751, 6512]@{}
http://www.comp.hkbu.edu.hk/v1/?page=sitemap?=sc?=tc@[2527, 2542, 2549, 2573, 2580, 2692, 2704, 3934, 4646, 4689, 4765, 6529]@{}
http://www.comp.hkbu.edu.hk/v1/?page=home@[2527, 2542, 2549, 2573, 2580, 2692, 2704, 3930, 4669, 4743, 6505]@{}
http://www.comp.hkbu.edu.hk/~alumni/news/../news/../news/@[438, 498, 816, 893, 1092, 1260, 1335, 1464, 1596, 1732, 1785, 1840, 1897, 2029, 2114, 2250, 2389, 2443, 2518, 2575, 2718, 2798, 2883, 3107, 3182, 3273, 3364, 3464, 3554, 3638, 3832, 3935, 4271, 4272, 4285, 4378, 4468, 4660, 4737, 4803, 4824, 4891, 4909, 4967, 4985, 5047]@{}
http://www.comp.hkbu.edu.hk/~alumni/news/../scholarship/../news/@[438, 498, 816, 893, 1092, 1260, 1335, 1464, 1596, 1732, 1785, 1840, 1897, 2029, 2114, 2250, 2389, 2443, 2518, 2575, 2718, 2798, 2883, 3107, 3182, 3273, 3364, 3464, 3554, 3638, 3832, 3935, 4271, 4272, 4285, 4378, 4468, 4660, 4737, 4803, 4824, 4891, 4909, 4967, 4985, 5047]@{}
http://www.comp.hkbu.edu.hk/~alumni/news/../donation/../news/@[438, 498, 816, 893, 1092, 1260, 1335, 1464, 1596, 1732, 1785, 1840, 1897, 2029, 2114, 2250, 2389, 2443, 2518, 2575, 2718, 2798, 2883, 3107, 3182, 3273, 3364, 3464, 3554, 3638, 3832, 3935, 4271, 4272, 4285, 4378, 4468, 4660, 4737, 4803, 4824, 4891, 4909, 4967, 4985, 5047]@{}
http://www.comp.hkbu.edu.hk/v1/?page=job_vacancies?=tc?=tc?=tc@[2527, 2542, 2549, 2573, 2580, 2692, 2704, 3936, 4649, 4692, 4765, 6532]@{}
http://www.comp.hkbu.edu.hk/v1/?page=job_vacancies?=sc?=tc?=tc@[2527, 2542, 2549, 2573, 2580, 2692, 2704, 3936, 4675, 4749, 6517]@{}
http://www.comp.hkbu.edu.hk/v1/?page=sitemap?=tc?=tc?=tc@[2527, 2542, 2549, 2573, 2580, 2692, 2704, 3936, 4649, 4755, 6524]@{}
http://www.comp.hkbu.edu.hk/v1/?page=sitemap?=sc?=tc?=tc@[2527, 2542, 2549, 2573, 2580, 2692, 2704, 3936, 4649, 4758, 6525]@{}
http://www.comp.hkbu.edu.hk/v1/?page=home?=tc@[2527, 2542, 2549, 2573, 2580, 2692, 2704, 3932, 4644, 4677, 4753, 6521]@{}
http://www.comp.hkbu.edu.hk/~alumni/news/../news/../news/../news/@[438, 498, 816, 893, 1092, 1260, 1335, 1464, 1596, 1732, 1785, 1840, 1897, 2029, 2114, 2250, 2389, 2443, 2518, 2575, 2718, 2798, 2883, 3107, 3182, 3273, 3364, 3464, 3554, 3638, 3832, 3935, 4271, 4272, 4285, 4378, 4468, 4660, 4737, 4803, 4824, 4891, 4909, 4967, 4985, 5047]@{}
http://www.comp.hkbu.edu.hk/~alumni/news/../scholarship/../news/../news/@[438, 498, 816, 893, 1092, 1260, 1335, 1464, 1596, 1732, 1785, 1840, 1897, 2029, 2114, 2250, 2389, 2443, 2518, 2575, 2718, 2798, 2883, 3107, 3182, 3273, 3364, 3464, 3554, 3638, 3832, 3935, 4271, 4272, 4285, 4378, 4468, 4660, 4737, 4803, 4824, 4891, 4909, 4967, 4985, 5047]@{}
http://www.comp.hkbu.edu.hk/~alumni/news/../donation/../news/../news/@[438, 498, 816, 893, 1092, 1260, 1335, 1464, 1596, 1732, 1785, 1840, 1897, 2029, 2114, 2250, 2389, 2443, 2518, 2575, 2718, 2798, 2883, 3107, 3182, 3273, 3364, 3464, 3554, 3638, 3832, 3935, 4271, 4272, 4285, 4378, 4468, 4660, 4737, 4803, 4824, 4891, 4909, 4967, 4985, 5047]@{}
http://www.comp.hkbu.edu.hk/v1/?page=job_vacancies?=tc?=tc?=tc?=tc@[2527, 2542, 2549, 2573, 2580, 2692, 2704, 3938, 4651, 4692, 4766, 6529]@{}
http://www.comp.hkbu.edu.hk/v1/?page=job_vacancies?=sc?=tc?=tc?=tc@[2527, 2542, 2549, 2573, 2580, 2692, 2704, 3938, 4651, 4767, 6522]@{}
http://www.comp.hkbu.edu.hk/v1/?page=sitemap?=tc?=tc?=tc?=tc@[2527, 2542, 2549, 2573, 2580, 2692, 2704, 3938, 4650, 4681, 4755, 6523]@{}
http://www.comp.hkbu.edu.hk/v1/?page=sitemap?=sc?=tc?=tc?=tc@[2527, 2542, 2549, 2573, 2580, 2692, 2704, 3938, 4650, 4766, 6534]@{}
http://www.comp.hkbu.edu.hk/v1/?page=home?=tc?=tc@[2527, 2542, 2549, 2573, 2580, 2692, 2704, 3934, 4646, 4755, 6527]@{}
http://www.comp.hkbu.edu.hk/~alumni/news/../news/../news/../news/../news/@[438, 498, 816, 893, 1092, 1260, 1335, 1464, 1596, 1732, 1785, 1840, 1897, 2029, 2114, 2250, 2389, 2443, 2518, 2575, 2718, 2798, 2883, 3107, 3182, 3273, 3364, 3464, 3554, 3638, 3832, 3935, 4271, 4272, 4285, 4378, 4468, 4660, 4737, 4803, 4824, 4891, 4909, 4967, 4985, 5047]@{}
http://www.comp.hkbu.edu.hk/~alumni/news/../scholarship/../news/../news/../news/@[438, 498, 816, 893, 1092, 1260, 1335, 1464, 1596, 1732, 1785, 1840, 1897, 2029, 2114, 2250, 2389, 2443, 2518, 2575, 2718, 2798, 2883, 3107, 3182, 3273, 3364, 3464, 3554, 3638, 3832, 3935, 4271, 4272, 4285, 4378, 4468, 4660, 4737, 4803, 4824, 4891, 4909, 4967, 4985, 5047]@{}
http://www.comp.hkbu.edu.hk/~alumni/news/../donation/../news/../news/../news/@[438, 498, 816, 893, 1092, 1260, 1335, 1464, 1596, 1732, 1785, 1840, 1897, 2029, 2114, 2250, 2389, 2443, 2518, 2575, 2718, 2798, 2883, 3107, 3182, 3273, 3364, 3464, 3554, 3638, 3832, 3935, 4271, 4272, 4285, 4378, 4468, 4660, 4737, 4803, 4824, 4891, 4909, 4967, 4985, 5047]@{}
http://www.comp.hkbu.edu.hk/v1/?page=job_vacancies?=tc?=tc?=tc?=tc?=tc@[2527, 2542, 2549, 2573, 2580, 2692, 2704, 3940, 4653, 4769, 6531]@{}
http://www.comp.hkbu.edu.hk/v1/?page=job_vacancies?=sc?=tc?=tc?=tc?=tc@[2527, 2542, 2549, 2573, 2580, 2692, 2704, 3940, 4754, 6527]@{}
http://www.comp.hkbu.edu.hk/v1/?page=sitemap?=tc?=tc?=tc?=tc?=tc@[2527, 2542, 2549, 2573, 2580, 2692, 2704, 3940, 4762, 6527]@{}
http://www.comp.hkbu.edu.hk/v1/?page=sitemap?=sc?=tc?=tc?=tc?=tc@[2527, 2542, 2549, 2573, 2580, 2692, 2704, 3940, 4652, 4768, 6535]@{}
http://www.comp.hkbu.edu.hk/v1/?page=home?=tc?=tc?=tc@[2527, 2542, 2549, 2573, 2580, 2692, 2704, 3936, 4753, 6525]@{}
http://www.comp.hkbu.edu.hk/~alumni/news/../news/../news/../news/../news/../news/@[438, 498, 816, 893, 1092, 1260, 1335, 1464, 1596, 1732, 1785, 1840, 1897, 2029, 2114, 2250, 2389, 2443, 2518, 2575, 2718, 2798, 2883, 3107, 3182, 3273, 3364, 3464, 3554, 3638, 3832, 3935, 4271, 4272, 4285, 4378, 4468, 4660, 4737, 4803, 4824, 4891, 4909, 4967, 4985, 5047]@{}
http://www.comp.hkbu.edu.hk/~alumni/news/../scholarship/../news/../news/../news/../news/@[438, 498, 816, 893, 1092, 1260, 1335, 1464, 1596, 1732, 1785, 1840, 1897, 2029, 2114, 2250, 2389, 2443, 2518, 2575, 2718, 2798, 2883, 3107, 3182, 3273, 3364, 3464, 3554, 3638, 3832, 3935, 4271, 4272, 4285, 4378, 4468, 4660, 4737, 4803, 4824, 4891, 4909, 4967, 4985, 5047]@{}
http://www.comp.hkbu.edu.hk/~alumni/news/../donation/../news/../news/../news/../news/@[438, 498, 816, 893, 1092, 1260, 1335, 1464, 1596, 1732, 1785, 1840, 1897, 2029, 2114, 2250, 2389, 2443, 2518, 2575, 2718, 2798, 2883, 3107, 3182, 3273, 3364, 3464, 3554, 3638, 3832, 3935, 4271, 4272, 4285, 4378, 4468, 4660, 4737, 4803, 4824, 4891, 4909, 4967, 4985, 5047]@{}
http://www.comp.hkbu.edu.hk/v1/?page=job_vacancies@[2075, 2090, 2097, 2121, 2128, 2240, 2252, 3478]@{}
http://www.comp.hkbu.edu.hk/v1/?page=job_vacancies?=tc?=tc?=tc?=tc?=tc?=tc@[2527, 2542, 2549, 2573, 2580, 2692, 2704, 3942, 4684, 4757, 6525]@{}
http://www.comp.hkbu.edu.hk/v1/?page=job_vacancies?=sc?=tc?=tc?=tc?=tc?=tc@[2527, 2542, 2549, 2573, 2580, 2692, 2704, 3942, 4683, 4756, 6533]@{}
http://www.comp.hkbu.edu.hk/v1/?page=sitemap?=tc?=tc?=tc?=tc?=tc?=tc@[2527, 2542, 2549, 2573, 2580, 2692, 2704, 3942, 4654, 4760, 6522]@{}
http://www.comp.hkbu.edu.hk/v1/?page=sitemap?=sc?=tc?=tc?=tc?=tc?=tc@[2527, 2542, 2549, 2573, 2580, 2692, 2704, 3942, 4655, 4778, 6541]@{}
http://www.comp.hkbu.edu.hk/v1/?page=home?=tc?=tc?=tc?=tc@[2527, 2542, 2549, 2573, 2580, 2692, 2704, 3938, 4651, 4759, 6523]@{}
http://www.comp.hkbu.edu.hk/~alumni/news/../news/../news/../news/../news/../news/../news/@[438, 498, 816, 893, 1092, 1260, 1335, 1464, 1596, 1732, 1785, 1840, 1897, 2029, 2114, 2250, 2389, 2443, 2518, 2575, 2718, 2798, 2883, 3107, 3182, 3273, 3364, 3464, 3554, 3638, 3832, 3935, 4271, 4272, 4285, 4378, 4468, 4660, 4737, 4803, 4824, 4891, 4909, 4967, 4985, 5047]@{}
http://www.comp.hkbu.edu.hk/~alumni/news/../scholarship/../news/../news/../news/../news/../news/@[438, 498, 816, 893, 1092, 1260, 1335, 1464, 1596, 1732, 1785, 1840, 1897, 2029, 2114, 2250, 2389, 2443, 2518, 2575, 2718, 2798, 2883, 3107, 3182, 3273, 3364, 3464, 3554, 3638, 3832, 3935, 4271, 4272, 4285, 4378, 4468, 4660, 4737, 4803, 4824, 4891, 4909, 4967, 4985, 5047]@{}
http://www.comp.hkbu.edu.hk/~alumni/news/../donation/../news/../news/../news/../news/../news/@[438, 498, 816, 893, 1092, 1260, 1335, 1464, 1596, 1732, 1785, 1840, 1897, 2029, 2114, 2250, 2389, 2443, 2518, 2575, 2718, 2798, 2883, 3107, 3182, 3273, 3364, 3464, 3554, 3638, 3832, 3935, 4271, 4272, 4285, 4378, 4468, 4660, 4737, 4803, 4824, 4891, 4909, 4967, 4985, 5047]@{}
http://www.comp.hkbu.edu.hk/v1/?page=job_vacancies?=tc?=tc?=tc?=tc?=tc?=tc?=tc@[2527, 2542, 2549, 2573, 2580, 2692, 2704, 3944, 4761, 6521]@{}
http://www.comp.hkbu.edu.hk/v1/?page=job_vacancies?=sc?=tc?=tc?=tc?=tc?=tc?=tc@[2527, 2542, 2549, 2573, 2580, 2692, 2704, 3944, 4684, 4758, 6521]@{}
http://www.comp.hkbu.edu.hk/v1/?page=sitemap?=tc?=tc?=tc?=tc?=tc?=tc?=tc@[2527, 2542, 2549, 2573, 2580, 2692, 2704, 3944, 4760, 6518]@{}
http://www.comp.hkbu.edu.hk/v1/?page=sitemap?=sc?=tc?=tc?=tc?=tc?=tc?=tc@[2527, 2542, 2549, 2573, 2580, 2692, 2704, 3944, 4656, 4689, 4762, 6533]@{}
http://www.comp.hkbu.edu.hk/v1/?page=home?=tc?=tc?=tc?=tc?=tc@[2527, 2542, 2549, 2573, 2580, 2692, 2704, 3940, 4762, 6527]@{}
http://www.comp.hkbu.edu.hk/~alumni/news/../news/../news/../news/../news/../news/../news/../news/@[438, 498, 816, 893, 1092, 1260, 1335, 1464, 1596, 1732, 1785, 1840, 1897, 2029, 2114, 2250, 2389, 2443, 2518, 2575, 2718, 2798, 2883, 3107, 3182, 3273, 3364, 3464, 3554, 3638, 3832, 3935, 4271, 4272, 4285, 4378, 4468, 4660, 4737, 4803, 4824, 4891, 4909, 4967, 4985, 5047]@{}
http://www.comp.hkbu.edu.hk/~alumni/news/../scholarship/../news/../news/../news/../news/../news/../news/@[438, 498, 816, 893, 1092, 1260, 1335, 1464, 1596, 1732, 1785, 1840, 1897, 2029, 2114, 2250, 2389, 2443, 2518, 2575, 2718, 2798, 2883, 3107, 3182, 3273, 3364, 3464, 3554, 3638, 3832, 3935, 4271, 4272, 4285, 4378, 4468, 4660, 4737, 4803, 4824, 4891, 4909, 4967, 4985, 5047]@{}
http://www.comp.hkbu.edu.hk/~alumni/news/../donation/../news/../news/../news/../news/../news/../news/@[438, 498, 816, 893, 1092, 1260, 1335, 1464, 1596, 1732, 1785, 1840, 1897, 2029, 2114, 2250, 2389, 2443, 2518, 2575, 2718, 2798, 2883, 3107, 3182, 3273, 3364, 3464, 3554, 3638, 3832, 3935, 4271, 4272, 4285, 4378, 4468, 4660, 4737, 4803, 4824, 4891, 4909, 4967, 4985, 5047]@{}
http://www.comp.hkbu.edu.hk/v1/?page=job_vacancies?=tc?=tc?=tc?=tc?=tc?=tc?=tc?=tc@[2527, 2542, 2549, 2573, 2580, 2692, 2704, 3946, 4659, 4777, 6541]@{}
http://www.comp.hkbu.edu.hk/v1/?page=job_vacancies?=sc?=tc?=tc?=tc?=tc?=tc?=tc?=tc@[2527, 2542, 2549, 2573, 2580, 2692, 2704, 3946, 4688, 4761, 6537]@{}
http://www.comp.hkbu.edu.hk/v1/?page=sitemap?=tc?=tc?=tc?=tc?=tc?=tc?=tc?=tc@[2527, 2542, 2549, 2573, 2580, 2692, 2704, 3946, 4764, 6522]@{}
http://www.comp.hkbu.edu.hk/v1/?page=sitemap?=sc?=tc?=tc?=tc?=tc?=tc?=tc?=tc@[2527, 2542, 2549, 2573, 2580, 2692, 2704, 3946, 4659, 4702, 4778, 6548]@{}
http://www.comp.hkbu.edu.hk/v1/?page=sitemap@[2073, 2088, 2095, 2119, 2126, 2238, 2250, 3476, 5554]@{}
http://www.comp.hkbu.edu.hk/v1/?page=home?=tc?=tc?=tc?=tc?=tc?=tc@[2527, 2542, 2549, 2573, 2580, 2692, 2704, 3942, 4654, 4687, 4763, 6534]@{}
http://www.comp.hkbu.edu.hk/~alumni/news/../news/../news/../news/../news/../news/../news/../news/../news/@[438, 498, 816, 893, 1092, 1260, 1335, 1464, 1596, 1732, 1785, 1840, 1897, 2029, 2114, 2250, 2389, 2443, 2518, 2575, 2718, 2798, 2883, 3107, 3182, 3273, 3364, 3464, 3554, 3638, 3832, 3935, 4271, 4272, 4285, 4378, 4468, 4660, 4737, 4803, 4824, 4891, 4909, 4967, 4985, 5047]@{}
http://www.comp.hkbu.edu.hk/~alumni/news/../scholarship/../news/../news/../news/../news/../news/../news/../news/@[438, 498, 816, 893, 1092, 1260, 1335, 1464, 1596, 1732, 1785, 1840, 1897, 2029, 2114, 2250, 2389, 2443, 2518, 2575, 2718, 2798, 2883, 3107, 3182, 3273, 3364, 3464, 3554, 3638, 3832, 3935, 4271, 4272, 4285, 4378, 4468, 4660, 4737, 4803, 4824, 4891, 4909, 4967, 4985, 5047]@{}
http://www.comp.hkbu.edu.hk/~alumni/news/../donation/../news/../news/../news/../news/../news/../news/../news/@[438, 498, 816, 893, 1092, 1260, 1335, 1464, 1596, 1732, 1785, 1840, 1897, 2029, 2114, 2250, 2389, 2443, 2518, 2575, 2718, 2798, 2883, 3107, 3182, 3273, 3364, 3464, 3554, 3638, 3832, 3935, 4271, 4272, 4285, 4378, 4468, 4660, 4737, 4803, 4824, 4891, 4909, 4967, 4985, 5047]@{}
http://www.comp.hkbu.edu.hk/v1/?page=job_vacancies?=tc?=tc?=tc?=tc?=tc?=tc?=tc?=tc?=tc@[2527, 2542, 2549, 2573, 2580, 2692, 2704, 3948, 4661, 4704, 4777, 6540]@{}
http://www.comp.hkbu.edu.hk/v1/?page=job_vacancies?=sc?=tc?=tc?=tc?=tc?=tc?=tc?=tc?=tc@[2527, 2542, 2549, 2573, 2580, 2692, 2704, 3948, 4661, 4702, 4776, 6544]@{}
http://www.comp.hkbu.edu.hk/v1/?page=sitemap?=tc?=tc?=tc?=tc?=tc?=tc?=tc?=tc?=tc@[2527, 2542, 2549, 2573, 2580, 2692, 2704, 3948, 4687, 4761, 6522]@{}
http://www.comp.hkbu.edu.hk/v1/?page=sitemap?=sc?=tc?=tc?=tc?=tc?=tc?=tc?=tc?=tc@[2527, 2542, 2549, 2573, 2580, 2692, 2704, 3948, 4660, 4703, 4779, 6546]@{}
http://www.comp.hkbu.edu.hk/v1/?lang=tc@[2527, 2542, 2549, 2573, 2580, 2692, 2704, 3926, 4638, 4761, 6534]@{}
http://www.comp.hkbu.edu.hk/~alumni/news/@[438, 498, 816, 893, 1092, 1260, 1335, 1464, 1596, 1732, 1785, 1840, 1897, 2029, 2114, 2250, 2389, 2443, 2518, 2575, 2718, 2798, 2883, 3107, 3182, 3273, 3364, 3464, 3554, 3638, 3832, 3935, 4271, 4272, 4285, 4378, 4468, 4660, 4737, 4803, 4824, 4891, 4909, 4967, 4985, 5047]@{}
http://www.sci.hkbu.edu.hk/eng/page/?page=prospective-students@[1418, 2507, 2592, 2873]@{}
http://www.sci.hkbu.edu.hk/eng/page/?page=current-students@[1418]@{}
http://www.sci.hkbu.edu.hk/eng/page/@[1418]@{}
http://www.sci.hkbu.edu.hk/eng/about-us/honorary-doctorate@[1418]@{}
http://www.sci.hkbu.edu.hk/eng/about-us/distinguished-professorship/eng/page/?page=prospective-students@[1418]@{}
http://www.sci.hkbu.edu.hk/eng/about-us/honorary-doctorate/eng/page/?page=prospective-students@[1418]@{}
http://www.sci.hkbu.edu.hk/eng/about-us/distinguished-professor-of-science@[1418]@{}
http://www.sci.hkbu.edu.hk/eng/about-us/dr-kennedy-wong-distinguished-visiting-professorship-scheme@[1418]@{}
http://www.sci.hkbu.edu.hk/eng/about-us/distinguished-professor-of-science/eng/page/?page=prospective-students@[1418]@{}
http://www.sci.hkbu.edu.hk/eng/about-us/dr-kennedy-wong-distinguished-visiting-professorship-scheme/eng/page/?page=prospective-students@[1418]@{}
http://www.sci.hkbu.edu.hk/eng/page/eng/about-us/vision-mission@[1418]@{}
http://www.sci.hkbu.edu.hk/eng/page/eng/about-us/faculty-advisory-committee@[1418]@{}
http://www.sci.hkbu.edu.hk/eng@[1418]@{}
http://www.sci.hkbu.edu.hk/eng/about-us/vision-mission@[1418]@{}
http://www.sci.hkbu.edu.hk/eng/about-us/faculty-advisory-committee@[1418]@{}
http://www.sci.hkbu.edu.hk/eng/about-us/vision-mission/eng/page/?page=prospective-students@[1418]@{}
http://www.sci.hkbu.edu.hk/eng/about-us/faculty-advisory-committee/eng/page/?page=prospective-students@[1418]@{}
http://www.sci.hkbu.edu.hk/eng/about-us/distinguished-professorship@[1418]@{}
