http://www.comp.hkbu.edu.hk@[203]@[203]
https://www.comp.hkbu.edu.hk/v1/?page=home@[209]@[209]
https://www.comp.hkbu.edu.hk/v1/?page=whats_new@[606, 2108, 2163]@[606, 2108, 2163]
https://www.comp.hkbu.edu.hk/v1/?pid=32@[148, 183, 240, 264, 281, 297, 313, 334, 353, 369, 405, 425, 440]@[148, 183, 240, 264, 281, 297, 313, 334, 353, 369, 405, 425, 440]
https://www.comp.hkbu.edu.hk@[193]@[193]
https://www.comp.hkbu.edu.hk/v1/?page=news@[606, 2108, 2163]@[606, 2108, 2163]
https://www.comp.hkbu.edu.hk/v1/?page=events@[154, 349, 732, 736, 889, 3074, 3079, 4832, 7450, 7798, 7813, 7827, 7864, 7875, 7886, 7897, 7909, 7914, 7964, 7972, 7976, 7988, 7991, 8041, 8048, 8059, 8066, 8078, 8083, 8143, 8215, 8231, 8238, 8249, 8256, 8276, 8279]@[154, 349, 732, 736, 889, 3074, 3079, 4832, 7450, 7798, 7813, 7827, 7864, 7875, 7886, 7897, 7909, 7914, 7964, 7972, 7976, 7988, 7991, 8041, 8048, 8059, 8066, 8078, 8083, 8143, 8215, 8231, 8238, 8249, 8256, 8276, 8279]
https://www.comp.hkbu.edu.hk/v1/?page=dlecture@[1675, 1839, 2361, 3937]@[1675, 1839, 2361, 3937]
https://www.comp.hkbu.edu.hk/v1/?page=conferences@[148, 183, 240, 264, 281, 297, 313, 334, 353, 369, 405, 425, 440]@[148, 183, 240, 264, 281, 297, 313, 334, 353, 369, 405, 425, 440]
https://www.comp.hkbu.edu.hk/v1/?pid=77@[136, 1055, 1083, 1098, 1127, 1142, 1157]@[136, 1055, 1083, 1098, 1127, 1142, 1157]
https://www.comp.hkbu.edu.hk/v1/?pid=124@[144]@[144]
https://news.google.com/?tab=nn@[847]@[847]
