http://www.comp.hkbu.edu.hk@[771, 1190, 1209, 1388, 1395, 1476, 1502, 1549, 1589, 1676, 1764, 1782, 1961, 1998, 2040]@{}
http://www.comp.hkbu.edu.hk/v1/?page=job_vacancies?=tc@[771, 1190, 1209, 1388, 1395, 1476, 1502, 1549, 1589, 1676, 1764, 1782, 1961, 1998, 2040]@{}
http://www.comp.hkbu.edu.hk/v1/?page=job_vacancies?=sc@[771, 1190, 1209, 1388, 1395, 1476, 1502, 1549, 1589, 1676, 1764, 1782, 1961, 1998, 2040]@{}
http://www.comp.hkbu.edu.hk/v1/?page=sitemap?=tc@[771, 1190, 1209, 1388, 1395, 1476, 1502, 1549, 1589, 1676, 1764, 1782, 1961, 1998, 2040]@{}
http://www.comp.hkbu.edu.hk/v1/?page=sitemap?=sc@[771, 1190, 1209, 1388, 1395, 1476, 1502, 1549, 1589, 1676, 1764, 1782, 1961, 1998, 2040]@{}
http://www.comp.hkbu.edu.hk/v1/?lang=sc@[771, 1190, 1209, 1388, 1395, 1476, 1502, 1549, 1589, 1676, 1764, 1782, 1961, 1998, 2040]@{}
http://www.comp.hkbu.edu.hk/v1/?page=job_vacancies?=tc?=tc@[771, 1190, 1209, 1388, 1395, 1476, 1502, 1549, 1589, 1676, 1764, 1782, 1961, 1998, 2040]@{}
http://www.comp.hkbu.edu.hk/v1/?page=job_vacancies?=sc?=tc@[771, 1190, 1209, 1388, 1395, 1476, 1502, 1549, 1589, 1676, 1764, 1782, 1961, 1998, 2040]@{}
http://www.comp.hkbu.edu.hk/v1/?page=sitemap?=tc?=tc@[771, 1190, 1209, 1388, 1395, 1476, 1502, 1549, 1589, 1676, 1764, 1782, 1961, 1998, 2040]@{}
http://www.comp.hkbu.edu.hk/v1/?page=sitemap?=sc?=tc@[771, 1190, 1209, 1388, 1395, 1476, 1502, 1549, 1589, 1676, 1764, 1782, 1961, 1998, 2040]@{}
http://www.comp.hkbu.edu.hk/v1/?page=home@[771, 1190, 1209, 1388, 1395, 1476, 1502, 1549, 1589, 1676, 1764, 1782, 1961, 1998, 2040]@{}
http://www.comp.hkbu.edu.hk/v1/?page=job_vacancies?=tc?=tc?=tc@[771, 1190, 1209, 1388, 1395, 1476, 1502, 1549, 1589, 1676, 1764, 1782, 1961, 1998, 2040]@{}
http://www.comp.hkbu.edu.hk/v1/?page=job_vacancies?=sc?=tc?=tc@[771, 1190, 1209, 1388, 1395, 1476, 1502, 1549, 1589, 1676, 1764, 1782, 1961, 1998, 2040]@{}
http://www.comp.hkbu.edu.hk/v1/?page=sitemap?=tc?=tc?=tc@[771, 1190, 1209, 1388, 1395, 1476, 1502, 1549, 1589, 1676, 1764, 1782, 1961, 1998, 2040]@{}
http://www.comp.hkbu.edu.hk/v1/?page=sitemap?=sc?=tc?=tc@[771, 1190, 1209, 1388, 1395, 1476, 1502, 1549, 1589, 1676, 1764, 1782, 1961, 1998, 2040]@{}
http://www.comp.hkbu.edu.hk/v1/?page=home?=tc@[771, 1190, 1209, 1388, 1395, 1476, 1502, 1549, 1589, 1676, 1764, 1782, 1961, 1998, 2040]@{}
http://www.comp.hkbu.edu.hk/v1/?page=job_vacancies?=tc?=tc?=tc?=tc@[771, 1190, 1209, 1388, 1395, 1476, 1502, 1549, 1589, 1676, 1764, 1782, 1961, 1998, 2040]@{}
http://www.comp.hkbu.edu.hk/v1/?page=job_vacancies?=sc?=tc?=tc?=tc@[771, 1190, 1209, 1388, 1395, 1476, 1502, 1549, 1589, 1676, 1764, 1782, 1961, 1998, 2040]@{}
http://www.comp.hkbu.edu.hk/v1/?page=sitemap?=tc?=tc?=tc?=tc@[771, 1190, 1209, 1388, 1395, 1476, 1502, 1549, 1589, 1676, 1764, 1782, 1961, 1998, 2040]@{}
http://www.comp.hkbu.edu.hk/v1/?page=sitemap?=sc?=tc?=tc?=tc@[771, 1190, 1209, 1388, 1395, 1476, 1502, 1549, 1589, 1676, 1764, 1782, 1961, 1998, 2040]@{}
http://www.comp.hkbu.edu.hk/v1/?page=home?=tc?=tc@[771, 1190, 1209, 1388, 1395, 1476, 1502, 1549, 1589, 1676, 1764, 1782, 1961, 1998, 2040]@{}
http://www.comp.hkbu.edu.hk/v1/?page=job_vacancies?=tc?=tc?=tc?=tc?=tc@[771, 1190, 1209, 1388, 1395, 1476, 1502, 1549, 1589, 1676, 1764, 1782, 1961, 1998, 2040]@{}
http://www.comp.hkbu.edu.hk/v1/?page=job_vacancies?=sc?=tc?=tc?=tc?=tc@[771, 1190, 1209, 1388, 1395, 1476, 1502, 1549, 1589, 1676, 1764, 1782, 1961, 1998, 2040]@{}
http://www.comp.hkbu.edu.hk/v1/?page=sitemap?=tc?=tc?=tc?=tc?=tc@[771, 1190, 1209, 1388, 1395, 1476, 1502, 1549, 1589, 1676, 1764, 1782, 1961, 1998, 2040]@{}
http://www.comp.hkbu.edu.hk/v1/?page=sitemap?=sc?=tc?=tc?=tc?=tc@[771, 1190, 1209, 1388, 1395, 1476, 1502, 1549, 1589, 1676, 1764, 1782, 1961, 1998, 2040]@{}
http://www.comp.hkbu.edu.hk/v1/?page=home?=tc?=tc?=tc@[771, 1190, 1209, 1388, 1395, 1476, 1502, 1549, 1589, 1676, 1764, 1782, 1961, 1998, 2040]@{}
http://www.comp.hkbu.edu.hk/v1/?page=job_vacancies@[319, 738, 757, 936, 943, 1024, 1050, 1097, 1137, 1224, 1312, 1330, 1509, 1546, 1588]@{}
http://www.comp.hkbu.edu.hk/v1/?page=job_vacancies?=tc?=tc?=tc?=tc?=tc?=tc@[771, 1190, 1209, 1388, 1395, 1476, 1502, 1549, 1589, 1676, 1764, 1782, 1961, 1998, 2040]@{}
http://www.comp.hkbu.edu.hk/v1/?page=job_vacancies?=sc?=tc?=tc?=tc?=tc?=tc@[771, 1190, 1209, 1388, 1395, 1476, 1502, 1549, 1589, 1676, 1764, 1782, 1961, 1998, 2040]@{}
http://www.comp.hkbu.edu.hk/v1/?page=sitemap?=tc?=tc?=tc?=tc?=tc?=tc@[771, 1190, 1209, 1388, 1395, 1476, 1502, 1549, 1589, 1676, 1764, 1782, 1961, 1998, 2040]@{}
http://www.comp.hkbu.edu.hk/v1/?page=sitemap?=sc?=tc?=tc?=tc?=tc?=tc@[771, 1190, 1209, 1388, 1395, 1476, 1502, 1549, 1589, 1676, 1764, 1782, 1961, 1998, 2040]@{}
http://www.comp.hkbu.edu.hk/v1/?page=home?=tc?=tc?=tc?=tc@[771, 1190, 1209, 1388, 1395, 1476, 1502, 1549, 1589, 1676, 1764, 1782, 1961, 1998, 2040]@{}
http://www.comp.hkbu.edu.hk/v1/?page=job_vacancies?=tc?=tc?=tc?=tc?=tc?=tc?=tc@[771, 1190, 1209, 1388, 1395, 1476, 1502, 1549, 1589, 1676, 1764, 1782, 1961, 1998, 2040]@{}
http://www.comp.hkbu.edu.hk/v1/?page=job_vacancies?=sc?=tc?=tc?=tc?=tc?=tc?=tc@[771, 1190, 1209, 1388, 1395, 1476, 1502, 1549, 1589, 1676, 1764, 1782, 1961, 1998, 2040]@{}
http://www.comp.hkbu.edu.hk/v1/?page=sitemap?=tc?=tc?=tc?=tc?=tc?=tc?=tc@[771, 1190, 1209, 1388, 1395, 1476, 1502, 1549, 1589, 1676, 1764, 1782, 1961, 1998, 2040]@{}
http://www.comp.hkbu.edu.hk/v1/?page=sitemap?=sc?=tc?=tc?=tc?=tc?=tc?=tc@[771, 1190, 1209, 1388, 1395, 1476, 1502, 1549, 1589, 1676, 1764, 1782, 1961, 1998, 2040]@{}
http://www.comp.hkbu.edu.hk/v1/?page=home?=tc?=tc?=tc?=tc?=tc@[771, 1190, 1209, 1388, 1395, 1476, 1502, 1549, 1589, 1676, 1764, 1782, 1961, 1998, 2040]@{}
http://www.comp.hkbu.edu.hk/v1/?page=job_vacancies?=tc?=tc?=tc?=tc?=tc?=tc?=tc?=tc@[771, 1190, 1209, 1388, 1395, 1476, 1502, 1549, 1589, 1676, 1764, 1782, 1961, 1998, 2040]@{}
http://www.comp.hkbu.edu.hk/v1/?page=job_vacancies?=sc?=tc?=tc?=tc?=tc?=tc?=tc?=tc@[771, 1190, 1209, 1388, 1395, 1476, 1502, 1549, 1589, 1676, 1764, 1782, 1961, 1998, 2040]@{}
http://www.comp.hkbu.edu.hk/v1/?page=sitemap?=tc?=tc?=tc?=tc?=tc?=tc?=tc?=tc@[771, 1190, 1209, 1388, 1395, 1476, 1502, 1549, 1589, 1676, 1764, 1782, 1961, 1998, 2040]@{}
http://www.comp.hkbu.edu.hk/v1/?page=sitemap?=sc?=tc?=tc?=tc?=tc?=tc?=tc?=tc@[771, 1190, 1209, 1388, 1395, 1476, 1502, 1549, 1589, 1676, 1764, 1782, 1961, 1998, 2040]@{}
http://www.comp.hkbu.edu.hk/v1/?page=sitemap@[317, 736, 755, 934, 941, 1022, 1048, 1095, 1135, 1222, 1310, 1328, 1507, 1544, 1586]@{}
http://www.comp.hkbu.edu.hk/v1/?page=home?=tc?=tc?=tc?=tc?=tc?=tc@[771, 1190, 1209, 1388, 1395, 1476, 1502, 1549, 1589, 1676, 1764, 1782, 1961, 1998, 2040]@{}
http://www.comp.hkbu.edu.hk/v1/?page=job_vacancies?=tc?=tc?=tc?=tc?=tc?=tc?=tc?=tc?=tc@[771, 1190, 1209, 1388, 1395, 1476, 1502, 1549, 1589, 1676, 1764, 1782, 1961, 1998, 2040]@{}
http://www.comp.hkbu.edu.hk/v1/?page=job_vacancies?=sc?=tc?=tc?=tc?=tc?=tc?=tc?=tc?=tc@[771, 1190, 1209, 1388, 1395, 1476, 1502, 1549, 1589, 1676, 1764, 1782, 1961, 1998, 2040]@{}
http://www.comp.hkbu.edu.hk/v1/?page=sitemap?=tc?=tc?=tc?=tc?=tc?=tc?=tc?=tc?=tc@[771, 1190, 1209, 1388, 1395, 1476, 1502, 1549, 1589, 1676, 1764, 1782, 1961, 1998, 2040]@{}
http://www.comp.hkbu.edu.hk/v1/?page=sitemap?=sc?=tc?=tc?=tc?=tc?=tc?=tc?=tc?=tc@[771, 1190, 1209, 1388, 1395, 1476, 1502, 1549, 1589, 1676, 1764, 1782, 1961, 1998, 2040]@{}
http://www.comp.hkbu.edu.hk/v1/?lang=tc@[771, 1190, 1209, 1388, 1395, 1476, 1502, 1549, 1589, 1676, 1764, 1782, 1961, 1998, 2040]@{}
