https://www.comp.hkbu.edu.hk/v1/?page=home@[160, 175]@[160, 175]
https://www.comp.hkbu.edu.hk/v1/?page=whats_new@[220, 433]@[220, 433]
https://www.comp.hkbu.edu.hk/v1/?page=faculty@[273, 460]@[273, 460]
https://www.comp.hkbu.edu.hk/v1/?page=research_staff@[136, 183, 188]@[136, 183, 188]
https://www.comp.hkbu.edu.hk/v1/?page=pg_students@[189, 194, 199, 204]@[189, 194, 199, 204]
https://www.comp.hkbu.edu.hk/v1/?page=funded_projects@[337, 378, 791, 2564, 2761, 2883, 3095, 3223, 3359, 3776]@[337, 378, 791, 2564, 2761, 2883, 3095, 3223, 3359, 3776]
https://www.comp.hkbu.edu.hk/v1/?page=journal_editorship@[117, 230, 321]@[117, 230, 321]
https://www.comp.hkbu.edu.hk/v1/?page=news@[220, 433]@[220, 433]
https://www.comp.hkbu.edu.hk/v1/?page=highlights@[165, 247, 361]@[165, 247, 361]
https://www.comp.hkbu.edu.hk/v1/?pid=77@[412, 449, 684, 859, 898, 908, 928]@[412, 449, 684, 859, 898, 908, 928]
https://www.comp.hkbu.edu.hk/v1/?file=355@[7220, 8003, 8172, 8875, 8906, 8915, 9009, 9054, 9056, 9101, 9111, 9154, 9156, 9197, 9207, 9238, 9240, 9269, 9318, 9376, 9378, 9425, 9435, 9438, 9440, 9443, 9445, 9448, 9450, 9453, 9463, 9480]@[]
https://www.comp.hkbu.edu.hk/v1/?file=1431@[4511, 5457, 5689, 5850, 5934, 5974, 5976, 6022, 6032, 6055, 6057, 6106, 6108, 6134, 6136, 6185, 6187, 6236, 6238, 6262, 6264, 6313, 6315, 6364, 6366, 6390, 6392, 6432, 6434, 6490, 6492, 6535, 6545, 6556, 6558, 6595, 6597, 6611, 6613, 6650, 6652, 6689, 6691, 6703, 6705, 6742, 6744, 6781, 6783, 6795, 6797, 6825, 6827, 6871, 6873, 6904, 6958, 7005, 7007, 7063, 7065, 7122, 7124, 7180, 7182, 7228, 7230, 7276, 7278, 7324, 7326, 7375, 7385, 7388, 7390, 7393, 7395, 7398, 7400, 7403, 7405, 7410, 7420, 7441, 7485, 7487, 7531, 7533, 7578, 7580, 7625, 7627, 7672, 7674, 7719, 7721, 7766, 7768, 7813, 7815, 7866, 7868, 7919, 7921, 7972, 7974, 8025, 8027, 8078, 8080, 8131, 8133, 8184, 8186, 8237, 8239, 8290, 8292, 8343, 8345, 8396, 8398, 8449, 8451, 8502, 8504, 8555, 8557, 8608, 8610, 8661, 8663, 8714, 8716, 8767, 8769, 8820, 8822, 8873, 8875, 8926, 8928, 8979, 8981, 9032, 9034, 9085, 9087, 9138, 9140, 9191, 9193, 9244, 9246, 9297, 9299, 9350, 9352, 9403, 9405, 9456, 9458, 9509, 9511, 9563, 9569, 9571, 9590, 9641, 9643, 9694, 9696, 9747, 9749, 9800, 9802, 9853, 9855, 9906, 9908, 9959, 9961, 10012, 10014, 10065, 10067, 10118, 10120, 10171, 10177, 10179, 10198, 10249, 10251, 10302, 10304, 10355, 10357, 10408, 10410, 10461, 10463, 10514, 10520]@[]
https://www.comp.hkbu.edu.hk/v1/?pid=124@[211]@[211]
