http://www.comp.hkbu.edu.hk/v1/?page=sci@[2570, 3119, 3191, 3264, 3341, 3413, 3487, 3559, 3626, 3698, 3774, 5106, 5197, 5210, 5223, 5236, 5595, 5614, 5620, 5639, 5645, 5664, 5670, 5689, 5711, 5720, 5729, 5738, 6047, 6052, 6057, 6062, 6439, 6443, 6448, 6455, 6462, 6524, 6533, 6729, 7610]@{}
http://www.sci.hkbu.edu.hk/eng/about-us/distinguished-professorship/eng/page/?page=prospective-students@[2570, 3119, 3191, 3264, 3341, 3413, 3487, 3559, 3626, 3698, 3774, 5106, 5197, 5210, 5223, 5236, 5595, 5614, 5620, 5639, 5645, 5664, 5670, 5689, 5711, 5720, 5729, 5738, 6047, 6052, 6057, 6062, 6439, 6443, 6448, 6455, 6462, 6524, 6533, 6729, 7610]@{}
http://www.sci.hkbu.edu.hk/eng/about-us/honorary-doctorate/eng/page/?page=prospective-students@[2570, 3119, 3191, 3264, 3341, 3413, 3487, 3559, 3626, 3698, 3774, 5106, 5197, 5210, 5223, 5236, 5595, 5614, 5620, 5639, 5645, 5664, 5670, 5689, 5711, 5720, 5729, 5738, 6047, 6052, 6057, 6062, 6439, 6443, 6448, 6455, 6462, 6524, 6533, 6729, 7610]@{}
http://www.sci.hkbu.edu.hk/eng/about-us/distinguished-professor-of-science/eng/page/?page=prospective-students@[2570, 3119, 3191, 3264, 3341, 3413, 3487, 3559, 3626, 3698, 3774, 5106, 5197, 5210, 5223, 5236, 5595, 5614, 5620, 5639, 5645, 5664, 5670, 5689, 5711, 5720, 5729, 5738, 6047, 6052, 6057, 6062, 6439, 6443, 6448, 6455, 6462, 6524, 6533, 6729, 7610]@{}
http://www.sci.hkbu.edu.hk/eng/about-us/dr-kennedy-wong-distinguished-visiting-professorship-scheme/eng/page/?page=prospective-students@[2570, 3119, 3191, 3264, 3341, 3413, 3487, 3559, 3626, 3698, 3774, 5106, 5197, 5210, 5223, 5236, 5595, 5614, 5620, 5639, 5645, 5664, 5670, 5689, 5711, 5720, 5729, 5738, 6047, 6052, 6057, 6062, 6439, 6443, 6448, 6455, 6462, 6524, 6533, 6729, 7610]@{}
http://www.sci.hkbu.edu.hk/eng/page/eng/about-us/vision-mission@[2570, 3119, 3191, 3264, 3341, 3413, 3487, 3559, 3626, 3698, 3774, 5106, 5197, 5210, 5223, 5236, 5595, 5614, 5620, 5639, 5645, 5664, 5670, 5689, 5711, 5720, 5729, 5738, 6047, 6052, 6057, 6062, 6439, 6443, 6448, 6455, 6462, 6524, 6533, 6729, 7610]@{}
http://www.sci.hkbu.edu.hk/eng/page/eng/about-us/faculty-advisory-committee@[2570, 3119, 3191, 3264, 3341, 3413, 3487, 3559, 3626, 3698, 3774, 5106, 5197, 5210, 5223, 5236, 5595, 5614, 5620, 5639, 5645, 5664, 5670, 5689, 5711, 5720, 5729, 5738, 6047, 6052, 6057, 6062, 6439, 6443, 6448, 6455, 6462, 6524, 6533, 6729, 7610]@{}
http://www.sci.hkbu.edu.hk/eng@[2570, 3119, 3191, 3264, 3341, 3413, 3487, 3559, 3626, 3698, 3774, 5106, 5197, 5210, 5223, 5236, 5595, 5614, 5620, 5639, 5645, 5664, 5670, 5689, 5711, 5720, 5729, 5738, 6047, 6052, 6057, 6062, 6439, 6443, 6448, 6455, 6462, 6524, 6533, 6729, 7610]@{}
http://www.sci.hkbu.edu.hk/eng/about-us/vision-mission/eng/page/?page=prospective-students@[2570, 3119, 3191, 3264, 3341, 3413, 3487, 3559, 3626, 3698, 3774, 5106, 5197, 5210, 5223, 5236, 5595, 5614, 5620, 5639, 5645, 5664, 5670, 5689, 5711, 5720, 5729, 5738, 6047, 6052, 6057, 6062, 6439, 6443, 6448, 6455, 6462, 6524, 6533, 6729, 7610]@{}
http://www.sci.hkbu.edu.hk/eng/about-us/faculty-advisory-committee/eng/page/?page=prospective-students@[2570, 3119, 3191, 3264, 3341, 3413, 3487, 3559, 3626, 3698, 3774, 5106, 5197, 5210, 5223, 5236, 5595, 5614, 5620, 5639, 5645, 5664, 5670, 5689, 5711, 5720, 5729, 5738, 6047, 6052, 6057, 6062, 6439, 6443, 6448, 6455, 6462, 6524, 6533, 6729, 7610]@{}
