http://www.comp.hkbu.edu.hk/~alumni/news/../news/@[773, 844, 921, 1068, 1118, 1206, 1288, 1363, 1414, 1492, 1543, 1624, 1681, 1760, 1813, 1868, 1926, 1983, 2057, 2142, 2199, 2278, 2327, 2417, 2472, 2546, 2604, 2658, 2746, 2826, 2911, 3010, 3135, 3210, 3301, 3390, 3492, 3582, 3666, 3758, 3858, 3965, 4077, 4187, 4316, 4408, 4498, 4560, 4626, 4690, 4767, 4852, 4934]@{}
http://www.comp.hkbu.edu.hk/~alumni/news/../news/../news/@[773, 844, 921, 1068, 1118, 1206, 1288, 1363, 1414, 1492, 1543, 1624, 1681, 1760, 1813, 1868, 1926, 1983, 2057, 2142, 2199, 2278, 2327, 2417, 2472, 2546, 2604, 2658, 2746, 2826, 2911, 3010, 3135, 3210, 3301, 3390, 3492, 3582, 3666, 3758, 3858, 3965, 4077, 4187, 4316, 4408, 4498, 4560, 4626, 4690, 4767, 4852, 4934]@{}
http://www.comp.hkbu.edu.hk/~alumni/news/../scholarship/../news/@[773, 844, 921, 1068, 1118, 1206, 1288, 1363, 1414, 1492, 1543, 1624, 1681, 1760, 1813, 1868, 1926, 1983, 2057, 2142, 2199, 2278, 2327, 2417, 2472, 2546, 2604, 2658, 2746, 2826, 2911, 3010, 3135, 3210, 3301, 3390, 3492, 3582, 3666, 3758, 3858, 3965, 4077, 4187, 4316, 4408, 4498, 4560, 4626, 4690, 4767, 4852, 4934]@{}
http://www.comp.hkbu.edu.hk/~alumni/news/../donation/../news/@[773, 844, 921, 1068, 1118, 1206, 1288, 1363, 1414, 1492, 1543, 1624, 1681, 1760, 1813, 1868, 1926, 1983, 2057, 2142, 2199, 2278, 2327, 2417, 2472, 2546, 2604, 2658, 2746, 2826, 2911, 3010, 3135, 3210, 3301, 3390, 3492, 3582, 3666, 3758, 3858, 3965, 4077, 4187, 4316, 4408, 4498, 4560, 4626, 4690, 4767, 4852, 4934]@{}
http://www.comp.hkbu.edu.hk/~alumni/news/../news/../news/../news/@[773, 844, 921, 1068, 1118, 1206, 1288, 1363, 1414, 1492, 1543, 1624, 1681, 1760, 1813, 1868, 1926, 1983, 2057, 2142, 2199, 2278, 2327, 2417, 2472, 2546, 2604, 2658, 2746, 2826, 2911, 3010, 3135, 3210, 3301, 3390, 3492, 3582, 3666, 3758, 3858, 3965, 4077, 4187, 4316, 4408, 4498, 4560, 4626, 4690, 4767, 4852, 4934]@{}
http://www.comp.hkbu.edu.hk/~alumni/news/../scholarship/../news/../news/@[773, 844, 921, 1068, 1118, 1206, 1288, 1363, 1414, 1492, 1543, 1624, 1681, 1760, 1813, 1868, 1926, 1983, 2057, 2142, 2199, 2278, 2327, 2417, 2472, 2546, 2604, 2658, 2746, 2826, 2911, 3010, 3135, 3210, 3301, 3390, 3492, 3582, 3666, 3758, 3858, 3965, 4077, 4187, 4316, 4408, 4498, 4560, 4626, 4690, 4767, 4852, 4934]@{}
http://www.comp.hkbu.edu.hk/~alumni/news/../donation/../news/../news/@[773, 844, 921, 1068, 1118, 1206, 1288, 1363, 1414, 1492, 1543, 1624, 1681, 1760, 1813, 1868, 1926, 1983, 2057, 2142, 2199, 2278, 2327, 2417, 2472, 2546, 2604, 2658, 2746, 2826, 2911, 3010, 3135, 3210, 3301, 3390, 3492, 3582, 3666, 3758, 3858, 3965, 4077, 4187, 4316, 4408, 4498, 4560, 4626, 4690, 4767, 4852, 4934]@{}
http://www.comp.hkbu.edu.hk/~alumni/news/../news/../news/../news/../news/@[773, 844, 921, 1068, 1118, 1206, 1288, 1363, 1414, 1492, 1543, 1624, 1681, 1760, 1813, 1868, 1926, 1983, 2057, 2142, 2199, 2278, 2327, 2417, 2472, 2546, 2604, 2658, 2746, 2826, 2911, 3010, 3135, 3210, 3301, 3390, 3492, 3582, 3666, 3758, 3858, 3965, 4077, 4187, 4316, 4408, 4498, 4560, 4626, 4690, 4767, 4852, 4934]@{}
http://www.comp.hkbu.edu.hk/~alumni/news/../scholarship/../news/../news/../news/@[773, 844, 921, 1068, 1118, 1206, 1288, 1363, 1414, 1492, 1543, 1624, 1681, 1760, 1813, 1868, 1926, 1983, 2057, 2142, 2199, 2278, 2327, 2417, 2472, 2546, 2604, 2658, 2746, 2826, 2911, 3010, 3135, 3210, 3301, 3390, 3492, 3582, 3666, 3758, 3858, 3965, 4077, 4187, 4316, 4408, 4498, 4560, 4626, 4690, 4767, 4852, 4934]@{}
http://www.comp.hkbu.edu.hk/~alumni/news/../donation/../news/../news/../news/@[773, 844, 921, 1068, 1118, 1206, 1288, 1363, 1414, 1492, 1543, 1624, 1681, 1760, 1813, 1868, 1926, 1983, 2057, 2142, 2199, 2278, 2327, 2417, 2472, 2546, 2604, 2658, 2746, 2826, 2911, 3010, 3135, 3210, 3301, 3390, 3492, 3582, 3666, 3758, 3858, 3965, 4077, 4187, 4316, 4408, 4498, 4560, 4626, 4690, 4767, 4852, 4934]@{}
http://www.comp.hkbu.edu.hk/~alumni/news/../news/../news/../news/../news/../news/@[773, 844, 921, 1068, 1118, 1206, 1288, 1363, 1414, 1492, 1543, 1624, 1681, 1760, 1813, 1868, 1926, 1983, 2057, 2142, 2199, 2278, 2327, 2417, 2472, 2546, 2604, 2658, 2746, 2826, 2911, 3010, 3135, 3210, 3301, 3390, 3492, 3582, 3666, 3758, 3858, 3965, 4077, 4187, 4316, 4408, 4498, 4560, 4626, 4690, 4767, 4852, 4934]@{}
http://www.comp.hkbu.edu.hk/~alumni/news/../scholarship/../news/../news/../news/../news/@[773, 844, 921, 1068, 1118, 1206, 1288, 1363, 1414, 1492, 1543, 1624, 1681, 1760, 1813, 1868, 1926, 1983, 2057, 2142, 2199, 2278, 2327, 2417, 2472, 2546, 2604, 2658, 2746, 2826, 2911, 3010, 3135, 3210, 3301, 3390, 3492, 3582, 3666, 3758, 3858, 3965, 4077, 4187, 4316, 4408, 4498, 4560, 4626, 4690, 4767, 4852, 4934]@{}
http://www.comp.hkbu.edu.hk/~alumni/news/../donation/../news/../news/../news/../news/@[773, 844, 921, 1068, 1118, 1206, 1288, 1363, 1414, 1492, 1543, 1624, 1681, 1760, 1813, 1868, 1926, 1983, 2057, 2142, 2199, 2278, 2327, 2417, 2472, 2546, 2604, 2658, 2746, 2826, 2911, 3010, 3135, 3210, 3301, 3390, 3492, 3582, 3666, 3758, 3858, 3965, 4077, 4187, 4316, 4408, 4498, 4560, 4626, 4690, 4767, 4852, 4934]@{}
http://www.comp.hkbu.edu.hk/~alumni/news/../news/../news/../news/../news/../news/../news/@[773, 844, 921, 1068, 1118, 1206, 1288, 1363, 1414, 1492, 1543, 1624, 1681, 1760, 1813, 1868, 1926, 1983, 2057, 2142, 2199, 2278, 2327, 2417, 2472, 2546, 2604, 2658, 2746, 2826, 2911, 3010, 3135, 3210, 3301, 3390, 3492, 3582, 3666, 3758, 3858, 3965, 4077, 4187, 4316, 4408, 4498, 4560, 4626, 4690, 4767, 4852, 4934]@{}
http://www.comp.hkbu.edu.hk/~alumni/news/../scholarship/../news/../news/../news/../news/../news/@[773, 844, 921, 1068, 1118, 1206, 1288, 1363, 1414, 1492, 1543, 1624, 1681, 1760, 1813, 1868, 1926, 1983, 2057, 2142, 2199, 2278, 2327, 2417, 2472, 2546, 2604, 2658, 2746, 2826, 2911, 3010, 3135, 3210, 3301, 3390, 3492, 3582, 3666, 3758, 3858, 3965, 4077, 4187, 4316, 4408, 4498, 4560, 4626, 4690, 4767, 4852, 4934]@{}
http://www.comp.hkbu.edu.hk/~alumni/news/../donation/../news/../news/../news/../news/../news/@[773, 844, 921, 1068, 1118, 1206, 1288, 1363, 1414, 1492, 1543, 1624, 1681, 1760, 1813, 1868, 1926, 1983, 2057, 2142, 2199, 2278, 2327, 2417, 2472, 2546, 2604, 2658, 2746, 2826, 2911, 3010, 3135, 3210, 3301, 3390, 3492, 3582, 3666, 3758, 3858, 3965, 4077, 4187, 4316, 4408, 4498, 4560, 4626, 4690, 4767, 4852, 4934]@{}
http://www.comp.hkbu.edu.hk/~alumni/news/../news/../news/../news/../news/../news/../news/../news/@[773, 844, 921, 1068, 1118, 1206, 1288, 1363, 1414, 1492, 1543, 1624, 1681, 1760, 1813, 1868, 1926, 1983, 2057, 2142, 2199, 2278, 2327, 2417, 2472, 2546, 2604, 2658, 2746, 2826, 2911, 3010, 3135, 3210, 3301, 3390, 3492, 3582, 3666, 3758, 3858, 3965, 4077, 4187, 4316, 4408, 4498, 4560, 4626, 4690, 4767, 4852, 4934]@{}
http://www.comp.hkbu.edu.hk/~alumni/news/../scholarship/../news/../news/../news/../news/../news/../news/@[773, 844, 921, 1068, 1118, 1206, 1288, 1363, 1414, 1492, 1543, 1624, 1681, 1760, 1813, 1868, 1926, 1983, 2057, 2142, 2199, 2278, 2327, 2417, 2472, 2546, 2604, 2658, 2746, 2826, 2911, 3010, 3135, 3210, 3301, 3390, 3492, 3582, 3666, 3758, 3858, 3965, 4077, 4187, 4316, 4408, 4498, 4560, 4626, 4690, 4767, 4852, 4934]@{}
http://www.comp.hkbu.edu.hk/~alumni/news/../donation/../news/../news/../news/../news/../news/../news/@[773, 844, 921, 1068, 1118, 1206, 1288, 1363, 1414, 1492, 1543, 1624, 1681, 1760, 1813, 1868, 1926, 1983, 2057, 2142, 2199, 2278, 2327, 2417, 2472, 2546, 2604, 2658, 2746, 2826, 2911, 3010, 3135, 3210, 3301, 3390, 3492, 3582, 3666, 3758, 3858, 3965, 4077, 4187, 4316, 4408, 4498, 4560, 4626, 4690, 4767, 4852, 4934]@{}
http://www.comp.hkbu.edu.hk/~alumni/news/../news/../news/../news/../news/../news/../news/../news/../news/@[773, 844, 921, 1068, 1118, 1206, 1288, 1363, 1414, 1492, 1543, 1624, 1681, 1760, 1813, 1868, 1926, 1983, 2057, 2142, 2199, 2278, 2327, 2417, 2472, 2546, 2604, 2658, 2746, 2826, 2911, 3010, 3135, 3210, 3301, 3390, 3492, 3582, 3666, 3758, 3858, 3965, 4077, 4187, 4316, 4408, 4498, 4560, 4626, 4690, 4767, 4852, 4934]@{}
http://www.comp.hkbu.edu.hk/~alumni/news/../scholarship/../news/../news/../news/../news/../news/../news/../news/@[773, 844, 921, 1068, 1118, 1206, 1288, 1363, 1414, 1492, 1543, 1624, 1681, 1760, 1813, 1868, 1926, 1983, 2057, 2142, 2199, 2278, 2327, 2417, 2472, 2546, 2604, 2658, 2746, 2826, 2911, 3010, 3135, 3210, 3301, 3390, 3492, 3582, 3666, 3758, 3858, 3965, 4077, 4187, 4316, 4408, 4498, 4560, 4626, 4690, 4767, 4852, 4934]@{}
http://www.comp.hkbu.edu.hk/~alumni/news/../donation/../news/../news/../news/../news/../news/../news/../news/@[773, 844, 921, 1068, 1118, 1206, 1288, 1363, 1414, 1492, 1543, 1624, 1681, 1760, 1813, 1868, 1926, 1983, 2057, 2142, 2199, 2278, 2327, 2417, 2472, 2546, 2604, 2658, 2746, 2826, 2911, 3010, 3135, 3210, 3301, 3390, 3492, 3582, 3666, 3758, 3858, 3965, 4077, 4187, 4316, 4408, 4498, 4560, 4626, 4690, 4767, 4852, 4934]@{}
http://www.comp.hkbu.edu.hk/~alumni/news/@[773, 844, 921, 1068, 1118, 1206, 1288, 1363, 1414, 1492, 1543, 1624, 1681, 1760, 1813, 1868, 1926, 1983, 2057, 2142, 2199, 2278, 2327, 2417, 2472, 2546, 2604, 2658, 2746, 2826, 2911, 3010, 3135, 3210, 3301, 3390, 3492, 3582, 3666, 3758, 3858, 3965, 4077, 4187, 4316, 4408, 4498, 4560, 4626, 4690, 4767, 4852, 4934]@{}
