http://www.comp.hkbu.edu.hk@[1, 224, 237]@[224, 237]
https://www.comp.hkbu.edu.hk/v1/?page=alumni@[3]@[]
https://www.comp.hkbu.edu.hk/v1/?page=job_vacancies@[206]@[206]
https://www.comp.hkbu.edu.hk/v1/?page=intranet@[125]@[125]
https://www.comp.hkbu.edu.hk/v1/?page=sitemap@[310, 317, 582]@[310, 317, 582]
https://www.comp.hkbu.edu.hk/v1/?page=home@[1, 151, 189, 230, 243]@[151, 189, 230, 243]
https://www.comp.hkbu.edu.hk/v1/?page=about_us@[135]@[135]
https://iss.hkbu.edu.hk/buam/buam2/reset_pwd/verify_acct.seam@[28, 59]@[28, 59]
https://iss.hkbu.edu.hk/buam/buam2/change_pwd/index.seam@[126]@[126]
https://www.comp.hkbu.edu.hk/v1/?page=people@[125]@[125]
https://www.comp.hkbu.edu.hk/v1/?page=research@[121]@[121]
https://www.comp.hkbu.edu.hk/v1/?page=prospective_students@[184, 191, 205]@[184, 191, 205]
https://www.comp.hkbu.edu.hk/v1/?page=current_students@[128]@[128]
https://www.comp.hkbu.edu.hk/v1/?page=facilities@[132]@[132]
https://www.comp.hkbu.edu.hk/v1/?page=head@[114, 117, 151, 155, 289, 314, 320, 366, 372, 390, 417, 453, 463, 485, 495, 506]@[114, 117, 151, 155, 289, 314, 320, 366, 372, 390, 417, 453, 463, 485, 495, 506]
https://www.comp.hkbu.edu.hk/v1/?page=whats_new@[214, 452, 711, 767, 806, 1120, 1304, 1306, 1628, 1736, 1738, 1824, 1826, 1919, 1924, 2344, 2365, 2378, 2420, 2474, 2772, 2815, 2864, 2883, 2975, 2982, 3040, 3087, 3341, 3369, 3382, 3386, 3630, 3727, 3931, 3981, 4059, 4097, 4169, 4173, 4178, 4180, 4255]@[214, 452, 711, 767, 806, 1120, 1304, 1306, 1628, 1736, 1738, 1824, 1826, 1919, 1924, 2344, 2365, 2378, 2420, 2474, 2772, 2815, 2864, 2883, 2975, 2982, 3040, 3087, 3341, 3369, 3382, 3386, 3630, 3727, 3931, 3981, 4059, 4097, 4169, 4173, 4178, 4180, 4255]
https://iss.hkbu.edu.hk/buam/buam2/reset_pwd_alumni/verify_acct.seam@[25, 183, 187, 190, 193, 197, 200, 204, 207]@[25, 183, 187, 190, 193, 197, 200, 204, 207]
https://www.comp.hkbu.edu.hk/v1/?page=achievements@[120]@[120]
https://www.comp.hkbu.edu.hk/v1/?page=newsletter@[224]@[224]
https://www.comp.hkbu.edu.hk/v1/?page=dept_profile@[120]@[120]
https://www.comp.hkbu.edu.hk/v1/?page=video_introduction@[162]@[162]
https://www.comp.hkbu.edu.hk/v1/?page=contact@[111, 144, 147, 162, 179]@[111, 144, 147, 162, 179]
https://www.comp.hkbu.edu.hk/v1/?page=faculty@[139, 157, 242, 251, 260, 296, 438, 484, 510]@[139, 157, 242, 251, 260, 296, 438, 484, 510]
https://www.comp.hkbu.edu.hk/v1/?page=admin@[361]@[361]
https://aao.hkbu.edu.hk/en/contact/index.php@[116, 126]@[116, 126]
https://iss.hkbu.edu.hk/buam/buam2/activation/index.seam@[29]@[29]
https://www.comp.hkbu.edu.hk/v1/?page=research_staff@[309]@[309]
https://www.comp.hkbu.edu.hk/v1/?page=pg_students@[388]@[388]
https://www.comp.hkbu.edu.hk/v1/?page=research_areas@[115, 167]@[115, 167]
https://www.comp.hkbu.edu.hk/v1/?page=centres@[125, 137, 150, 161, 182, 279, 296, 343, 355, 361, 373, 430]@[125, 137, 150, 161, 182, 279, 296, 343, 355, 361, 373, 430]
https://www.comp.hkbu.edu.hk/v1/?page=funded_projects@[162, 188, 203, 224, 258, 288, 310, 333, 374, 398, 458, 535, 543, 567, 624, 633, 696, 787, 831, 893, 901, 917, 934, 969, 1013, 1073, 1096, 1133, 1155, 1199, 1232, 1249, 1263, 1268, 1318, 1330, 1365, 1375, 1408, 1459, 1468, 1480, 1508, 1534, 1598, 1624, 1649, 1673, 1698, 1738, 1761, 1790, 1798, 1813, 1839, 1872, 1879, 1901, 1915, 1923, 2022, 2034, 2053, 2065, 2091, 2131, 2186, 2314, 2366, 2385, 2394, 2486, 2535, 2545, 2560, 2567, 2585, 2655, 2677, 2690, 2740, 2757, 2765, 2787, 2917, 2942, 2957, 2995, 3082, 3113, 3166, 3187, 3219, 3247, 3264, 3286, 3288, 3332, 3364, 3389, 3443, 3446, 3456, 3471, 3488, 3570, 3605, 3624, 3684, 3701, 3727, 3887, 3914, 3930, 3948]@[162, 188, 203, 224, 258, 288, 310, 333, 374, 398, 458, 535, 543, 567, 624, 633, 696, 787, 831, 893, 901, 917, 934, 969, 1013, 1073, 1096, 1133, 1155, 1199, 1232, 1249, 1263, 1268, 1318, 1330, 1365, 1375, 1408, 1459, 1468, 1480, 1508, 1534, 1598, 1624, 1649, 1673, 1698, 1738, 1761, 1790, 1798, 1813, 1839, 1872, 1879, 1901, 1915, 1923, 2022, 2034, 2053, 2065, 2091, 2131, 2186, 2314, 2366, 2385, 2394, 2486, 2535, 2545, 2560, 2567, 2585, 2655, 2677, 2690, 2740, 2757, 2765, 2787, 2917, 2942, 2957, 2995, 3082, 3113, 3166, 3187, 3219, 3247, 3264, 3286, 3288, 3332, 3364, 3389, 3443, 3446, 3456, 3471, 3488, 3570, 3605, 3624, 3684, 3701, 3727, 3887, 3914, 3930, 3948]
https://www.comp.hkbu.edu.hk/v1/?page=journal_editorship@[164, 222, 235, 249, 314, 334, 372]@[164, 222, 235, 249, 314, 334, 372]
https://www.comp.hkbu.edu.hk/v1/?page=technical_reports@[181]@[181]
https://www.hkbu.edu.hk@[36, 57]@[]
https://www.hkbu.edu.hk/eng/about/privacy.jsp@[36, 57]@[]
https://www.comp.hkbu.edu.hk/v1/?pid=32@[465]@[465]
https://www.comp.hkbu.edu.hk/v1/?page=4_prospective_stud_ug_prog@[172]@[172]
https://www.comp.hkbu.edu.hk/v1/?page=4_prospective_stud_ug_prog_nj@[168]@[168]
https://www.comp.hkbu.edu.hk/v1/?page=prospective_stud_pg@[138]@[138]
https://www.comp.hkbu.edu.hk/v1/?page=mscais@[5, 36, 75, 82, 91, 154, 188, 241, 247, 251]@[5, 36, 75, 82, 91, 154, 188, 241, 247, 251]
https://www.comp.hkbu.edu.hk/v1/?page=mscitm@[6, 37, 76, 83, 98, 128, 162, 215, 221, 225]@[6, 37, 76, 83, 98, 128, 162, 215, 221, 225]
https://www.comp.hkbu.edu.hk/v1/?page=current_stud_ug@[293]@[293]
https://www.comp.hkbu.edu.hk/v1/?page=current_stud_pg@[146]@[146]
https://www.comp.hkbu.edu.hk/v1/?pid=273@[5, 36, 75, 82, 91, 154, 188, 241, 247, 251]@[5, 36, 75, 82, 91, 154, 188, 241, 247, 251]
https://www.comp.hkbu.edu.hk/v1/?pid=95@[6, 37, 76, 83, 98, 128, 162, 215, 221, 225]@[6, 37, 76, 83, 98, 128, 162, 215, 221, 225]
https://www.comp.hkbu.edu.hk/v1/?pid=128@[121, 131, 143, 178, 195]@[121, 131, 143, 178, 195]
https://www.comp.hkbu.edu.hk/v1/?pid=174@[164]@[164]
https://www.comp.hkbu.edu.hk/v1/?pid=175@[170]@[170]
https://www.comp.hkbu.edu.hk@[1, 214, 227]@[214, 227]
https://www.comp.hkbu.edu.hk/v1/?page=facilities_teaching@[174, 309, 336, 358, 447]@[174, 309, 336, 358, 447]
https://www.comp.hkbu.edu.hk/v1/?page=facilities_research@[155, 161, 199, 297, 318]@[155, 161, 199, 297, 318]
https://www.comp.hkbu.edu.hk/msc@[11, 22]@[]
https://www.comp.hkbu.edu.hk/msc/itm/en@[6, 37, 76, 83, 98, 128, 162, 215, 221, 225]@[6, 37, 76, 83, 98, 128, 162, 215, 221, 225]
https://www.comp.hkbu.edu.hk/v1/?page=news@[214, 452, 711, 767, 806, 1120, 1304, 1306, 1628, 1736, 1738, 1824, 1826, 1919, 1924, 2344, 2365, 2378, 2420, 2474, 2772, 2815, 2864, 2883, 2975, 2982, 3040, 3087, 3341, 3369, 3382, 3386, 3630, 3727, 3931, 3981, 4059, 4097, 4169, 4173, 4178, 4180, 4255]@[214, 452, 711, 767, 806, 1120, 1304, 1306, 1628, 1736, 1738, 1824, 1826, 1919, 1924, 2344, 2365, 2378, 2420, 2474, 2772, 2815, 2864, 2883, 2975, 2982, 3040, 3087, 3341, 3369, 3382, 3386, 3630, 3727, 3931, 3981, 4059, 4097, 4169, 4173, 4178, 4180, 4255]
https://www.comp.hkbu.edu.hk/v1/?page=events@[176, 226, 250, 385, 396, 427, 506, 530, 533, 644, 815, 1016, 1028, 1095, 1178, 1222, 1551, 1578, 1604, 1636, 1672, 1787, 1816, 1940, 2091, 2138, 2200, 2214, 2244, 2284, 2300, 2321, 2554, 2574, 2683, 2728, 2748, 2783, 2790, 2813, 2840, 2854, 2899, 2952, 3003, 3405, 3414, 3417, 3438, 3443, 3452, 3522, 3537, 3681, 3696, 3763, 3941, 3954, 3972, 4012, 4052, 4063, 4123, 4202, 4257, 4289, 4463, 4492, 4546, 4560, 4594, 4603, 4861, 4869, 4879, 4912, 5013, 5026, 5033, 5053, 5065, 5104, 5111, 5135, 5158, 5256, 5357, 5406, 5415, 5502, 5531, 5959, 6070, 6109, 6126, 6145, 6188, 6307, 6318, 6356, 6377, 6396, 6401, 6418, 6450, 6459, 6469, 6596, 6621, 6780, 6796, 6902, 6947, 7322, 7361, 7371, 7481, 7535, 7623, 7628, 7840, 8025, 8104, 8132, 8298]@[176, 226, 250, 385, 396, 427, 506, 530, 533, 644, 815, 1016, 1028, 1095, 1178, 1222, 1551, 1578, 1604, 1636, 1672, 1787, 1816, 1940, 2091, 2138, 2200, 2214, 2244, 2284, 2300, 2321, 2554, 2574, 2683, 2728, 2748, 2783, 2790, 2813, 2840, 2854, 2899, 2952, 3003, 3405, 3414, 3417, 3438, 3443, 3452, 3522, 3537, 3681, 3696, 3763, 3941, 3954, 3972, 4012, 4052, 4063, 4123, 4202, 4257, 4289, 4463, 4492, 4546, 4560, 4594, 4603, 4861, 4869, 4879, 4912, 5013, 5026, 5033, 5053, 5065, 5104, 5111, 5135, 5158, 5256, 5357, 5406, 5415, 5502, 5531, 5959, 6070, 6109, 6126, 6145, 6188, 6307, 6318, 6356, 6377, 6396, 6401, 6418, 6450, 6459, 6469, 6596, 6621, 6780, 6796, 6902, 6947, 7322, 7361, 7371, 7481, 7535, 7623, 7628, 7840, 8025, 8104, 8132, 8298]
https://www.comp.hkbu.edu.hk/v1/?page=awards_and_scholarships@[126]@[126]
https://www.comp.hkbu.edu.hk/v1/?pid=14@[162]@[162]
https://www.comp.hkbu.edu.hk/v1/?page=highlights@[107, 111, 194, 220, 236, 267, 318, 328, 394, 496, 506, 599, 665, 676, 744, 752, 781, 818, 828, 918, 994, 1013, 1023, 1064, 1070, 1085, 1103, 1116, 1119, 1168, 1183, 1202, 1220, 1259, 1316, 1385, 1417, 1432, 1441, 1457, 1473, 1533, 1681, 1689, 1766, 1829, 1849, 1866, 1899, 1953, 1980, 2003]@[107, 111, 194, 220, 236, 267, 318, 328, 394, 496, 506, 599, 665, 676, 744, 752, 781, 818, 828, 918, 994, 1013, 1023, 1064, 1070, 1085, 1103, 1116, 1119, 1168, 1183, 1202, 1220, 1259, 1316, 1385, 1417, 1432, 1441, 1457, 1473, 1533, 1681, 1689, 1766, 1829, 1849, 1866, 1899, 1953, 1980, 2003]
https://www.comp.hkbu.edu.hk/v1/?pid=16@[111, 144, 147, 162, 179]@[111, 144, 147, 162, 179]
https://www.comp.hkbu.edu.hk/outreach@[164]@[164]
https://www.comp.hkbu.edu.hk/v1/?page=career_wt@[300]@[300]
https://www.comp.hkbu.edu.hk/v1/?page=seminars@[128, 140, 144, 208, 272, 277, 326, 342, 488]@[128, 140, 144, 208, 272, 277, 326, 342, 488]
https://www.comp.hkbu.edu.hk/v1/?page=dlecture@[6, 29, 99, 292, 298, 328, 345, 356, 387, 415, 511, 542, 545, 552, 556, 559, 652, 658, 720, 837, 845, 851, 900, 912, 921, 930, 938, 946, 953, 965, 994, 998, 1003, 1017, 1026, 1093, 1127, 1148, 1215, 1258, 1266, 1273, 1278, 1288, 1354, 1361, 1363, 1383, 1397, 1402, 1417, 1426, 1448, 1485, 1504, 1515, 1569, 1579, 1610, 1621, 1629, 1647, 1659, 1738, 1750, 1753, 1757, 1772, 1792, 1803, 1807, 1833, 1885, 1895, 1912, 1963, 1976, 2010, 2016, 2019, 2026, 2037, 2097, 2104, 2112, 2130, 2162, 2165, 2171, 2178, 2185, 2320, 2324, 2388, 2402, 2424, 2436, 2462, 2586, 2611, 2615, 2626, 2633, 2650, 2662, 2686, 2699, 2763, 2774, 2796, 2806, 2821, 2863, 2905, 2927, 2931, 2938, 2961, 2985, 2993, 3049, 3074, 3086, 3093, 3103, 3113, 3121, 3245, 3261, 3268, 3283, 3330, 3334, 3341, 3390, 3472, 3506, 3517, 3526, 3541, 3555, 3575, 3581, 3588, 3599, 3661, 3665, 3673, 3686, 3762, 3768, 3833, 3846, 3856, 3865, 3906, 3918, 3931, 3971, 3993, 4003, 4017, 4033, 4048, 4073, 4106, 4115, 4153, 4165, 4218, 4242, 4257, 4316, 4333, 4376, 4387, 4394, 4445, 4455, 4474, 4502, 4504, 4516, 4517, 4540, 4560, 4565, 4569, 4576, 4579, 4635, 4647, 4683]@[29, 99, 292, 298, 328, 345, 356, 387, 415, 511, 542, 545, 552, 556, 559, 652, 658, 720, 837, 845, 851, 900, 912, 921, 930, 938, 946, 953, 965, 994, 998, 1003, 1017, 1026, 1093, 1127, 1148, 1215, 1258, 1266, 1273, 1278, 1288, 1354, 1361, 1363, 1383, 1397, 1402, 1417, 1426, 1448, 1485, 1504, 1515, 1569, 1579, 1610, 1621, 1629, 1647, 1659, 1738, 1750, 1753, 1757, 1772, 1792, 1803, 1807, 1833, 1885, 1895, 1912, 1963, 1976, 2010, 2016, 2019, 2026, 2037, 2097, 2104, 2112, 2130, 2162, 2165, 2171, 2178, 2185, 2320, 2324, 2388, 2402, 2424, 2436, 2462, 2586, 2611, 2615, 2626, 2633, 2650, 2662, 2686, 2699, 2763, 2774, 2796, 2806, 2821, 2863, 2905, 2927, 2931, 2938, 2961, 2985, 2993, 3049, 3074, 3086, 3093, 3103, 3113, 3121, 3245, 3261, 3268, 3283, 3330, 3334, 3341, 3390, 3472, 3506, 3517, 3526, 3541, 3555, 3575, 3581, 3588, 3599, 3661, 3665, 3673, 3686, 3762, 3768, 3833, 3846, 3856, 3865, 3906, 3918, 3931, 3971, 3993, 4003, 4017, 4033, 4048, 4073, 4106, 4115, 4153, 4165, 4218, 4242, 4257, 4316, 4333, 4376, 4387, 4394, 4445, 4455, 4474, 4502, 4504, 4516, 4517, 4540, 4560, 4565, 4569, 4576, 4579, 4635, 4647, 4683]
https://www.comp.hkbu.edu.hk/v1/?page=conferences@[465]@[465]
https://www.comp.hkbu.edu.hk/v1/?pid=77@[117, 179, 314, 964, 1066, 1109, 1169]@[117, 179, 314, 964, 1066, 1109, 1169]
https://www.comp.hkbu.edu.hk/v1/?page=driving_direction@[132, 180]@[132, 180]
https://www.comp.hkbu.edu.hk/v1/?file=355@[670, 3524]@[]
https://www.hkstp.org/en/about-us/event-and-activities/hong-kong-science-park-career-expo-2020-18-april-2020@[245, 250, 268, 312, 368, 626, 656]@[245, 250, 268, 312, 368, 626, 656]
https://www.comp.hkbu.edu.hk/v1/?pid=124@[124, 126, 153, 167, 187, 229, 244, 295, 315, 349, 359, 361, 383, 394]@[124, 126, 153, 167, 187, 229, 244, 295, 315, 349, 359, 361, 383, 394]
https://policies.google.com/terms@[2, 12, 18, 34, 39, 78, 88, 106, 131, 158, 189, 270, 321, 364, 367, 375, 499, 552, 575, 583, 700, 739, 903, 929, 946, 1022, 1036, 1052, 1061, 1197, 1253, 1268, 1468, 1603, 1667, 1699, 1756, 1852, 1866, 1875, 1881, 1983, 2079, 2097, 2111, 2123, 2169, 2196, 2218, 2273, 2289, 2357, 2389, 2411, 2427, 2479, 2494, 2515, 2596, 2656, 2715, 2735, 2789, 2796, 2801, 2838, 2859, 2870, 2877, 2939, 3010, 3022, 3060, 3117, 3201, 3261, 3276, 3278, 3293, 3365, 3372, 3394, 3694, 3750, 3768, 3820, 3859, 3902, 4013, 4019, 4026]@[12, 18, 34, 39, 78, 88, 106, 131, 158, 189, 270, 321, 364, 367, 375, 499, 552, 575, 583, 700, 739, 903, 929, 946, 1022, 1036, 1052, 1061, 1197, 1253, 1268, 1468, 1603, 1667, 1699, 1756, 1852, 1866, 1875, 1881, 1983, 2079, 2097, 2111, 2123, 2169, 2196, 2218, 2273, 2289, 2357, 2389, 2411, 2427, 2479, 2494, 2515, 2596, 2656, 2715, 2735, 2789, 2796, 2801, 2838, 2859, 2870, 2877, 2939, 3010, 3022, 3060, 3117, 3201, 3261, 3276, 3278, 3293, 3365, 3372, 3394, 3694, 3750, 3768, 3820, 3859, 3902, 4013, 4019, 4026]
https://policies.google.com/privacy@[15, 38, 218, 223, 283, 422, 761, 784, 987, 992, 998, 1063, 1094, 1142, 1215, 1689, 1697, 1806, 1837, 1975, 2201, 2236, 2424, 2550, 2570, 2649, 2774, 2892, 2908, 3118, 3133, 3160, 3173, 3177, 3199, 3244, 3282, 3291, 3404, 3424, 3516, 3534, 3554, 3616, 3670, 3683, 3720, 3785, 3869, 3889, 3915, 3952, 3975, 4029, 4131, 4228, 4291, 4344, 4386, 4429, 4436, 4501, 4623, 4809, 4819, 4825, 4832, 4884, 4899, 4957, 5064, 5169, 5346, 5474, 5510, 5561, 5617, 5869, 5889, 6052, 6059, 6144, 6210, 6308, 6332, 6840, 6897, 6950, 6969, 7063, 7100, 7133, 7160, 7166, 7237, 7329, 7485]@[15, 38, 218, 223, 283, 422, 761, 784, 987, 992, 998, 1063, 1094, 1142, 1215, 1689, 1697, 1806, 1837, 1975, 2201, 2236, 2424, 2550, 2570, 2649, 2774, 2892, 2908, 3118, 3133, 3160, 3173, 3177, 3199, 3244, 3282, 3291, 3404, 3424, 3516, 3534, 3554, 3616, 3670, 3683, 3720, 3785, 3869, 3889, 3915, 3952, 3975, 4029, 4131, 4228, 4291, 4344, 4386, 4429, 4436, 4501, 4623, 4809, 4819, 4825, 4832, 4884, 4899, 4957, 5064, 5169, 5346, 5474, 5510, 5561, 5617, 5869, 5889, 6052, 6059, 6144, 6210, 6308, 6332, 6840, 6897, 6950, 6969, 7063, 7100, 7133, 7160, 7166, 7237, 7329, 7485]
https://www.hkstp.org/en@[241, 246, 264, 308, 364, 535, 614, 989, 1019]@[241, 246, 264, 308, 364, 535, 614, 989, 1019]
https://www.hkstp.org@[241, 246, 264, 308, 364, 535, 614, 989, 1019]@[241, 246, 264, 308, 364, 535, 614, 989, 1019]
https://www.hkstp.org/en/about-us/who-we-are@[247, 252, 270, 314, 370, 505, 524, 531, 557, 628, 684, 690, 703, 816, 915, 919, 1044, 1061, 1106, 1113, 1178, 1222, 1375, 1405]@[247, 252, 270, 314, 370, 505, 524, 531, 557, 628, 684, 690, 703, 816, 915, 919, 1044, 1061, 1106, 1113, 1178, 1222, 1375, 1405]
https://www.hkstp.org/about-us/who-we-are@[247, 252, 270, 314, 370, 505, 524, 531, 557, 628, 684, 690, 703, 816, 915, 919, 1044, 1061, 1106, 1113, 1178, 1222, 1375, 1405]@[247, 252, 270, 314, 370, 505, 524, 531, 557, 628, 684, 690, 703, 816, 915, 919, 1044, 1061, 1106, 1113, 1178, 1222, 1375, 1405]
https://news.google.com/?tab=wn@[121, 159, 203, 256, 303, 341, 645, 695, 698, 818, 829, 951, 1014, 1124, 1153, 1162, 1236, 1292, 1588, 1638, 1777, 1802, 1813, 1882]@[121, 159, 203, 256, 303, 341, 645, 695, 698, 818, 829, 951, 1014, 1124, 1153, 1162, 1236, 1292, 1588, 1638, 1777, 1802, 1813, 1882]
https://accounts.google.com/SignUp?continue=https%3A%2F%2Fmyaccount.google.com%2Fgeneral-light@[239]@[239]
https://www.hkstp.org/en/about-us/our-milestones@[246, 251, 269, 313, 369, 461, 489, 491, 529, 533, 538, 546, 553, 561, 617, 622, 630, 634, 648, 679, 695, 712, 721, 736, 740, 747, 753, 758, 765, 772, 777, 788, 795, 803, 810, 816, 829, 836, 977, 1007]@[246, 251, 269, 313, 369, 461, 489, 491, 529, 533, 538, 546, 553, 561, 617, 622, 630, 634, 648, 679, 695, 712, 721, 736, 740, 747, 753, 758, 765, 772, 777, 788, 795, 803, 810, 816, 829, 836, 977, 1007]
https://www.hkstp.org/en/about-us/our-footprint@[246, 251, 269, 313, 369, 500, 517, 641, 739, 840, 888, 940, 1027, 1057]@[246, 251, 269, 313, 369, 500, 517, 641, 739, 840, 888, 940, 1027, 1057]
https://www.hkstp.org/about-us/our-milestones@[246, 251, 269, 313, 369, 461, 489, 491, 529, 533, 538, 546, 553, 561, 617, 622, 630, 634, 648, 679, 695, 712, 721, 736, 740, 747, 753, 758, 765, 772, 777, 788, 795, 803, 810, 816, 829, 836, 977, 1007]@[246, 251, 269, 313, 369, 461, 489, 491, 529, 533, 538, 546, 553, 561, 617, 622, 630, 634, 648, 679, 695, 712, 721, 736, 740, 747, 753, 758, 765, 772, 777, 788, 795, 803, 810, 816, 829, 836, 977, 1007]
https://news.google.com/?tab=nn@[121, 159, 213, 278, 325, 409, 433, 443, 558, 605, 694, 843, 882, 953, 997, 1194, 1205, 1242, 1395, 1451, 1708, 1720, 1774, 1913, 1938, 1949, 2018]@[121, 159, 213, 278, 325, 409, 433, 443, 558, 605, 694, 843, 882, 953, 997, 1194, 1205, 1242, 1395, 1451, 1708, 1720, 1774, 1913, 1938, 1949, 2018]
https://itunes.apple.com/app/google-search/id284815942?mt=8@[423, 842, 885, 1006, 1128]@[423, 842, 885, 1006, 1128]
https://play.google.com/store/apps/details?id=com.google.android.googlequicksearchbox@[370, 608, 642, 671, 701]@[370, 608, 642, 671, 701]
