https://www.comp.hkbu.edu.hk/v1/?page=whats_new@[1375]@[1375]
https://www.comp.hkbu.edu.hk/v1/?page=news@[1375]@[1375]
https://www.comp.hkbu.edu.hk/v1/?page=events@[3193]@[3193]
https://www.comp.hkbu.edu.hk/v1/?page=dlecture@[289, 1543, 4403]@[289, 1543, 4403]
https://www.comp.hkbu.edu.hk/v1/?file=355@[125, 127, 202, 277, 284, 286, 320, 323, 444, 460, 500, 524, 535, 550, 613, 653, 770, 814, 868, 967, 1007, 1016, 1052, 1090, 1123, 1146, 1162, 1179, 1186, 1212, 1228, 1239, 1280, 1312, 1365, 1408, 1419, 1430, 1505, 1517, 1555, 1596, 1673, 1719, 1733, 1735, 1739, 1919, 1965, 1971, 2065, 2092, 2117, 2122, 2168, 2182, 2206, 2226, 2234, 2256, 2264, 2410, 2417, 2482, 2494, 2504, 2527, 2566, 2627, 2681, 2705, 2717, 2767, 2772, 2790, 2887, 2918, 2951, 3019, 3185, 3258, 3279, 3302, 3303, 3305, 3348, 3411, 3440, 3493, 3502, 3504, 3531, 3539, 3563, 3594, 3617, 3647, 3670, 3736, 3798, 3847, 3871, 3884, 3895, 3932, 4065, 4089, 4102, 4116, 4130, 4143, 4190, 4199, 4280, 4317, 4386, 4419, 4425, 4584, 4749, 4751, 4899, 4913, 5070, 5078, 5086, 5124, 5149, 5215, 5221, 5322, 5331, 5348, 5367, 5383, 5398, 5414, 5449, 5460, 5469, 5478, 5515, 5553, 5582, 5591, 5599, 5741, 5746, 5795, 5829, 5832, 5850, 5855, 5857, 5862, 5880, 6086, 6090, 6093, 6116, 6218, 6229, 6280, 6294, 6408, 6418, 6450, 6483, 6501, 6502, 6578, 6663, 6762, 6858, 6953, 7104, 7267, 7291, 7300, 7381, 7568, 7588, 7608, 7633, 8212, 8730]@[]
https://www.hkstp.org/en/about-us/event-and-activities/hong-kong-science-park-career-expo-2020-18-april-2020@[160]@[160]
https://www.comp.hkbu.edu.hk/v1/?file=1431@[1100, 1153, 1159, 1163, 1214, 1247, 1271, 1302, 1310, 1319, 1342, 1343, 1376, 1442, 1454, 1564, 1695, 1698, 1743, 1756, 1975, 1995, 2009, 2418, 2737, 2891, 2974, 2980, 3022, 3120, 3158, 3160, 3269, 3381, 3397, 3430, 3459, 3574, 3588, 3614, 3644, 3875, 3881, 3908, 3923, 3927, 3948, 3991, 4074, 4122, 4184, 4252, 4270, 4284, 4292, 4328, 4340, 4358, 4413, 4414, 4416, 4442, 4451, 4475, 4484, 4494, 4526, 4537, 4613, 4653, 4662, 4664, 4680, 4686, 4704, 4707, 4719, 4751, 4791, 4799, 4825, 4859, 4873, 4880, 4884, 4901, 4909, 4946, 4964, 4970, 5107, 5183, 5187, 5227, 5351, 5375]@[]
https://www.hkstp.org/en@[156, 791]@[156, 791]
https://www.hkstp.org@[156, 791]@[156, 791]
https://www.hkstp.org/en/about-us/who-we-are@[162, 499, 645, 734, 834, 944]@[162, 499, 645, 734, 834, 944]
https://www.hkstp.org/about-us/who-we-are@[162, 499, 645, 734, 834, 944]@[162, 499, 645, 734, 834, 944]
https://accounts.google.com/SignUp?continue=https%3A%2F%2Fmyaccount.google.com%2Fgeneral-light@[30, 224]@[30, 224]
https://www.hkstp.org/en/about-us/our-milestones@[161]@[161]
https://www.hkstp.org/en/about-us/our-footprint@[161, 487, 515, 613, 972, 994]@[161, 487, 515, 613, 972, 994]
https://www.hkstp.org/about-us/our-milestones@[161]@[161]
https://news.google.com/?tab=nn@[393]@[393]
