http://www.comp.hkbu.edu.hk@[5719, 5736, 5741, 5747, 5762, 5768, 5776, 5783, 5793, 5805, 5810, 5835, 5840, 5849, 5877, 5986, 5988, 6002, 6004]@{}
http://www.comp.hkbu.edu.hk/v1/?page=job_vacancies?=tc@[5715, 5732, 5737, 5743, 5758, 5764, 5772, 5779, 5789, 5801, 5806, 5831, 5836, 5845, 5873, 5982, 5984, 5998, 6000]@{}
http://www.comp.hkbu.edu.hk/v1/?page=job_vacancies?=sc@[5715, 5732, 5737, 5743, 5758, 5764, 5772, 5779, 5789, 5801, 5806, 5831, 5836, 5845, 5873, 5982, 5984, 5998, 6000]@{}
http://www.comp.hkbu.edu.hk/v1/?page=sitemap?=tc@[5711, 5728, 5733, 5739, 5754, 5760, 5768, 5775, 5785, 5797, 5802, 5827, 5832, 5841, 5869, 5978, 5980, 5994, 5996]@{}
http://www.comp.hkbu.edu.hk/v1/?page=sitemap?=sc@[5710, 5727, 5732, 5738, 5753, 5759, 5767, 5774, 5784, 5796, 5801, 5826, 5831, 5840, 5868, 5977, 5979, 5993, 5995]@{}
http://www.comp.hkbu.edu.hk/v1/?lang=sc@[5706, 5723, 5728, 5734, 5749, 5755, 5763, 5770, 5780, 5792, 5797, 5822, 5827, 5836, 5864, 5973, 5975, 5989, 5991]@{}
http://www.comp.hkbu.edu.hk/v1/?page=job_vacancies?=tc?=tc@[5712, 5729, 5734, 5740, 5755, 5761, 5769, 5776, 5786, 5798, 5803, 5828, 5833, 5842, 5870, 5979, 5981, 5995, 5997]@{}
http://www.comp.hkbu.edu.hk/v1/?page=job_vacancies?=sc?=tc@[5722, 5739, 5744, 5750, 5765, 5771, 5779, 5786, 5796, 5808, 5813, 5838, 5843, 5852, 5880, 5989, 5991, 6005, 6007]@{}
http://www.comp.hkbu.edu.hk/v1/?page=sitemap?=tc?=tc@[5712, 5729, 5734, 5740, 5755, 5761, 5769, 5776, 5786, 5798, 5803, 5828, 5833, 5842, 5870, 5979, 5981, 5995, 5997]@{}
http://www.comp.hkbu.edu.hk/v1/?page=sitemap?=sc?=tc@[5726, 5743, 5748, 5754, 5769, 5775, 5783, 5790, 5800, 5812, 5817, 5842, 5847, 5856, 5884, 5993, 5995, 6009, 6011]@{}
http://www.comp.hkbu.edu.hk/v1/?page=home@[5704, 5721, 5726, 5732, 5747, 5753, 5761, 5768, 5778, 5790, 5795, 5820, 5825, 5834, 5862, 5971, 5973, 5987, 5989]@{}
http://www.comp.hkbu.edu.hk/v1/?page=job_vacancies?=tc?=tc?=tc@[5726, 5743, 5748, 5754, 5769, 5775, 5783, 5790, 5800, 5812, 5817, 5842, 5847, 5856, 5884, 5993, 5995, 6009, 6011]@{}
http://www.comp.hkbu.edu.hk/v1/?page=job_vacancies?=sc?=tc?=tc@[5710, 5727, 5732, 5738, 5753, 5759, 5767, 5774, 5784, 5796, 5801, 5826, 5831, 5840, 5868, 5977, 5979, 5993, 5995]@{}
http://www.comp.hkbu.edu.hk/v1/?page=sitemap?=tc?=tc?=tc@[5716, 5733, 5738, 5744, 5759, 5765, 5773, 5780, 5790, 5802, 5807, 5832, 5837, 5846, 5874, 5983, 5985, 5999, 6001]@{}
http://www.comp.hkbu.edu.hk/v1/?page=sitemap?=sc?=tc?=tc@[5719, 5736, 5741, 5747, 5762, 5768, 5776, 5783, 5793, 5805, 5810, 5835, 5840, 5849, 5877, 5986, 5988, 6002, 6004]@{}
http://www.comp.hkbu.edu.hk/v1/?page=home?=tc@[5714, 5731, 5736, 5742, 5757, 5763, 5771, 5778, 5788, 5800, 5805, 5830, 5835, 5844, 5872, 5981, 5983, 5997, 5999]@{}
http://www.comp.hkbu.edu.hk/v1/?page=job_vacancies?=tc?=tc?=tc?=tc@[5727, 5744, 5749, 5755, 5770, 5776, 5784, 5791, 5801, 5813, 5818, 5843, 5848, 5857, 5885, 5994, 5996, 6010, 6012]@{}
http://www.comp.hkbu.edu.hk/v1/?page=job_vacancies?=sc?=tc?=tc?=tc@[5728, 5745, 5750, 5756, 5771, 5777, 5785, 5792, 5802, 5814, 5819, 5844, 5849, 5858, 5886, 5995, 5997, 6011, 6013]@{}
http://www.comp.hkbu.edu.hk/v1/?page=sitemap?=tc?=tc?=tc?=tc@[5716, 5733, 5738, 5744, 5759, 5765, 5773, 5780, 5790, 5802, 5807, 5832, 5837, 5846, 5874, 5983, 5985, 5999, 6001]@{}
http://www.comp.hkbu.edu.hk/v1/?page=sitemap?=sc?=tc?=tc?=tc@[5727, 5744, 5749, 5755, 5770, 5776, 5784, 5791, 5801, 5813, 5818, 5843, 5848, 5857, 5885, 5994, 5996, 6010, 6012]@{}
http://www.comp.hkbu.edu.hk/v1/?page=home?=tc?=tc@[5716, 5733, 5738, 5744, 5759, 5765, 5773, 5780, 5790, 5802, 5807, 5832, 5837, 5846, 5874, 5983, 5985, 5999, 6001]@{}
http://www.comp.hkbu.edu.hk/v1/?page=job_vacancies?=tc?=tc?=tc?=tc?=tc@[5730, 5747, 5752, 5758, 5773, 5779, 5787, 5794, 5804, 5816, 5821, 5846, 5851, 5860, 5888, 5997, 5999, 6013, 6015]@{}
http://www.comp.hkbu.edu.hk/v1/?page=job_vacancies?=sc?=tc?=tc?=tc?=tc@[5715, 5732, 5737, 5743, 5758, 5764, 5772, 5779, 5789, 5801, 5806, 5831, 5836, 5845, 5873, 5982, 5984, 5998, 6000]@{}
http://www.comp.hkbu.edu.hk/v1/?page=sitemap?=tc?=tc?=tc?=tc?=tc@[5723, 5740, 5745, 5751, 5766, 5772, 5780, 5787, 5797, 5809, 5814, 5839, 5844, 5853, 5881, 5990, 5992, 6006, 6008]@{}
http://www.comp.hkbu.edu.hk/v1/?page=sitemap?=sc?=tc?=tc?=tc?=tc@[5729, 5746, 5751, 5757, 5772, 5778, 5786, 5793, 5803, 5815, 5820, 5845, 5850, 5859, 5887, 5996, 5998, 6012, 6014]@{}
http://www.comp.hkbu.edu.hk/v1/?page=home?=tc?=tc?=tc@[5714, 5731, 5736, 5742, 5757, 5763, 5771, 5778, 5788, 5800, 5805, 5830, 5835, 5844, 5872, 5981, 5983, 5997, 5999]@{}
http://www.comp.hkbu.edu.hk/v1/?page=job_vacancies?=tc?=tc?=tc?=tc?=tc?=tc@[5718, 5735, 5740, 5746, 5761, 5767, 5775, 5782, 5792, 5804, 5809, 5834, 5839, 5848, 5876, 5985, 5987, 6001, 6003]@{}
http://www.comp.hkbu.edu.hk/v1/?page=job_vacancies?=sc?=tc?=tc?=tc?=tc?=tc@[5717, 5734, 5739, 5745, 5760, 5766, 5774, 5781, 5791, 5803, 5808, 5833, 5838, 5847, 5875, 5984, 5986, 6000, 6002]@{}
http://www.comp.hkbu.edu.hk/v1/?page=sitemap?=tc?=tc?=tc?=tc?=tc?=tc@[5721, 5738, 5743, 5749, 5764, 5770, 5778, 5785, 5795, 5807, 5812, 5837, 5842, 5851, 5879, 5988, 5990, 6004, 6006]@{}
http://www.comp.hkbu.edu.hk/v1/?page=sitemap?=sc?=tc?=tc?=tc?=tc?=tc@[5739, 5756, 5761, 5767, 5782, 5788, 5796, 5803, 5813, 5825, 5830, 5855, 5860, 5869, 5897, 6006, 6008, 6022, 6024]@{}
http://www.comp.hkbu.edu.hk/v1/?page=home?=tc?=tc?=tc?=tc@[5720, 5737, 5742, 5748, 5763, 5769, 5777, 5784, 5794, 5806, 5811, 5836, 5841, 5850, 5878, 5987, 5989, 6003, 6005]@{}
http://www.comp.hkbu.edu.hk/v1/?page=job_vacancies?=tc?=tc?=tc?=tc?=tc?=tc?=tc@[5722, 5739, 5744, 5750, 5765, 5771, 5779, 5786, 5796, 5808, 5813, 5838, 5843, 5852, 5880, 5989, 5991, 6005, 6007]@{}
http://www.comp.hkbu.edu.hk/v1/?page=job_vacancies?=sc?=tc?=tc?=tc?=tc?=tc?=tc@[5719, 5736, 5741, 5747, 5762, 5768, 5776, 5783, 5793, 5805, 5810, 5835, 5840, 5849, 5877, 5986, 5988, 6002, 6004]@{}
http://www.comp.hkbu.edu.hk/v1/?page=sitemap?=tc?=tc?=tc?=tc?=tc?=tc?=tc@[5721, 5738, 5743, 5749, 5764, 5770, 5778, 5785, 5795, 5807, 5812, 5837, 5842, 5851, 5879, 5988, 5990, 6004, 6006]@{}
http://www.comp.hkbu.edu.hk/v1/?page=sitemap?=sc?=tc?=tc?=tc?=tc?=tc?=tc@[5723, 5740, 5745, 5751, 5766, 5772, 5780, 5787, 5797, 5809, 5814, 5839, 5844, 5853, 5881, 5990, 5992, 6006, 6008]@{}
http://www.comp.hkbu.edu.hk/v1/?page=home?=tc?=tc?=tc?=tc?=tc@[5723, 5740, 5745, 5751, 5766, 5772, 5780, 5787, 5797, 5809, 5814, 5839, 5844, 5853, 5881, 5990, 5992, 6006, 6008]@{}
http://www.comp.hkbu.edu.hk/v1/?page=job_vacancies?=tc?=tc?=tc?=tc?=tc?=tc?=tc?=tc@[5738, 5755, 5760, 5766, 5781, 5787, 5795, 5802, 5812, 5824, 5829, 5854, 5859, 5868, 5896, 6005, 6007, 6021, 6023]@{}
http://www.comp.hkbu.edu.hk/v1/?page=job_vacancies?=sc?=tc?=tc?=tc?=tc?=tc?=tc?=tc@[5722, 5739, 5744, 5750, 5765, 5771, 5779, 5786, 5796, 5808, 5813, 5838, 5843, 5852, 5880, 5989, 5991, 6005, 6007]@{}
http://www.comp.hkbu.edu.hk/v1/?page=sitemap?=tc?=tc?=tc?=tc?=tc?=tc?=tc?=tc@[5725, 5742, 5747, 5753, 5768, 5774, 5782, 5789, 5799, 5811, 5816, 5841, 5846, 5855, 5883, 5992, 5994, 6008, 6010]@{}
http://www.comp.hkbu.edu.hk/v1/?page=sitemap?=sc?=tc?=tc?=tc?=tc?=tc?=tc?=tc@[5739, 5756, 5761, 5767, 5782, 5788, 5796, 5803, 5813, 5825, 5830, 5855, 5860, 5869, 5897, 6006, 6008, 6022, 6024]@{}
http://www.comp.hkbu.edu.hk/v1/?page=home?=tc?=tc?=tc?=tc?=tc?=tc@[5724, 5741, 5746, 5752, 5767, 5773, 5781, 5788, 5798, 5810, 5815, 5840, 5845, 5854, 5882, 5991, 5993, 6007, 6009]@{}
http://www.comp.hkbu.edu.hk/v1/?page=job_vacancies?=tc?=tc?=tc?=tc?=tc?=tc?=tc?=tc?=tc@[5738, 5755, 5760, 5766, 5781, 5787, 5795, 5802, 5812, 5824, 5829, 5854, 5859, 5868, 5896, 6005, 6007, 6021, 6023]@{}
http://www.comp.hkbu.edu.hk/v1/?page=job_vacancies?=sc?=tc?=tc?=tc?=tc?=tc?=tc?=tc?=tc@[5737, 5754, 5759, 5765, 5780, 5786, 5794, 5801, 5811, 5823, 5828, 5853, 5858, 5867, 5895, 6004, 6006, 6020, 6022]@{}
http://www.comp.hkbu.edu.hk/v1/?page=sitemap?=tc?=tc?=tc?=tc?=tc?=tc?=tc?=tc?=tc@[5722, 5739, 5744, 5750, 5765, 5771, 5779, 5786, 5796, 5808, 5813, 5838, 5843, 5852, 5880, 5989, 5991, 6005, 6007]@{}
http://www.comp.hkbu.edu.hk/v1/?page=sitemap?=sc?=tc?=tc?=tc?=tc?=tc?=tc?=tc?=tc@[5740, 5757, 5762, 5768, 5783, 5789, 5797, 5804, 5814, 5826, 5831, 5856, 5861, 5870, 5898, 6007, 6009, 6023, 6025]@{}
http://www.comp.hkbu.edu.hk/v1/?lang=tc@[5722, 5739, 5744, 5750, 5765, 5771, 5779, 5786, 5796, 5808, 5813, 5838, 5843, 5852, 5880, 5989, 5991, 6005, 6007]@{}
