http://www.comp.hkbu.edu.hk@[2158, 2169, 2998, 3005, 3025, 3035, 3048, 3055, 3075, 3086, 3099, 3106, 3126, 3136, 3149, 3156, 3174, 3183, 3196, 3203, 3221, 3231, 3244, 3251, 3269, 3279, 3292, 3299, 3319, 3329]@{}
http://www.comp.hkbu.edu.hk/v1/?page=job_vacancies?=tc@[2158, 2169, 3004, 3011, 3031, 3041, 3054, 3061, 3081, 3092, 3105, 3112, 3132, 3142, 3155, 3162, 3180, 3189, 3202, 3209, 3227, 3237, 3250, 3257, 3275, 3285, 3298, 3305, 3325, 3335]@{}
http://www.comp.hkbu.edu.hk/v1/?page=job_vacancies?=sc@[2158, 2169, 3004, 3011, 3031, 3041, 3054, 3061, 3081, 3092, 3105, 3112, 3132, 3142, 3155, 3162, 3180, 3189, 3202, 3209, 3227, 3237, 3250, 3257, 3275, 3285, 3298, 3305, 3325, 3335]@{}
http://www.comp.hkbu.edu.hk/v1/?page=sitemap?=tc@[2158, 2169, 3004, 3011, 3031, 3041, 3054, 3061, 3081, 3092, 3105, 3112, 3132, 3142, 3155, 3162, 3180, 3189, 3202, 3209, 3227, 3237, 3250, 3257, 3275, 3285, 3298, 3305, 3325, 3335]@{}
http://www.comp.hkbu.edu.hk/v1/?page=sitemap?=sc@[2158, 2169, 3004, 3011, 3031, 3041, 3054, 3061, 3081, 3092, 3105, 3112, 3132, 3142, 3155, 3162, 3180, 3189, 3202, 3209, 3227, 3237, 3250, 3257, 3275, 3285, 3298, 3305, 3325, 3335]@{}
http://www.comp.hkbu.edu.hk/v1/?lang=sc@[2158, 2169, 2998, 3005, 3025, 3035, 3048, 3055, 3075, 3086, 3099, 3106, 3126, 3136, 3149, 3156, 3174, 3183, 3196, 3203, 3221, 3231, 3244, 3251, 3269, 3279, 3292, 3299, 3319, 3329]@{}
http://www.comp.hkbu.edu.hk/v1/?page=job_vacancies?=tc?=tc@[2158, 2169, 3006, 3013, 3033, 3043, 3056, 3063, 3083, 3094, 3107, 3114, 3134, 3144, 3157, 3164, 3182, 3191, 3204, 3211, 3229, 3239, 3252, 3259, 3277, 3287, 3300, 3307, 3327, 3337]@{}
http://www.comp.hkbu.edu.hk/v1/?page=job_vacancies?=sc?=tc@[2158, 2169, 3006, 3013, 3033, 3043, 3056, 3063, 3083, 3094, 3107, 3114, 3134, 3144, 3157, 3164, 3182, 3191, 3204, 3211, 3229, 3239, 3252, 3259, 3277, 3287, 3300, 3307, 3327, 3337]@{}
http://www.comp.hkbu.edu.hk/v1/?page=sitemap?=tc?=tc@[2158, 2169, 3006, 3013, 3033, 3043, 3056, 3063, 3083, 3094, 3107, 3114, 3134, 3144, 3157, 3164, 3182, 3191, 3204, 3211, 3229, 3239, 3252, 3259, 3277, 3287, 3300, 3307, 3327, 3337]@{}
http://www.comp.hkbu.edu.hk/v1/?page=sitemap?=sc?=tc@[2158, 2169, 3006, 3013, 3033, 3043, 3056, 3063, 3083, 3094, 3107, 3114, 3134, 3144, 3157, 3164, 3182, 3191, 3204, 3211, 3229, 3239, 3252, 3259, 3277, 3287, 3300, 3307, 3327, 3337]@{}
http://www.comp.hkbu.edu.hk/v1/?page=home@[2158, 2169, 3002, 3009, 3029, 3039, 3052, 3059, 3079, 3090, 3103, 3110, 3130, 3140, 3153, 3160, 3178, 3187, 3200, 3207, 3225, 3235, 3248, 3255, 3273, 3283, 3296, 3303, 3323, 3333]@{}
http://www.comp.hkbu.edu.hk/v1/?page=job_vacancies?=tc?=tc?=tc@[2158, 2169, 3008, 3015, 3035, 3045, 3058, 3065, 3085, 3096, 3109, 3116, 3136, 3146, 3159, 3166, 3184, 3193, 3206, 3213, 3231, 3241, 3254, 3261, 3279, 3289, 3302, 3309, 3329, 3339]@{}
http://www.comp.hkbu.edu.hk/v1/?page=job_vacancies?=sc?=tc?=tc@[2158, 2169, 3008, 3015, 3035, 3045, 3058, 3065, 3085, 3096, 3109, 3116, 3136, 3146, 3159, 3166, 3184, 3193, 3206, 3213, 3231, 3241, 3254, 3261, 3279, 3289, 3302, 3309, 3329, 3339]@{}
http://www.comp.hkbu.edu.hk/v1/?page=sitemap?=tc?=tc?=tc@[2158, 2169, 3008, 3015, 3035, 3045, 3058, 3065, 3085, 3096, 3109, 3116, 3136, 3146, 3159, 3166, 3184, 3193, 3206, 3213, 3231, 3241, 3254, 3261, 3279, 3289, 3302, 3309, 3329, 3339]@{}
http://www.comp.hkbu.edu.hk/v1/?page=sitemap?=sc?=tc?=tc@[2158, 2169, 3008, 3015, 3035, 3045, 3058, 3065, 3085, 3096, 3109, 3116, 3136, 3146, 3159, 3166, 3184, 3193, 3206, 3213, 3231, 3241, 3254, 3261, 3279, 3289, 3302, 3309, 3329, 3339]@{}
http://www.comp.hkbu.edu.hk/v1/?page=home?=tc@[2158, 2169, 3004, 3011, 3031, 3041, 3054, 3061, 3081, 3092, 3105, 3112, 3132, 3142, 3155, 3162, 3180, 3189, 3202, 3209, 3227, 3237, 3250, 3257, 3275, 3285, 3298, 3305, 3325, 3335]@{}
http://www.comp.hkbu.edu.hk/v1/?page=job_vacancies?=tc?=tc?=tc?=tc@[2158, 2169, 3010, 3017, 3037, 3047, 3060, 3067, 3087, 3098, 3111, 3118, 3138, 3148, 3161, 3168, 3186, 3195, 3208, 3215, 3233, 3243, 3256, 3263, 3281, 3291, 3304, 3311, 3331, 3341]@{}
http://www.comp.hkbu.edu.hk/v1/?page=job_vacancies?=sc?=tc?=tc?=tc@[2158, 2169, 3010, 3017, 3037, 3047, 3060, 3067, 3087, 3098, 3111, 3118, 3138, 3148, 3161, 3168, 3186, 3195, 3208, 3215, 3233, 3243, 3256, 3263, 3281, 3291, 3304, 3311, 3331, 3341]@{}
http://www.comp.hkbu.edu.hk/v1/?page=sitemap?=tc?=tc?=tc?=tc@[2158, 2169, 3010, 3017, 3037, 3047, 3060, 3067, 3087, 3098, 3111, 3118, 3138, 3148, 3161, 3168, 3186, 3195, 3208, 3215, 3233, 3243, 3256, 3263, 3281, 3291, 3304, 3311, 3331, 3341]@{}
http://www.comp.hkbu.edu.hk/v1/?page=sitemap?=sc?=tc?=tc?=tc@[2158, 2169, 3010, 3017, 3037, 3047, 3060, 3067, 3087, 3098, 3111, 3118, 3138, 3148, 3161, 3168, 3186, 3195, 3208, 3215, 3233, 3243, 3256, 3263, 3281, 3291, 3304, 3311, 3331, 3341]@{}
http://www.comp.hkbu.edu.hk/v1/?page=home?=tc?=tc@[2158, 2169, 3006, 3013, 3033, 3043, 3056, 3063, 3083, 3094, 3107, 3114, 3134, 3144, 3157, 3164, 3182, 3191, 3204, 3211, 3229, 3239, 3252, 3259, 3277, 3287, 3300, 3307, 3327, 3337]@{}
http://www.comp.hkbu.edu.hk/v1/?page=job_vacancies?=tc?=tc?=tc?=tc?=tc@[2158, 2169, 3012, 3019, 3039, 3049, 3062, 3069, 3089, 3100, 3113, 3120, 3140, 3150, 3163, 3170, 3188, 3197, 3210, 3217, 3235, 3245, 3258, 3265, 3283, 3293, 3306, 3313, 3333, 3343]@{}
http://www.comp.hkbu.edu.hk/v1/?page=job_vacancies?=sc?=tc?=tc?=tc?=tc@[2158, 2169, 3012, 3019, 3039, 3049, 3062, 3069, 3089, 3100, 3113, 3120, 3140, 3150, 3163, 3170, 3188, 3197, 3210, 3217, 3235, 3245, 3258, 3265, 3283, 3293, 3306, 3313, 3333, 3343]@{}
http://www.comp.hkbu.edu.hk/v1/?page=sitemap?=tc?=tc?=tc?=tc?=tc@[2158, 2169, 3012, 3019, 3039, 3049, 3062, 3069, 3089, 3100, 3113, 3120, 3140, 3150, 3163, 3170, 3188, 3197, 3210, 3217, 3235, 3245, 3258, 3265, 3283, 3293, 3306, 3313, 3333, 3343]@{}
http://www.comp.hkbu.edu.hk/v1/?page=sitemap?=sc?=tc?=tc?=tc?=tc@[2158, 2169, 3012, 3019, 3039, 3049, 3062, 3069, 3089, 3100, 3113, 3120, 3140, 3150, 3163, 3170, 3188, 3197, 3210, 3217, 3235, 3245, 3258, 3265, 3283, 3293, 3306, 3313, 3333, 3343]@{}
http://www.comp.hkbu.edu.hk/v1/?page=home?=tc?=tc?=tc@[2158, 2169, 3008, 3015, 3035, 3045, 3058, 3065, 3085, 3096, 3109, 3116, 3136, 3146, 3159, 3166, 3184, 3193, 3206, 3213, 3231, 3241, 3254, 3261, 3279, 3289, 3302, 3309, 3329, 3339]@{}
http://www.comp.hkbu.edu.hk/v1/?page=job_vacancies@[1706, 1717, 2550, 2557, 2577, 2587, 2600, 2607, 2627, 2638, 2651, 2658, 2678, 2688, 2701, 2708, 2726, 2735, 2748, 2755, 2773, 2783, 2796, 2803, 2821, 2831, 2844, 2851, 2871, 2881]@{}
http://www.comp.hkbu.edu.hk/v1/?page=job_vacancies?=tc?=tc?=tc?=tc?=tc?=tc@[2158, 2169, 3014, 3021, 3041, 3051, 3064, 3071, 3091, 3102, 3115, 3122, 3142, 3152, 3165, 3172, 3190, 3199, 3212, 3219, 3237, 3247, 3260, 3267, 3285, 3295, 3308, 3315, 3335, 3345]@{}
http://www.comp.hkbu.edu.hk/v1/?page=job_vacancies?=sc?=tc?=tc?=tc?=tc?=tc@[2158, 2169, 3014, 3021, 3041, 3051, 3064, 3071, 3091, 3102, 3115, 3122, 3142, 3152, 3165, 3172, 3190, 3199, 3212, 3219, 3237, 3247, 3260, 3267, 3285, 3295, 3308, 3315, 3335, 3345]@{}
http://www.comp.hkbu.edu.hk/v1/?page=sitemap?=tc?=tc?=tc?=tc?=tc?=tc@[2158, 2169, 3014, 3021, 3041, 3051, 3064, 3071, 3091, 3102, 3115, 3122, 3142, 3152, 3165, 3172, 3190, 3199, 3212, 3219, 3237, 3247, 3260, 3267, 3285, 3295, 3308, 3315, 3335, 3345]@{}
http://www.comp.hkbu.edu.hk/v1/?page=sitemap?=sc?=tc?=tc?=tc?=tc?=tc@[2158, 2169, 3014, 3021, 3041, 3051, 3064, 3071, 3091, 3102, 3115, 3122, 3142, 3152, 3165, 3172, 3190, 3199, 3212, 3219, 3237, 3247, 3260, 3267, 3285, 3295, 3308, 3315, 3335, 3345]@{}
http://www.comp.hkbu.edu.hk/v1/?page=home?=tc?=tc?=tc?=tc@[2158, 2169, 3010, 3017, 3037, 3047, 3060, 3067, 3087, 3098, 3111, 3118, 3138, 3148, 3161, 3168, 3186, 3195, 3208, 3215, 3233, 3243, 3256, 3263, 3281, 3291, 3304, 3311, 3331, 3341]@{}
http://www.comp.hkbu.edu.hk/v1/?page=job_vacancies?=tc?=tc?=tc?=tc?=tc?=tc?=tc@[2158, 2169, 3016, 3023, 3043, 3053, 3066, 3073, 3093, 3104, 3117, 3124, 3144, 3154, 3167, 3174, 3192, 3201, 3214, 3221, 3239, 3249, 3262, 3269, 3287, 3297, 3310, 3317, 3337, 3347]@{}
http://www.comp.hkbu.edu.hk/v1/?page=job_vacancies?=sc?=tc?=tc?=tc?=tc?=tc?=tc@[2158, 2169, 3016, 3023, 3043, 3053, 3066, 3073, 3093, 3104, 3117, 3124, 3144, 3154, 3167, 3174, 3192, 3201, 3214, 3221, 3239, 3249, 3262, 3269, 3287, 3297, 3310, 3317, 3337, 3347]@{}
http://www.comp.hkbu.edu.hk/v1/?page=sitemap?=tc?=tc?=tc?=tc?=tc?=tc?=tc@[2158, 2169, 3016, 3023, 3043, 3053, 3066, 3073, 3093, 3104, 3117, 3124, 3144, 3154, 3167, 3174, 3192, 3201, 3214, 3221, 3239, 3249, 3262, 3269, 3287, 3297, 3310, 3317, 3337, 3347]@{}
http://www.comp.hkbu.edu.hk/v1/?page=sitemap?=sc?=tc?=tc?=tc?=tc?=tc?=tc@[2158, 2169, 3016, 3023, 3043, 3053, 3066, 3073, 3093, 3104, 3117, 3124, 3144, 3154, 3167, 3174, 3192, 3201, 3214, 3221, 3239, 3249, 3262, 3269, 3287, 3297, 3310, 3317, 3337, 3347]@{}
http://www.comp.hkbu.edu.hk/v1/?page=home?=tc?=tc?=tc?=tc?=tc@[2158, 2169, 3012, 3019, 3039, 3049, 3062, 3069, 3089, 3100, 3113, 3120, 3140, 3150, 3163, 3170, 3188, 3197, 3210, 3217, 3235, 3245, 3258, 3265, 3283, 3293, 3306, 3313, 3333, 3343]@{}
http://www.comp.hkbu.edu.hk/v1/?page=job_vacancies?=tc?=tc?=tc?=tc?=tc?=tc?=tc?=tc@[2158, 2169, 3018, 3025, 3045, 3055, 3068, 3075, 3095, 3106, 3119, 3126, 3146, 3156, 3169, 3176, 3194, 3203, 3216, 3223, 3241, 3251, 3264, 3271, 3289, 3299, 3312, 3319, 3339, 3349]@{}
http://www.comp.hkbu.edu.hk/v1/?page=job_vacancies?=sc?=tc?=tc?=tc?=tc?=tc?=tc?=tc@[2158, 2169, 3018, 3025, 3045, 3055, 3068, 3075, 3095, 3106, 3119, 3126, 3146, 3156, 3169, 3176, 3194, 3203, 3216, 3223, 3241, 3251, 3264, 3271, 3289, 3299, 3312, 3319, 3339, 3349]@{}
http://www.comp.hkbu.edu.hk/v1/?page=sitemap?=tc?=tc?=tc?=tc?=tc?=tc?=tc?=tc@[2158, 2169, 3018, 3025, 3045, 3055, 3068, 3075, 3095, 3106, 3119, 3126, 3146, 3156, 3169, 3176, 3194, 3203, 3216, 3223, 3241, 3251, 3264, 3271, 3289, 3299, 3312, 3319, 3339, 3349]@{}
http://www.comp.hkbu.edu.hk/v1/?page=sitemap?=sc?=tc?=tc?=tc?=tc?=tc?=tc?=tc@[2158, 2169, 3018, 3025, 3045, 3055, 3068, 3075, 3095, 3106, 3119, 3126, 3146, 3156, 3169, 3176, 3194, 3203, 3216, 3223, 3241, 3251, 3264, 3271, 3289, 3299, 3312, 3319, 3339, 3349]@{}
http://www.comp.hkbu.edu.hk/v1/?page=sitemap@[1704, 1715, 2548, 2555, 2575, 2585, 2598, 2605, 2625, 2636, 2649, 2656, 2676, 2686, 2699, 2706, 2724, 2733, 2746, 2753, 2771, 2781, 2794, 2801, 2819, 2829, 2842, 2849, 2869, 2879]@{}
http://www.comp.hkbu.edu.hk/v1/?page=home?=tc?=tc?=tc?=tc?=tc?=tc@[2158, 2169, 3014, 3021, 3041, 3051, 3064, 3071, 3091, 3102, 3115, 3122, 3142, 3152, 3165, 3172, 3190, 3199, 3212, 3219, 3237, 3247, 3260, 3267, 3285, 3295, 3308, 3315, 3335, 3345]@{}
http://www.comp.hkbu.edu.hk/v1/?page=job_vacancies?=tc?=tc?=tc?=tc?=tc?=tc?=tc?=tc?=tc@[2158, 2169, 3020, 3027, 3047, 3057, 3070, 3077, 3097, 3108, 3121, 3128, 3148, 3158, 3171, 3178, 3196, 3205, 3218, 3225, 3243, 3253, 3266, 3273, 3291, 3301, 3314, 3321, 3341, 3351]@{}
http://www.comp.hkbu.edu.hk/v1/?page=job_vacancies?=sc?=tc?=tc?=tc?=tc?=tc?=tc?=tc?=tc@[2158, 2169, 3020, 3027, 3047, 3057, 3070, 3077, 3097, 3108, 3121, 3128, 3148, 3158, 3171, 3178, 3196, 3205, 3218, 3225, 3243, 3253, 3266, 3273, 3291, 3301, 3314, 3321, 3341, 3351]@{}
http://www.comp.hkbu.edu.hk/v1/?page=sitemap?=tc?=tc?=tc?=tc?=tc?=tc?=tc?=tc?=tc@[2158, 2169, 3020, 3027, 3047, 3057, 3070, 3077, 3097, 3108, 3121, 3128, 3148, 3158, 3171, 3178, 3196, 3205, 3218, 3225, 3243, 3253, 3266, 3273, 3291, 3301, 3314, 3321, 3341, 3351]@{}
http://www.comp.hkbu.edu.hk/v1/?page=sitemap?=sc?=tc?=tc?=tc?=tc?=tc?=tc?=tc?=tc@[2158, 2169, 3020, 3027, 3047, 3057, 3070, 3077, 3097, 3108, 3121, 3128, 3148, 3158, 3171, 3178, 3196, 3205, 3218, 3225, 3243, 3253, 3266, 3273, 3291, 3301, 3314, 3321, 3341, 3351]@{}
http://www.comp.hkbu.edu.hk/v1/?lang=tc@[2158, 2169, 2998, 3005, 3025, 3035, 3048, 3055, 3075, 3086, 3099, 3106, 3126, 3136, 3149, 3156, 3174, 3183, 3196, 3203, 3221, 3231, 3244, 3251, 3269, 3279, 3292, 3299, 3319, 3329]@{}
