http://www.comp.hkbu.edu.hk@[204]@[204]
https://www.comp.hkbu.edu.hk/v1/?page=job_vacancies@[127, 143, 177]@[127, 143, 177]
https://www.comp.hkbu.edu.hk/v1/?page=home@[210]@[210]
https://iss.hkbu.edu.hk/buam/buam2/reset_pwd/verify_acct.seam@[71]@[71]
https://iss.hkbu.edu.hk/buam/buam2/change_pwd/index.seam@[9, 39, 45, 54, 108, 127]@[9, 39, 45, 54, 108, 127]
https://www.comp.hkbu.edu.hk/v1/?page=head@[112, 122, 148, 196, 199, 227, 305, 419, 426, 450, 454, 496]@[112, 122, 148, 196, 199, 227, 305, 419, 426, 450, 454, 496]
https://www.comp.hkbu.edu.hk/v1/?page=whats_new@[227, 290, 343, 360, 441, 659, 729, 762, 804, 830, 930, 965, 1626, 1636, 1833, 1920, 2047, 2112, 2215, 2326, 2351, 2371, 2414, 2472, 2602, 2663, 2682, 2722, 2746, 2805, 2816, 2840, 2865, 2917, 2973, 2979, 3020, 3043, 3048, 3056, 3221, 3271, 3281, 3286, 3296, 3342, 3370, 3387, 3432, 3470, 3494, 3611, 3631, 3682, 3690, 3714, 3728, 3757, 3932, 3984, 4050, 4080, 4157, 4166, 4181]@[227, 290, 343, 360, 441, 659, 729, 762, 804, 830, 930, 965, 1626, 1636, 1833, 1920, 2047, 2112, 2215, 2326, 2351, 2371, 2414, 2472, 2602, 2663, 2682, 2722, 2746, 2805, 2816, 2840, 2865, 2917, 2973, 2979, 3020, 3043, 3048, 3056, 3221, 3271, 3281, 3286, 3296, 3342, 3370, 3387, 3432, 3470, 3494, 3611, 3631, 3682, 3690, 3714, 3728, 3757, 3932, 3984, 4050, 4080, 4157, 4166, 4181]
https://iss.hkbu.edu.hk/buam/buam2/reset_pwd_alumni/verify_acct.seam@[43, 97]@[43, 97]
https://www.comp.hkbu.edu.hk/v1/?page=contact@[141, 145, 155]@[141, 145, 155]
https://aao.hkbu.edu.hk/en/contact/index.php@[20, 24, 27, 79, 88, 114, 117, 131, 258]@[20, 24, 27, 79, 88, 114, 117, 131, 258]
https://iss.hkbu.edu.hk/buam/buam2/activation/index.seam@[20, 30]@[20, 30]
https://www.comp.hkbu.edu.hk/v1/?page=research_areas@[106, 110]@[106, 110]
https://www.comp.hkbu.edu.hk/v1/?page=centres@[113, 121, 155, 162, 180, 202, 207, 222, 230, 244, 247, 255, 271, 293, 333, 341, 353, 363, 398]@[113, 121, 155, 162, 180, 202, 207, 222, 230, 244, 247, 255, 271, 293, 333, 341, 353, 363, 398]
https://www.comp.hkbu.edu.hk/v1/?page=funded_projects@[607, 947, 1225, 1230, 1347, 1788, 2368, 2537, 2542, 2742, 2763, 2954, 3170, 3182, 3387, 3444, 3625]@[607, 947, 1225, 1230, 1347, 1788, 2368, 2537, 2542, 2742, 2763, 2954, 3170, 3182, 3387, 3444, 3625]
https://www.comp.hkbu.edu.hk/v1/?page=journal_editorship@[332]@[332]
https://www.hkbu.edu.hk@[8, 12, 27, 33]@[]
https://www.hkbu.edu.hk/eng/about/privacy.jsp@[8, 12, 27, 33]@[]
https://www.comp.hkbu.edu.hk/v1/?pid=32@[108, 129, 162, 179, 230, 254, 277, 294, 328, 347, 365, 399, 419]@[108, 129, 162, 179, 230, 254, 277, 294, 328, 347, 365, 399, 419]
https://www.comp.hkbu.edu.hk/v1/?page=mscais@[122, 233, 239, 245, 253, 257, 263]@[122, 233, 239, 245, 253, 257, 263]
https://www.comp.hkbu.edu.hk/v1/?page=mscitm@[93, 207, 213, 219, 227, 231, 237]@[93, 207, 213, 219, 227, 231, 237]
https://www.comp.hkbu.edu.hk/v1/?pid=273@[122, 233, 239, 245, 253, 257, 263]@[122, 233, 239, 245, 253, 257, 263]
https://www.comp.hkbu.edu.hk/v1/?pid=95@[93, 207, 213, 219, 227, 231, 237]@[93, 207, 213, 219, 227, 231, 237]
https://www.comp.hkbu.edu.hk/v1/?pid=128@[106, 111, 118]@[106, 111, 118]
https://www.comp.hkbu.edu.hk/v1/?pid=174@[110, 128, 137, 147]@[110, 128, 137, 147]
https://www.comp.hkbu.edu.hk/v1/?pid=175@[116, 134, 143, 153]@[116, 134, 143, 153]
https://www.comp.hkbu.edu.hk@[194]@[194]
https://www.comp.hkbu.edu.hk/v1/?page=facilities_teaching@[108, 133, 152, 177, 184, 189, 228, 314, 400, 405, 412]@[108, 133, 152, 177, 184, 189, 228, 314, 400, 405, 412]
https://www.comp.hkbu.edu.hk/v1/?page=facilities_research@[106, 191, 200, 214, 260]@[106, 191, 200, 214, 260]
https://www.comp.hkbu.edu.hk/msc/itm/en@[93, 207, 213, 219, 227, 231, 237]@[93, 207, 213, 219, 227, 231, 237]
https://www.comp.hkbu.edu.hk/v1/?page=news@[227, 290, 343, 360, 441, 659, 729, 762, 804, 830, 930, 965, 1626, 1636, 1833, 1920, 2047, 2112, 2215, 2326, 2351, 2371, 2414, 2472, 2602, 2663, 2682, 2722, 2746, 2805, 2816, 2840, 2865, 2917, 2973, 2979, 3020, 3043, 3048, 3056, 3221, 3271, 3281, 3286, 3296, 3342, 3370, 3387, 3432, 3470, 3494, 3611, 3631, 3682, 3690, 3714, 3728, 3757, 3932, 3984, 4050, 4080, 4157, 4166, 4181]@[227, 290, 343, 360, 441, 659, 729, 762, 804, 830, 930, 965, 1626, 1636, 1833, 1920, 2047, 2112, 2215, 2326, 2351, 2371, 2414, 2472, 2602, 2663, 2682, 2722, 2746, 2805, 2816, 2840, 2865, 2917, 2973, 2979, 3020, 3043, 3048, 3056, 3221, 3271, 3281, 3286, 3296, 3342, 3370, 3387, 3432, 3470, 3494, 3611, 3631, 3682, 3690, 3714, 3728, 3757, 3932, 3984, 4050, 4080, 4157, 4166, 4181]
https://www.comp.hkbu.edu.hk/v1/?page=events@[155, 280, 350, 397, 400, 425, 507, 528, 531, 538, 637, 642, 658, 813, 890, 1005, 1029, 1033, 1157, 1176, 1526, 1633, 2068, 2136, 2198, 2282, 2322, 2325, 2658, 2676, 2678, 2681, 2726, 2749, 2752, 2788, 2999, 3015, 3059, 3075, 3341, 3344, 3362, 3388, 3401, 3415, 3436, 3441, 3540, 3568, 3584, 3591, 3679, 3901, 3973, 3981, 4001, 4010, 4061, 4081, 4198, 4235, 4255, 4306, 4454, 4533, 4824, 4827, 4853, 5024, 5051, 5061, 5101, 5109, 5253, 5355, 5456, 5550, 5594, 5598, 5640, 5939, 5960, 6107, 6124, 6143, 6343, 6394, 6457, 6460, 6594, 6619, 6778, 6794, 6934, 6986, 7001, 7128, 7160, 7198, 7369, 7377, 7708, 7792, 7807, 7823, 7865, 7887, 7910, 7936, 7961, 7973, 8042, 8060, 8079, 8140, 8232, 8250]@[155, 280, 350, 397, 400, 425, 507, 528, 531, 538, 637, 642, 658, 813, 890, 1005, 1029, 1033, 1157, 1176, 1526, 1633, 2068, 2136, 2198, 2282, 2322, 2325, 2658, 2676, 2678, 2681, 2726, 2749, 2752, 2788, 2999, 3015, 3059, 3075, 3341, 3344, 3362, 3388, 3401, 3415, 3436, 3441, 3540, 3568, 3584, 3591, 3679, 3901, 3973, 3981, 4001, 4010, 4061, 4081, 4198, 4235, 4255, 4306, 4454, 4533, 4824, 4827, 4853, 5024, 5051, 5061, 5101, 5109, 5253, 5355, 5456, 5550, 5594, 5598, 5640, 5939, 5960, 6107, 6124, 6143, 6343, 6394, 6457, 6460, 6594, 6619, 6778, 6794, 6934, 6986, 7001, 7128, 7160, 7198, 7369, 7377, 7708, 7792, 7807, 7823, 7865, 7887, 7910, 7936, 7961, 7973, 8042, 8060, 8079, 8140, 8232, 8250]
https://www.comp.hkbu.edu.hk/v1/?page=highlights@[108, 112, 169, 191, 198, 251, 264, 292, 319, 391, 417, 423, 459, 501, 539, 543, 562, 568, 596, 615, 622, 631, 638, 663, 674, 687, 719, 740, 749, 782, 804, 816, 855, 868, 882, 934, 947, 953, 1011, 1020, 1046, 1078, 1083, 1101, 1117, 1166, 1199, 1217, 1232, 1257, 1283, 1311, 1317, 1327, 1413, 1475, 1515, 1528, 1536, 1604, 1631, 1635, 1678, 1687, 1690, 1764, 1807, 1817, 1863, 1897, 1900, 1924, 1934, 1939, 1957, 1961, 1967]@[108, 112, 169, 191, 198, 251, 264, 292, 319, 391, 417, 423, 459, 501, 539, 543, 562, 568, 596, 615, 622, 631, 638, 663, 674, 687, 719, 740, 749, 782, 804, 816, 855, 868, 882, 934, 947, 953, 1011, 1020, 1046, 1078, 1083, 1101, 1117, 1166, 1199, 1217, 1232, 1257, 1283, 1311, 1317, 1327, 1413, 1475, 1515, 1528, 1536, 1604, 1631, 1635, 1678, 1687, 1690, 1764, 1807, 1817, 1863, 1897, 1900, 1924, 1934, 1939, 1957, 1961, 1967]
https://www.comp.hkbu.edu.hk/v1/?pid=16@[141, 145, 155]@[141, 145, 155]
https://www.comp.hkbu.edu.hk/outreach@[10, 75]@[10, 75]
https://www.comp.hkbu.edu.hk/v1/?page=seminars@[165, 235, 275, 297, 366, 424]@[165, 235, 275, 297, 366, 424]
https://www.comp.hkbu.edu.hk/v1/?page=dlecture@[72, 287, 296, 304, 319, 326, 336, 343, 354, 385, 413, 485, 508, 529, 543, 553, 557, 616, 621, 624, 635, 687, 714, 730, 749, 764, 783, 799, 835, 843, 886, 892, 910, 922, 931, 939, 954, 992, 1001, 1024, 1060, 1086, 1104, 1125, 1170, 1178, 1195, 1234, 1255, 1263, 1285, 1290, 1299, 1303, 1308, 1318, 1348, 1359, 1364, 1375, 1399, 1424, 1502, 1509, 1513, 1567, 1577, 1589, 1600, 1607, 1619, 1627, 1657, 1680, 1695, 1739, 1751, 1755, 1762, 1773, 1781, 1793, 1804, 1808, 1830, 1874, 1886, 1896, 1918, 1937, 1940, 1948, 1961, 1964, 1974, 2008, 2017, 2020, 2100, 2109, 2152, 2168, 2176, 2187, 2195, 2233, 2247, 2265, 2280, 2301, 2332, 2384, 2389, 2425, 2434, 2437, 2447, 2491, 2506, 2568, 2584, 2609, 2624, 2651, 2663, 2720, 2739, 2775, 2793, 2797, 2807, 2822, 2838, 2846, 2879, 2883, 2892, 2897, 2932, 2936, 2976, 2982, 2994, 3003, 3011, 3019, 3026, 3031, 3066, 3071, 3082, 3094, 3104, 3111, 3154, 3192, 3243, 3259, 3281, 3289, 3307, 3326, 3331, 3342, 3439, 3455, 3461, 3470, 3473, 3487, 3494, 3518, 3542, 3556, 3576, 3584, 3596, 3615, 3632, 3670, 3713, 3740, 3752, 3763, 3775, 3794, 3805, 3811, 3827, 3854, 3903, 3928, 3979, 3991, 4000, 4004, 4012, 4022, 4045, 4071, 4101, 4107, 4121, 4142, 4147, 4166, 4216, 4243, 4248, 4258, 4267, 4288, 4314, 4330, 4379, 4472, 4566, 4577, 4585, 4628, 4656]@[72, 287, 296, 304, 319, 326, 336, 343, 354, 385, 413, 485, 508, 529, 543, 553, 557, 616, 621, 624, 635, 687, 714, 730, 749, 764, 783, 799, 835, 843, 886, 892, 910, 922, 931, 939, 954, 992, 1001, 1024, 1060, 1086, 1104, 1125, 1170, 1178, 1195, 1234, 1255, 1263, 1285, 1290, 1299, 1303, 1308, 1318, 1348, 1359, 1364, 1375, 1399, 1424, 1502, 1509, 1513, 1567, 1577, 1589, 1600, 1607, 1619, 1627, 1657, 1680, 1695, 1739, 1751, 1755, 1762, 1773, 1781, 1793, 1804, 1808, 1830, 1874, 1886, 1896, 1918, 1937, 1940, 1948, 1961, 1964, 1974, 2008, 2017, 2020, 2100, 2109, 2152, 2168, 2176, 2187, 2195, 2233, 2247, 2265, 2280, 2301, 2332, 2384, 2389, 2425, 2434, 2437, 2447, 2491, 2506, 2568, 2584, 2609, 2624, 2651, 2663, 2720, 2739, 2775, 2793, 2797, 2807, 2822, 2838, 2846, 2879, 2883, 2892, 2897, 2932, 2936, 2976, 2982, 2994, 3003, 3011, 3019, 3026, 3031, 3066, 3071, 3082, 3094, 3104, 3111, 3154, 3192, 3243, 3259, 3281, 3289, 3307, 3326, 3331, 3342, 3439, 3455, 3461, 3470, 3473, 3487, 3494, 3518, 3542, 3556, 3576, 3584, 3596, 3615, 3632, 3670, 3713, 3740, 3752, 3763, 3775, 3794, 3805, 3811, 3827, 3854, 3903, 3928, 3979, 3991, 4000, 4004, 4012, 4022, 4045, 4071, 4101, 4107, 4121, 4142, 4147, 4166, 4216, 4243, 4248, 4258, 4267, 4288, 4314, 4330, 4379, 4472, 4566, 4577, 4585, 4628, 4656]
https://www.comp.hkbu.edu.hk/v1/?page=conferences@[108, 129, 162, 179, 230, 254, 277, 294, 328, 347, 365, 399, 419]@[108, 129, 162, 179, 230, 254, 277, 294, 328, 347, 365, 399, 419]
https://www.comp.hkbu.edu.hk/v1/?pid=77@[113, 118, 130, 139, 144, 148, 155, 182, 197, 203, 208, 243, 288, 436, 515, 588, 730, 790, 810, 818, 871, 915, 944, 961, 977, 993, 1006, 1063, 1106]@[113, 118, 130, 139, 144, 148, 155, 182, 197, 203, 208, 243, 288, 436, 515, 588, 730, 790, 810, 818, 871, 915, 944, 961, 977, 993, 1006, 1063, 1106]
https://hugefiles.comp.hkbu.edu.hk/album/web/video/hkbu_cn_introduction.html@[5]@[]
https://www.comp.hkbu.edu.hk/v1/?page=driving_direction@[115, 119, 145, 157, 165]@[115, 119, 145, 157, 165]
https://forms.gle/DjStXN8kEpUVwTW38@[52, 68, 81]@[]
https://www.hkstp.org/en/about-us/event-and-activities/hong-kong-science-park-career-expo-2020-18-april-2020@[36, 137, 151, 179, 243, 248, 266, 272, 310, 347, 362, 377, 451, 468, 473, 477, 644]@[36, 137, 151, 179, 243, 248, 266, 272, 310, 347, 362, 377, 451, 468, 473, 477, 644]
https://www.comp.hkbu.edu.hk/v1/?pid=124@[138, 158, 176, 180, 193, 215, 218, 227, 236, 245, 270, 277, 291, 313, 319, 324, 350, 365, 381]@[138, 158, 176, 180, 193, 215, 218, 227, 236, 245, 270, 277, 291, 313, 319, 324, 350, 365, 381]
https://policies.google.com/terms@[161, 167, 209, 247, 252, 362, 365, 373, 376, 392, 443, 461, 514, 636, 802, 898, 944, 989, 1047, 1095, 1115, 1123, 1155, 1169, 1266, 1306, 1324, 1418, 1451, 1456, 1465, 1472, 1477, 1559, 1577, 1604, 1609, 1844, 1988, 2020, 2045, 2080, 2094, 2124, 2187, 2249, 2290, 2292, 2306, 2316, 2351, 2381, 2487, 2554, 2576, 2579, 2588, 2591, 2593, 2613, 2619, 2653, 2705, 2759, 2797, 2834, 2868, 2878, 2885, 2889, 2893, 2918, 2958, 2970, 2992, 3005, 3052, 3099, 3108, 3288, 3311, 3361, 3410, 3471, 3476, 3512, 3544, 3618, 3622, 3655, 3666, 3691, 3704, 3712, 3766, 3807, 3836, 3857, 3906, 3959, 4015]@[161, 167, 209, 247, 252, 362, 365, 373, 376, 392, 443, 461, 514, 636, 802, 898, 944, 989, 1047, 1095, 1115, 1123, 1155, 1169, 1266, 1306, 1324, 1418, 1451, 1456, 1465, 1472, 1477, 1559, 1577, 1604, 1609, 1844, 1988, 2020, 2045, 2080, 2094, 2124, 2187, 2249, 2290, 2292, 2306, 2316, 2351, 2381, 2487, 2554, 2576, 2579, 2588, 2591, 2593, 2613, 2619, 2653, 2705, 2759, 2797, 2834, 2868, 2878, 2885, 2889, 2893, 2918, 2958, 2970, 2992, 3005, 3052, 3099, 3108, 3288, 3311, 3361, 3410, 3471, 3476, 3512, 3544, 3618, 3622, 3655, 3666, 3691, 3704, 3712, 3766, 3807, 3836, 3857, 3906, 3959, 4015]
https://policies.google.com/privacy@[163, 231, 252, 350, 420, 464, 479, 515, 524, 640, 695, 724, 759, 778, 809, 890, 1092, 1122, 1287, 1296, 1312, 1398, 1442, 1614, 1631, 1678, 1687, 1825, 1833, 1861, 1953, 1965, 2023, 2097, 2122, 2183, 2285, 2521, 2669, 2896, 2943, 3134, 3156, 3194, 3204, 3241, 3289, 3341, 3609, 3643, 3857, 3870, 3897, 3913, 3927, 3931, 3936, 3950, 3976, 4026, 4097, 4099, 4141, 4155, 4198, 4204, 4229, 4341, 4347, 4355, 4373, 4379, 4427, 4430, 4517, 4520, 4691, 4721, 4730, 4817, 4823, 4878, 4882, 4885, 4888, 4929, 4953, 5014, 5020, 5023, 5029, 5040, 5051, 5060, 5065, 5075, 5079, 5091, 5100, 5109, 5122, 5126, 5129, 5132, 5143, 5151, 5300, 5343, 5405, 5472, 5555, 5565, 5589, 5597, 5615, 5686, 5721, 5763, 5781, 5818, 5902, 5912, 5938, 6034, 6079, 6142, 6180, 6208, 6296, 6304, 6351, 6420, 6436, 6441, 6457, 6554, 6640, 6717, 6901, 6935, 6942, 6946, 7015, 7067, 7077, 7158, 7214, 7235, 7307, 7323, 7341, 7435, 7464, 7468, 7564]@[163, 231, 252, 350, 420, 464, 479, 515, 524, 640, 695, 724, 759, 778, 809, 890, 1092, 1122, 1287, 1296, 1312, 1398, 1442, 1614, 1631, 1678, 1687, 1825, 1833, 1861, 1953, 1965, 2023, 2097, 2122, 2183, 2285, 2521, 2669, 2896, 2943, 3134, 3156, 3194, 3204, 3241, 3289, 3341, 3609, 3643, 3857, 3870, 3897, 3913, 3927, 3931, 3936, 3950, 3976, 4026, 4097, 4099, 4141, 4155, 4198, 4204, 4229, 4341, 4347, 4355, 4373, 4379, 4427, 4430, 4517, 4520, 4691, 4721, 4730, 4817, 4823, 4878, 4882, 4885, 4888, 4929, 4953, 5014, 5020, 5023, 5029, 5040, 5051, 5060, 5065, 5075, 5079, 5091, 5100, 5109, 5122, 5126, 5129, 5132, 5143, 5151, 5300, 5343, 5405, 5472, 5555, 5565, 5589, 5597, 5615, 5686, 5721, 5763, 5781, 5818, 5902, 5912, 5938, 6034, 6079, 6142, 6180, 6208, 6296, 6304, 6351, 6420, 6436, 6441, 6457, 6554, 6640, 6717, 6901, 6935, 6942, 6946, 7015, 7067, 7077, 7158, 7214, 7235, 7307, 7323, 7341, 7435, 7464, 7468, 7564]
https://www.hkstp.org/en@[32, 133, 147, 175, 239, 244, 262, 268, 306, 343, 358, 373, 447, 460, 630, 680, 768, 782, 810, 1007]@[32, 133, 147, 175, 239, 244, 262, 268, 306, 343, 358, 373, 447, 460, 630, 680, 768, 782, 810, 1007]
https://www.hkstp.org@[32, 133, 147, 175, 239, 244, 262, 268, 306, 343, 358, 373, 447, 460, 630, 680, 768, 782, 810, 1007]@[32, 133, 147, 175, 239, 244, 262, 268, 306, 343, 358, 373, 447, 460, 630, 680, 768, 782, 810, 1007]
https://www.hkstp.org/en/about-us/who-we-are@[38, 139, 153, 181, 245, 250, 268, 274, 312, 349, 364, 379, 456, 491, 581, 593, 617, 641, 733, 742, 753, 760, 795, 814, 827, 841, 859, 875, 913, 926, 940, 991, 997, 1050, 1056, 1059, 1086, 1107, 1110, 1153, 1161, 1172, 1193, 1393]@[38, 139, 153, 181, 245, 250, 268, 274, 312, 349, 364, 379, 456, 491, 581, 593, 617, 641, 733, 742, 753, 760, 795, 814, 827, 841, 859, 875, 913, 926, 940, 991, 997, 1050, 1056, 1059, 1086, 1107, 1110, 1153, 1161, 1172, 1193, 1393]
https://www.hkstp.org/about-us/who-we-are@[38, 139, 153, 181, 245, 250, 268, 274, 312, 349, 364, 379, 456, 491, 581, 593, 617, 641, 733, 742, 753, 760, 795, 814, 827, 841, 859, 875, 913, 926, 940, 991, 997, 1050, 1056, 1059, 1086, 1107, 1110, 1153, 1161, 1172, 1193, 1393]@[38, 139, 153, 181, 245, 250, 268, 274, 312, 349, 364, 379, 456, 491, 581, 593, 617, 641, 733, 742, 753, 760, 795, 814, 827, 841, 859, 875, 913, 926, 940, 991, 997, 1050, 1056, 1059, 1086, 1107, 1110, 1153, 1161, 1172, 1193, 1393]
https://news.google.com/?tab=wn@[88, 95, 118, 122, 157, 160, 214, 251, 254, 257, 274, 281, 284, 288, 295, 298, 309, 330, 355, 462, 473, 558, 594, 598, 642, 660, 687, 690, 729, 777, 799, 840, 847, 907, 934, 937, 975, 1023, 1055, 1069, 1080, 1105, 1112, 1179, 1308, 1328, 1339, 1357, 1371, 1396, 1410, 1490, 1543, 1548, 1559, 1582, 1611, 1636, 1642, 1666, 1686, 1769, 1778, 1783, 1788, 1859, 1861, 1912, 1931, 1942, 1955, 1973]@[118, 122, 157, 160, 214, 251, 254, 257, 274, 281, 284, 288, 295, 298, 309, 330, 355, 462, 473, 558, 594, 598, 642, 660, 687, 690, 729, 777, 799, 840, 847, 907, 934, 937, 975, 1023, 1055, 1069, 1080, 1105, 1112, 1179, 1308, 1328, 1339, 1357, 1371, 1396, 1410, 1490, 1543, 1548, 1559, 1582, 1611, 1636, 1642, 1666, 1686, 1769, 1778, 1783, 1788, 1859, 1861, 1912, 1931, 1942, 1955, 1973]
https://www.hkstp.org/en/about-us/our-milestones@[37, 138, 152, 180, 244, 249, 267, 273, 311, 348, 363, 378, 472, 477, 485, 493, 498, 512, 527, 534, 547, 550, 577, 623, 692, 745, 754, 778, 995]@[37, 138, 152, 180, 244, 249, 267, 273, 311, 348, 363, 378, 472, 477, 485, 493, 498, 512, 527, 534, 547, 550, 577, 623, 692, 745, 754, 778, 995]
https://www.hkstp.org/en/about-us/our-footprint@[37, 138, 152, 180, 244, 249, 267, 273, 311, 348, 363, 378, 461, 468, 498, 514, 535, 540, 574, 742, 751, 770, 807, 809, 823, 830, 838, 853, 886, 895, 917, 938, 998, 1045]@[37, 138, 152, 180, 244, 249, 267, 273, 311, 348, 363, 378, 461, 468, 498, 514, 535, 540, 574, 742, 751, 770, 807, 809, 823, 830, 838, 853, 886, 895, 917, 938, 998, 1045]
https://www.hkstp.org/about-us/our-milestones@[37, 138, 152, 180, 244, 249, 267, 273, 311, 348, 363, 378, 472, 477, 485, 493, 498, 512, 527, 534, 547, 550, 577, 623, 692, 745, 754, 778, 995]@[37, 138, 152, 180, 244, 249, 267, 273, 311, 348, 363, 378, 472, 477, 485, 493, 498, 512, 527, 534, 547, 550, 577, 623, 692, 745, 754, 778, 995]
https://news.google.com/?tab=nn@[88, 95, 118, 122, 157, 160, 207, 210, 245, 296, 303, 306, 310, 317, 320, 331, 353, 358, 372, 402, 414, 420, 427, 429, 434, 452, 484, 491, 556, 559, 597, 643, 646, 684, 692, 745, 748, 760, 789, 803, 832, 841, 849, 880, 913, 919, 942, 951, 954, 1014, 1107, 1153, 1175, 1216, 1223, 1240, 1249, 1255, 1333, 1467, 1487, 1498, 1516, 1530, 1555, 1569, 1649, 1702, 1706, 1721, 1732, 1747, 1772, 1778, 1802, 1822, 1905, 1914, 1919, 1924, 1995, 1997, 2048, 2067, 2078, 2091, 2104]@[118, 122, 157, 160, 207, 210, 245, 296, 303, 306, 310, 317, 320, 331, 353, 358, 372, 402, 414, 420, 427, 429, 434, 452, 484, 491, 556, 559, 597, 643, 646, 684, 692, 745, 748, 760, 789, 803, 832, 841, 849, 880, 913, 919, 942, 951, 954, 1014, 1107, 1153, 1175, 1216, 1223, 1240, 1249, 1255, 1333, 1467, 1487, 1498, 1516, 1530, 1555, 1569, 1649, 1702, 1706, 1721, 1732, 1747, 1772, 1778, 1802, 1822, 1905, 1914, 1919, 1924, 1995, 1997, 2048, 2067, 2078, 2091, 2104]
https://itunes.apple.com/app/google-search/id284815942?mt=8@[2, 40, 69, 75, 96, 100, 103, 137, 146, 265, 270, 343, 396, 406, 479, 498, 509, 515, 540, 548, 602, 610, 628, 661, 721, 759, 796, 815, 843, 879, 886]@[40, 69, 75, 96, 100, 103, 137, 146, 265, 270, 343, 396, 406, 479, 498, 509, 515, 540, 548, 602, 610, 628, 661, 721, 759, 796, 815, 843, 879, 886]
https://play.google.com/store/apps/details?id=com.google.android.googlequicksearchbox@[196, 202, 223, 227, 230, 264, 273, 344, 355, 433, 469, 553, 571, 604, 624, 638, 697]@[196, 202, 223, 227, 230, 264, 273, 344, 355, 433, 469, 553, 571, 604, 624, 638, 697]
