http://www.comp.hkbu.edu.hk@[182]@[182]
https://www.comp.hkbu.edu.hk/v1/?page=buniport@[2, 31]@[31]
https://www.comp.hkbu.edu.hk/v1/?page=library@[12, 17, 36, 101, 720, 873, 1026, 1227, 1276, 1292, 1302]@[17, 36, 101, 720, 873, 1026, 1227, 1276, 1292, 1302]
https://www.comp.hkbu.edu.hk/v1/?page=job_vacancies@[152, 160]@[152, 160]
https://iss.hkbu.edu.hk/buam/buam2/reset_pwd/verify_acct.seam@[25, 34]@[25, 34]
https://iss.hkbu.edu.hk/buam/buam2/change_pwd/index.seam@[15, 33, 44, 52, 59]@[15, 33, 44, 52, 59]
https://library.hkbu.edu.hk/happenings/news/service-arrangements-7-sep-2020@[18, 23, 42, 107, 441, 455, 464, 515, 533, 732, 910, 971, 988, 1003, 1043, 1051, 1103, 1178, 1194, 1204]@[23, 42, 107, 441, 455, 464, 515, 533, 732, 910, 971, 988, 1003, 1043, 1051, 1103, 1178, 1194, 1204]
https://www.comp.hkbu.edu.hk/v1/?page=head@[111, 171, 209, 260, 466]@[111, 171, 209, 260, 466]
https://iss.hkbu.edu.hk/buam/buam2/reset_pwd_alumni/verify_acct.seam@[22, 48]@[22, 48]
https://iss.hkbu.edu.hk/buam/buam2/sign_in/index.seam@[2, 31]@[31]
https://www.hkbu.edu.hk/eng/main/index.jsp@[14, 303]@[14, 303]
https://www.comp.hkbu.edu.hk/v1/?page=whats_new@[321, 417, 625, 688, 698, 874, 881, 897, 911, 917, 1361, 1472, 2361, 2520, 2540, 2552, 2715, 3036, 3201, 3610, 3652, 3744, 3813, 3871, 3904, 3952, 4011, 4046, 4229]@[321, 417, 625, 688, 698, 874, 881, 897, 911, 917, 1361, 1472, 2361, 2520, 2540, 2552, 2715, 3036, 3201, 3610, 3652, 3744, 3813, 3871, 3904, 3952, 4011, 4046, 4229]
https://aao.hkbu.edu.hk/en/contact/index.php@[18, 46, 53, 61, 103, 119, 129, 137, 157, 160, 168, 222, 227]@[18, 46, 53, 61, 103, 119, 129, 137, 157, 160, 168, 222, 227]
https://iss.hkbu.edu.hk/buam/buam2/activation/index.seam@[12, 24]@[12, 24]
https://www.comp.hkbu.edu.hk/v1/?page=centres@[166, 198, 302, 346, 367, 390, 412]@[166, 198, 302, 346, 367, 390, 412]
https://www.hkbu.edu.hk/eng/about/privacy.jsp@[12, 193, 204, 233, 286, 320, 328, 345, 364, 367, 383, 407, 526, 623, 682, 704, 740, 749, 784, 814, 820, 824, 844, 908, 926, 959, 969, 1004, 1008, 1019, 1022, 1048, 1111, 1161, 1169, 1198, 1210, 1226, 1255, 1267, 1303, 1556, 1625, 1630, 1693, 1995, 2036, 2062, 2135, 2284]@[12, 193, 204, 233, 286, 320, 328, 345, 364, 367, 383, 407, 526, 623, 682, 704, 740, 749, 784, 814, 820, 824, 844, 908, 926, 959, 969, 1004, 1008, 1019, 1022, 1048, 1111, 1161, 1169, 1198, 1210, 1226, 1255, 1267, 1303, 1556, 1625, 1630, 1693, 1995, 2036, 2062, 2135, 2284]
https://www.comp.hkbu.edu.hk/v1/?page=funded_projects@[267, 598, 641, 876, 1395, 1519, 2031, 2079, 2891, 3008, 3269, 3385, 3429, 3781]@[267, 598, 641, 876, 1395, 1519, 2031, 2079, 2891, 3008, 3269, 3385, 3429, 3781]
https://www.comp.hkbu.edu.hk/v1/?page=journal_editorship@[154]@[154]
https://www.hkbu.edu.hk/eng/staff/staff.jsp@[11, 242]@[11, 242]
https://www.comp.hkbu.edu.hk/v1/?page=mscais@[112, 121, 238]@[112, 121, 238]
https://www.comp.hkbu.edu.hk/v1/?page=mscitm@[212]@[212]
https://www.comp.hkbu.edu.hk/v1/?pid=273@[112, 121, 238]@[112, 121, 238]
https://www.comp.hkbu.edu.hk/v1/?pid=95@[212]@[212]
https://www.comp.hkbu.edu.hk/v1/?pid=128@[172, 180]@[172, 180]
https://aao.hkbu.edu.hk/en/home/index.php@[194]@[194]
https://www.hkbu.edu.hk/eng/visitors/visitors.jsp@[11, 134, 187, 352]@[11, 134, 187, 352]
https://www.comp.hkbu.edu.hk/v1/?pid=174@[136, 145]@[136, 145]
https://www.comp.hkbu.edu.hk/v1/?pid=175@[142, 151]@[142, 151]
https://www.comp.hkbu.edu.hk/v1/?page=facilities_teaching@[127, 169, 209, 292, 313, 403, 422]@[127, 169, 209, 292, 313, 403, 422]
https://www.comp.hkbu.edu.hk/msc/itm/en@[212]@[212]
https://www.comp.hkbu.edu.hk/v1/?page=facilities_research@[116, 189, 196, 245, 269]@[116, 189, 196, 245, 269]
https://twitter.com/HKBU_alumni@[13, 15]@[]
https://www.hkbu.edu.hk/eng/media/media1.jsp@[11, 305]@[11, 305]
https://www.comp.hkbu.edu.hk/v1/?page=news@[321, 417, 625, 688, 698, 874, 881, 897, 911, 917, 1361, 1472, 2361, 2520, 2540, 2552, 2715, 3036, 3201, 3610, 3652, 3744, 3813, 3871, 3904, 3952, 4011, 4046, 4229]@[321, 417, 625, 688, 698, 874, 881, 897, 911, 917, 1361, 1472, 2361, 2520, 2540, 2552, 2715, 3036, 3201, 3610, 3652, 3744, 3813, 3871, 3904, 3952, 4011, 4046, 4229]
https://www.comp.hkbu.edu.hk/v1/?page=events@[192, 457, 836, 1475, 1479, 1702, 1732, 1765, 1782, 1830, 1925, 1959, 2035, 2098, 2252, 2694, 3366, 3392, 3411, 3456, 3526, 3574, 3611, 3915, 4170, 4754, 4787, 4992, 5114, 5302, 5570, 5593, 5683, 5856, 5938, 5989, 6251, 6327, 6373, 6456, 6508, 6530, 6717, 6816, 6836, 6844, 7349, 7437, 7442, 7636, 7773, 7926]@[192, 457, 836, 1475, 1479, 1702, 1732, 1765, 1782, 1830, 1925, 1959, 2035, 2098, 2252, 2694, 3366, 3392, 3411, 3456, 3526, 3574, 3611, 3915, 4170, 4754, 4787, 4992, 5114, 5302, 5570, 5593, 5683, 5856, 5938, 5989, 6251, 6327, 6373, 6456, 6508, 6530, 6717, 6816, 6836, 6844, 7349, 7437, 7442, 7636, 7773, 7926]
https://www.comp.hkbu.edu.hk/v1/?page=highlights@[167, 178, 183, 189, 202, 207, 209, 249, 278, 313, 336, 363, 371, 389, 407, 428, 444, 462, 488, 514, 526, 554, 559, 594, 661, 672, 685, 717, 738, 747, 758, 798, 803, 810, 825, 852, 865, 880, 888, 914, 941, 951, 976, 990, 1004, 1009, 1029, 1043, 1055, 1059, 1076, 1109, 1139, 1164, 1197, 1215, 1248, 1264, 1281, 1303, 1309, 1325, 1330, 1362, 1378, 1393, 1406, 1411, 1453, 1469, 1485, 1491, 1510, 1524, 1565, 1587, 1601, 1628, 1715, 1738, 1813, 1842, 1856, 1870, 1884, 1895, 1930]@[167, 178, 183, 189, 202, 207, 209, 249, 278, 313, 336, 363, 371, 389, 407, 428, 444, 462, 488, 514, 526, 554, 559, 594, 661, 672, 685, 717, 738, 747, 758, 798, 803, 810, 825, 852, 865, 880, 888, 914, 941, 951, 976, 990, 1004, 1009, 1029, 1043, 1055, 1059, 1076, 1109, 1139, 1164, 1197, 1215, 1248, 1264, 1281, 1303, 1309, 1325, 1330, 1362, 1378, 1393, 1406, 1411, 1453, 1469, 1485, 1491, 1510, 1524, 1565, 1587, 1601, 1628, 1715, 1738, 1813, 1842, 1856, 1870, 1884, 1895, 1930]
https://foundation.hkbu.edu.hk/en/ways-to-give@[502, 530, 569, 586, 631, 651, 700, 741, 758, 819, 826, 870]@[502, 530, 569, 586, 631, 651, 700, 741, 758, 819, 826, 870]
https://buniport.hkbu.edu.hk@[2, 31]@[31]
https://www.comp.hkbu.edu.hk/outreach@[81, 92, 138]@[81, 92, 138]
https://www.comp.hkbu.edu.hk/v1/?pid=77@[126, 162]@[126, 162]
https://www.comp.hkbu.edu.hk/v1/?page=career_wt@[114]@[114]
https://www.comp.hkbu.edu.hk/v1/?page=driving_direction@[113, 118, 127, 143, 152]@[113, 118, 127, 143, 152]
https://foundation.hkbu.edu.hk/en@[519, 547, 604, 623, 651, 657, 671, 703, 710, 729, 743, 776, 921, 951, 961, 998, 1111, 1115, 1123, 1168, 1229]@[519, 547, 604, 623, 651, 657, 671, 703, 710, 729, 743, 776, 921, 951, 961, 998, 1111, 1115, 1123, 1168, 1229]
https://iss.hkbu.edu.hk/buam/buam2/registration/index.seam@[13, 26]@[13, 26]
https://www.comp.hkbu.edu.hk/v1/?pid=124@[258]@[258]
https://www.comp.hkbu.edu.hk/v1/?pid=125@[141, 196, 225, 233]@[141, 196, 225, 233]
https://forms.gle/DjStXN8kEpUVwTW38@[50, 61, 63, 77, 79]@[]
https://foundation.hkbu.edu.hk/en/contact-us@[502, 530, 628]@[502, 530, 628]
https://foundation.hkbu.edu.hk/en/user/login@[502, 530, 637]@[502, 530, 637]
https://ito.hkbu.edu.hk/index.php/services-2/account-password/#tab-3@[59, 62, 82, 198, 204, 215, 226, 256, 273, 326, 332, 347, 350, 360, 399, 413, 438, 570, 588, 612, 633, 719, 737, 752, 757]@[59, 62, 82, 198, 204, 215, 226, 256, 273, 326, 332, 347, 350, 360, 399, 413, 438, 570, 588, 612, 633, 719, 737, 752, 757]
https://policies.google.com/terms@[127, 137, 171, 181, 251, 263, 283, 304, 327, 330, 395, 411, 441, 449, 526, 533, 588, 622, 630, 635, 644, 666, 681, 689, 716, 760, 780, 807, 847, 849, 854, 885, 908, 914, 1027, 1056, 1066, 1082, 1086, 1093, 1100, 1105, 1118, 1171, 1265, 1289, 1298, 1335, 1353, 1364, 1393, 1413, 1416, 1420, 1428, 1479, 1496, 1506, 1515, 1523, 1528, 1575, 1581, 1594, 1710, 1748, 1792, 1796, 1810, 1831, 1841, 1869, 1886, 1898, 1905, 1913, 1923, 1938, 1955, 1962, 1974, 1990, 2022, 2050, 2118, 2179, 2202, 2206, 2283, 2318, 2338, 2349, 2353, 2374, 2396, 2424, 2489, 2499, 2528, 2534, 2563, 2572, 2574, 2605, 2758, 2792, 2862, 2867, 2883, 2911, 2968, 2984, 3054, 3094, 3101, 3107, 3137, 3140, 3160, 3183, 3207, 3245, 3264, 3304, 3310, 3350, 3403, 3440, 3445, 3557, 3593, 3620, 3646, 3654, 3690, 3780, 3804, 3834, 3890, 3955, 4038]@[127, 137, 171, 181, 251, 263, 283, 304, 327, 330, 395, 411, 441, 449, 526, 533, 588, 622, 630, 635, 644, 666, 681, 689, 716, 760, 780, 807, 847, 849, 854, 885, 908, 914, 1027, 1056, 1066, 1082, 1086, 1093, 1100, 1105, 1118, 1171, 1265, 1289, 1298, 1335, 1353, 1364, 1393, 1413, 1416, 1420, 1428, 1479, 1496, 1506, 1515, 1523, 1528, 1575, 1581, 1594, 1710, 1748, 1792, 1796, 1810, 1831, 1841, 1869, 1886, 1898, 1905, 1913, 1923, 1938, 1955, 1962, 1974, 1990, 2022, 2050, 2118, 2179, 2202, 2206, 2283, 2318, 2338, 2349, 2353, 2374, 2396, 2424, 2489, 2499, 2528, 2534, 2563, 2572, 2574, 2605, 2758, 2792, 2862, 2867, 2883, 2911, 2968, 2984, 3054, 3094, 3101, 3107, 3137, 3140, 3160, 3183, 3207, 3245, 3264, 3304, 3310, 3350, 3403, 3440, 3445, 3557, 3593, 3620, 3646, 3654, 3690, 3780, 3804, 3834, 3890, 3955, 4038]
https://policies.google.com/privacy@[117, 131, 157, 226, 285, 302, 348, 368, 379, 418, 434, 438, 452, 469, 509, 523, 572, 597, 605, 615, 622, 631, 702, 836, 844, 879, 956, 1006, 1019, 1137, 1185, 1227, 1237, 1250, 1281, 1306, 1319, 1342, 1360, 1367, 1370, 1405, 1446, 1469, 1493, 1550, 1599, 1616, 1635, 1647, 1662, 1665, 1683, 1699, 1750, 1771, 1774, 1793, 1811, 1830, 1846, 1867, 1882, 1897, 1908, 1924, 1948, 2017, 2129, 2138, 2160, 2195, 2215, 2270, 2276, 2288, 2301, 2316, 2321, 2332, 2347, 2360, 2372, 2376, 2387, 2408, 2428, 2437, 2445, 2463, 2493, 2524, 2537, 2559, 2579, 2590, 2642, 2647, 2659, 2667, 2680, 2694, 2711, 2730, 2805, 2857, 2922, 2952, 2986, 2994, 3033, 3047, 3064, 3073, 3103, 3139, 3193, 3237, 3252, 3287, 3308, 3323, 3385, 3392, 3412, 3436, 3455, 3459, 3465, 3468, 3480, 3489, 3503, 3543, 3559, 3661, 3750, 3772, 3823, 3912, 3945, 3973, 4005, 4025, 4056, 4068, 4078, 4108, 4212, 4226, 4234, 4267, 4311, 4340, 4419, 4446, 4464, 4506, 4525, 4542, 4547, 4600, 4653, 4690, 4719, 4729, 4764, 4787, 4861, 4875, 4903, 5019, 5039, 5050, 5105, 5148, 5175, 5254, 5259, 5283, 5305, 5360, 5364, 5372, 5400, 5414, 5483, 5546, 5575, 5640, 5643, 5656, 5667, 5677, 5700, 5749, 5772, 5797, 5812, 5895, 5906, 5909, 5932, 5944, 5953, 5958, 5982, 6028, 6081, 6094, 6103, 6105, 6123, 6140, 6161, 6185, 6231, 6258, 6268, 6298, 6317, 6343, 6367, 6398, 6464, 6471, 6473, 6482, 6488, 6494, 6518, 6537, 6545, 6569, 6581, 6591, 6600, 6621, 6658, 6672, 6697, 6723, 6758, 6781, 6797, 6814, 6846, 6863, 6877, 6971, 7037, 7051, 7058, 7079, 7089, 7156, 7227, 7232, 7259, 7292, 7312, 7324, 7355, 7359, 7420, 7498, 7513]@[117, 131, 157, 226, 285, 302, 348, 368, 379, 418, 434, 438, 452, 469, 509, 523, 572, 597, 605, 615, 622, 631, 702, 836, 844, 879, 956, 1006, 1019, 1137, 1185, 1227, 1237, 1250, 1281, 1306, 1319, 1342, 1360, 1367, 1370, 1405, 1446, 1469, 1493, 1550, 1599, 1616, 1635, 1647, 1662, 1665, 1683, 1699, 1750, 1771, 1774, 1793, 1811, 1830, 1846, 1867, 1882, 1897, 1908, 1924, 1948, 2017, 2129, 2138, 2160, 2195, 2215, 2270, 2276, 2288, 2301, 2316, 2321, 2332, 2347, 2360, 2372, 2376, 2387, 2408, 2428, 2437, 2445, 2463, 2493, 2524, 2537, 2559, 2579, 2590, 2642, 2647, 2659, 2667, 2680, 2694, 2711, 2730, 2805, 2857, 2922, 2952, 2986, 2994, 3033, 3047, 3064, 3073, 3103, 3139, 3193, 3237, 3252, 3287, 3308, 3323, 3385, 3392, 3412, 3436, 3455, 3459, 3465, 3468, 3480, 3489, 3503, 3543, 3559, 3661, 3750, 3772, 3823, 3912, 3945, 3973, 4005, 4025, 4056, 4068, 4078, 4108, 4212, 4226, 4234, 4267, 4311, 4340, 4419, 4446, 4464, 4506, 4525, 4542, 4547, 4600, 4653, 4690, 4719, 4729, 4764, 4787, 4861, 4875, 4903, 5019, 5039, 5050, 5105, 5148, 5175, 5254, 5259, 5283, 5305, 5360, 5364, 5372, 5400, 5414, 5483, 5546, 5575, 5640, 5643, 5656, 5667, 5677, 5700, 5749, 5772, 5797, 5812, 5895, 5906, 5909, 5932, 5944, 5953, 5958, 5982, 6028, 6081, 6094, 6103, 6105, 6123, 6140, 6161, 6185, 6231, 6258, 6268, 6298, 6317, 6343, 6367, 6398, 6464, 6471, 6473, 6482, 6488, 6494, 6518, 6537, 6545, 6569, 6581, 6591, 6600, 6621, 6658, 6672, 6697, 6723, 6758, 6781, 6797, 6814, 6846, 6863, 6877, 6971, 7037, 7051, 7058, 7079, 7089, 7156, 7227, 7232, 7259, 7292, 7312, 7324, 7355, 7359, 7420, 7498, 7513]
