http://www.comp.hkbu.edu.hk@[2497, 2515, 2564, 2596, 2627, 3360, 3446, 3509, 3584, 3666, 3732, 3819, 3865, 4868, 4895, 4909, 4947, 5009, 5099, 5668, 6120, 6157, 6239, 6316, 6403, 6415, 6450, 6498, 6557, 6626, 6663, 6733]@{}
http://www.comp.hkbu.edu.hk/v1/?page=job_vacancies?=tc@[2497, 2515, 2564, 2596, 2627, 3366, 3452, 3515, 3590, 3672, 3738, 3825, 3871, 4864, 4891, 4905, 4943, 5005, 5095, 5664, 6116, 6153, 6223, 6300, 6382, 6394, 6429, 6477, 6536, 6605, 6642, 6720]@{}
http://www.comp.hkbu.edu.hk/v1/?page=job_vacancies?=sc@[2497, 2515, 2564, 2596, 2627, 3366, 3452, 3515, 3590, 3672, 3738, 3825, 3871, 4864, 4891, 4905, 4943, 5005, 5095, 5664, 6116, 6153, 6230, 6304, 6393, 6405, 6440, 6488, 6547, 6616, 6653, 6729]@{}
http://www.comp.hkbu.edu.hk/v1/?page=sitemap?=tc@[2497, 2515, 2564, 2596, 2627, 3366, 3452, 3515, 3590, 3672, 3738, 3825, 3871, 4860, 4887, 4901, 4939, 5001, 5091, 5660, 6112, 6149, 6225, 6303, 6385, 6397, 6432, 6480, 6539, 6608, 6645, 6723]@{}
http://www.comp.hkbu.edu.hk/v1/?page=sitemap?=sc@[2497, 2515, 2564, 2596, 2627, 3366, 3452, 3515, 3590, 3672, 3738, 3825, 3871, 4859, 4886, 4900, 4938, 5000, 5090, 5659, 6111, 6148, 6229, 6305, 6392, 6404, 6439, 6487, 6546, 6615, 6652, 6734]@{}
http://www.comp.hkbu.edu.hk/v1/?lang=sc@[2497, 2515, 2564, 2596, 2627, 3360, 3446, 3509, 3584, 3666, 3732, 3819, 3865, 4855, 4882, 4896, 4934, 4996, 5086, 5655, 6107, 6144, 6219, 6301, 6384, 6396, 6431, 6479, 6538, 6607, 6644, 6704]@{}
http://www.comp.hkbu.edu.hk/~alumni/news/../news/@[146, 578, 652, 675]@{}
http://www.comp.hkbu.edu.hk/~alumni/news/../scholarship/@[146, 578]@{}
http://www.comp.hkbu.edu.hk/~alumni/news/../donation/@[146, 578]@{}
http://www.comp.hkbu.edu.hk/v1/?page=job_vacancies?=tc?=tc@[2497, 2515, 2564, 2596, 2627, 3368, 3454, 3517, 3592, 3674, 3740, 3827, 3873, 4861, 4888, 4902, 4940, 5002, 5092, 5661, 6113, 6150, 6231, 6306, 6391, 6403, 6438, 6486, 6545, 6614, 6651, 6716]@{}
http://www.comp.hkbu.edu.hk/v1/?page=job_vacancies?=sc?=tc@[2497, 2515, 2564, 2596, 2627, 3368, 3454, 3517, 3592, 3674, 3740, 3827, 3873, 4871, 4898, 4912, 4950, 5012, 5102, 5671, 6123, 6160, 6237, 6318, 6410, 6422, 6457, 6505, 6564, 6633, 6670, 6747]@{}
http://www.comp.hkbu.edu.hk/v1/?page=sitemap?=tc?=tc@[2497, 2515, 2564, 2596, 2627, 3368, 3454, 3517, 3592, 3674, 3740, 3827, 3873, 4861, 4888, 4902, 4940, 5002, 5092, 5661, 6113, 6150, 6230, 6302, 6387, 6399, 6434, 6482, 6541, 6610, 6647, 6707]@{}
http://www.comp.hkbu.edu.hk/v1/?page=sitemap?=sc?=tc@[2497, 2515, 2564, 2596, 2627, 3368, 3454, 3517, 3592, 3674, 3740, 3827, 3873, 4875, 4902, 4916, 4954, 5016, 5106, 5675, 6127, 6164, 6246, 6316, 6404, 6416, 6451, 6499, 6558, 6627, 6664, 6739]@{}
http://www.comp.hkbu.edu.hk/v1/?page=home@[2497, 2515, 2564, 2596, 2627, 3364, 3450, 3513, 3588, 3670, 3736, 3823, 3869, 4853, 4880, 4894, 4932, 4994, 5084, 5653, 6105, 6142, 6217, 6297, 6380, 6392, 6427, 6475, 6534, 6603, 6640, 6712]@{}
http://www.comp.hkbu.edu.hk/~alumni/news/../news/../news/@[146, 578, 652, 675]@{}
http://www.comp.hkbu.edu.hk/~alumni/news/../scholarship/../news/@[146, 578, 652, 675]@{}
http://www.comp.hkbu.edu.hk/~alumni/news/../donation/../news/@[146, 578, 652, 675]@{}
http://www.comp.hkbu.edu.hk/v1/?page=job_vacancies?=tc?=tc?=tc@[2497, 2515, 2564, 2596, 2627, 3370, 3456, 3519, 3594, 3676, 3742, 3829, 3875, 4875, 4902, 4916, 4954, 5016, 5106, 5675, 6127, 6164, 6241, 6320, 6407, 6419, 6454, 6502, 6561, 6630, 6667, 6743]@{}
http://www.comp.hkbu.edu.hk/v1/?page=job_vacancies?=sc?=tc?=tc@[2497, 2515, 2564, 2596, 2627, 3370, 3456, 3519, 3594, 3676, 3742, 3829, 3875, 4859, 4886, 4900, 4938, 5000, 5090, 5659, 6111, 6148, 6229, 6302, 6392, 6404, 6439, 6487, 6546, 6615, 6652, 6712]@{}
http://www.comp.hkbu.edu.hk/v1/?page=sitemap?=tc?=tc?=tc@[2497, 2515, 2564, 2596, 2627, 3370, 3456, 3519, 3594, 3676, 3742, 3829, 3875, 4865, 4892, 4906, 4944, 5006, 5096, 5665, 6117, 6154, 6235, 6317, 6399, 6411, 6446, 6494, 6553, 6622, 6659, 6735]@{}
http://www.comp.hkbu.edu.hk/v1/?page=sitemap?=sc?=tc?=tc@[2497, 2515, 2564, 2596, 2627, 3370, 3456, 3519, 3594, 3676, 3742, 3829, 3875, 4868, 4895, 4909, 4947, 5009, 5099, 5668, 6120, 6157, 6239, 6315, 6400, 6412, 6447, 6495, 6554, 6623, 6660, 6742]@{}
http://www.comp.hkbu.edu.hk/v1/?page=home?=tc@[2497, 2515, 2564, 2596, 2627, 3366, 3452, 3515, 3590, 3672, 3738, 3825, 3871, 4863, 4890, 4904, 4942, 5004, 5094, 5663, 6115, 6152, 6228, 6310, 6396, 6408, 6443, 6491, 6550, 6619, 6656, 6733]@{}
http://www.comp.hkbu.edu.hk/~alumni/news/../news/../news/../news/@[146, 578, 652, 675]@{}
http://www.comp.hkbu.edu.hk/~alumni/news/../scholarship/../news/../news/@[146, 578, 652, 675]@{}
http://www.comp.hkbu.edu.hk/~alumni/news/../donation/../news/../news/@[146, 578, 652, 675]@{}
http://www.comp.hkbu.edu.hk/v1/?page=job_vacancies?=tc?=tc?=tc?=tc@[2497, 2515, 2564, 2596, 2627, 3372, 3458, 3521, 3596, 3678, 3744, 3831, 3877, 4876, 4903, 4917, 4955, 5017, 5107, 5676, 6128, 6165, 6244, 6321, 6404, 6416, 6451, 6499, 6558, 6627, 6664, 6730]@{}
http://www.comp.hkbu.edu.hk/v1/?page=job_vacancies?=sc?=tc?=tc?=tc@[2497, 2515, 2564, 2596, 2627, 3372, 3458, 3521, 3596, 3678, 3744, 3831, 3877, 4877, 4904, 4918, 4956, 5018, 5108, 5677, 6129, 6166, 6241, 6311, 6397, 6409, 6444, 6492, 6551, 6620, 6657, 6728]@{}
http://www.comp.hkbu.edu.hk/v1/?page=sitemap?=tc?=tc?=tc?=tc@[2497, 2515, 2564, 2596, 2627, 3372, 3458, 3521, 3596, 3678, 3744, 3831, 3877, 4865, 4892, 4906, 4944, 5006, 5096, 5665, 6117, 6154, 6233, 6309, 6398, 6410, 6445, 6493, 6552, 6621, 6658, 6728]@{}
http://www.comp.hkbu.edu.hk/v1/?page=sitemap?=sc?=tc?=tc?=tc@[2497, 2515, 2564, 2596, 2627, 3372, 3458, 3521, 3596, 3678, 3744, 3831, 3877, 4876, 4903, 4917, 4955, 5017, 5107, 5676, 6128, 6165, 6244, 6325, 6409, 6421, 6456, 6504, 6563, 6632, 6669, 6742]@{}
http://www.comp.hkbu.edu.hk/v1/?page=home?=tc?=tc@[2497, 2515, 2564, 2596, 2627, 3368, 3454, 3517, 3592, 3674, 3740, 3827, 3873, 4865, 4892, 4906, 4944, 5006, 5096, 5665, 6117, 6154, 6236, 6317, 6402, 6414, 6449, 6497, 6556, 6625, 6662, 6722]@{}
http://www.comp.hkbu.edu.hk/~alumni/news/../news/../news/../news/../news/@[146, 578, 652, 675]@{}
http://www.comp.hkbu.edu.hk/~alumni/news/../scholarship/../news/../news/../news/@[146, 578, 652, 675]@{}
http://www.comp.hkbu.edu.hk/~alumni/news/../donation/../news/../news/../news/@[146, 578, 652, 675]@{}
http://www.comp.hkbu.edu.hk/v1/?page=job_vacancies?=tc?=tc?=tc?=tc?=tc@[2497, 2515, 2564, 2596, 2627, 3374, 3460, 3523, 3598, 3680, 3746, 3833, 3879, 4879, 4906, 4920, 4958, 5020, 5110, 5679, 6131, 6168, 6245, 6321, 6406, 6418, 6453, 6501, 6560, 6629, 6666, 6735]@{}
http://www.comp.hkbu.edu.hk/v1/?page=job_vacancies?=sc?=tc?=tc?=tc?=tc@[2497, 2515, 2564, 2596, 2627, 3374, 3460, 3523, 3598, 3680, 3746, 3833, 3879, 4864, 4891, 4905, 4943, 5005, 5095, 5664, 6116, 6153, 6232, 6313, 6402, 6414, 6449, 6497, 6556, 6625, 6662, 6728]@{}
http://www.comp.hkbu.edu.hk/v1/?page=sitemap?=tc?=tc?=tc?=tc?=tc@[2497, 2515, 2564, 2596, 2627, 3374, 3460, 3523, 3598, 3680, 3746, 3833, 3879, 4872, 4899, 4913, 4951, 5013, 5103, 5672, 6124, 6161, 6234, 6315, 6402, 6414, 6449, 6497, 6556, 6625, 6662, 6742]@{}
http://www.comp.hkbu.edu.hk/v1/?page=sitemap?=sc?=tc?=tc?=tc?=tc@[2497, 2515, 2564, 2596, 2627, 3374, 3460, 3523, 3598, 3680, 3746, 3833, 3879, 4878, 4905, 4919, 4957, 5019, 5109, 5678, 6130, 6167, 6248, 6322, 6410, 6422, 6457, 6505, 6564, 6633, 6670, 6730]@{}
http://www.comp.hkbu.edu.hk/v1/?page=home?=tc?=tc?=tc@[2497, 2515, 2564, 2596, 2627, 3370, 3456, 3519, 3594, 3676, 3742, 3829, 3875, 4863, 4890, 4904, 4942, 5004, 5094, 5663, 6115, 6152, 6233, 6309, 6400, 6412, 6447, 6495, 6554, 6623, 6660, 6720]@{}
http://www.comp.hkbu.edu.hk/~alumni/news/../news/../news/../news/../news/../news/@[146, 578, 652, 675]@{}
http://www.comp.hkbu.edu.hk/~alumni/news/../scholarship/../news/../news/../news/../news/@[146, 578, 652, 675]@{}
http://www.comp.hkbu.edu.hk/~alumni/news/../donation/../news/../news/../news/../news/@[146, 578, 652, 675]@{}
http://www.comp.hkbu.edu.hk/v1/?page=job_vacancies@[2045, 2063, 2112, 2144, 2175, 2912, 2998, 3061, 3136, 3218, 3284, 3371, 3417, 4319]@{}
http://www.comp.hkbu.edu.hk/v1/?page=job_vacancies?=tc?=tc?=tc?=tc?=tc?=tc@[2497, 2515, 2564, 2596, 2627, 3376, 3462, 3525, 3600, 3682, 3748, 3835, 3881, 4867, 4894, 4908, 4946, 5008, 5098, 5667, 6119, 6156, 6237, 6314, 6400, 6412, 6447, 6495, 6554, 6623, 6660, 6720]@{}
http://www.comp.hkbu.edu.hk/v1/?page=job_vacancies?=sc?=tc?=tc?=tc?=tc?=tc@[2497, 2515, 2564, 2596, 2627, 3376, 3462, 3525, 3600, 3682, 3748, 3835, 3881, 4866, 4893, 4907, 4945, 5007, 5097, 5666, 6118, 6155, 6235, 6316, 6408, 6420, 6455, 6503, 6562, 6631, 6668, 6737]@{}
http://www.comp.hkbu.edu.hk/v1/?page=sitemap?=tc?=tc?=tc?=tc?=tc?=tc@[2497, 2515, 2564, 2596, 2627, 3376, 3462, 3525, 3600, 3682, 3748, 3835, 3881, 4870, 4897, 4911, 4949, 5011, 5101, 5670, 6122, 6159, 6238, 6310, 6397, 6409, 6444, 6492, 6551, 6620, 6657, 6729]@{}
http://www.comp.hkbu.edu.hk/v1/?page=sitemap?=sc?=tc?=tc?=tc?=tc?=tc@[2497, 2515, 2564, 2596, 2627, 3376, 3462, 3525, 3600, 3682, 3748, 3835, 3881, 4888, 4915, 4929, 4967, 5029, 5119, 5688, 6140, 6177, 6259, 6329, 6416, 6428, 6463, 6511, 6570, 6639, 6676, 6742]@{}
http://www.comp.hkbu.edu.hk/v1/?page=home?=tc?=tc?=tc?=tc@[2497, 2515, 2564, 2596, 2627, 3372, 3458, 3521, 3596, 3678, 3744, 3831, 3877, 4869, 4896, 4910, 4948, 5010, 5100, 5669, 6121, 6158, 6237, 6312, 6398, 6410, 6445, 6493, 6552, 6621, 6658, 6731]@{}
http://www.comp.hkbu.edu.hk/~alumni/news/../news/../news/../news/../news/../news/../news/@[146, 578, 652, 675]@{}
http://www.comp.hkbu.edu.hk/~alumni/news/../scholarship/../news/../news/../news/../news/../news/@[146, 578, 652, 675]@{}
http://www.comp.hkbu.edu.hk/~alumni/news/../donation/../news/../news/../news/../news/../news/@[146, 578, 652, 675]@{}
http://www.comp.hkbu.edu.hk/v1/?page=job_vacancies?=tc?=tc?=tc?=tc?=tc?=tc?=tc@[2497, 2515, 2564, 2596, 2627, 3378, 3464, 3527, 3602, 3684, 3750, 3837, 3883, 4871, 4898, 4912, 4950, 5012, 5102, 5671, 6123, 6160, 6241, 6316, 6396, 6408, 6443, 6491, 6550, 6619, 6656, 6716]@{}
http://www.comp.hkbu.edu.hk/v1/?page=job_vacancies?=sc?=tc?=tc?=tc?=tc?=tc?=tc@[2497, 2515, 2564, 2596, 2627, 3378, 3464, 3527, 3602, 3684, 3750, 3837, 3883, 4868, 4895, 4909, 4947, 5009, 5099, 5668, 6120, 6157, 6236, 6309, 6396, 6408, 6443, 6491, 6550, 6619, 6656, 6738]@{}
http://www.comp.hkbu.edu.hk/v1/?page=sitemap?=tc?=tc?=tc?=tc?=tc?=tc?=tc@[2497, 2515, 2564, 2596, 2627, 3378, 3464, 3527, 3602, 3684, 3750, 3837, 3883, 4870, 4897, 4911, 4949, 5011, 5101, 5670, 6122, 6159, 6234, 6307, 6393, 6405, 6440, 6488, 6547, 6616, 6653, 6713]@{}
http://www.comp.hkbu.edu.hk/v1/?page=sitemap?=sc?=tc?=tc?=tc?=tc?=tc?=tc@[2497, 2515, 2564, 2596, 2627, 3378, 3464, 3527, 3602, 3684, 3750, 3837, 3883, 4872, 4899, 4913, 4951, 5013, 5103, 5672, 6124, 6161, 6235, 6316, 6408, 6420, 6455, 6503, 6562, 6631, 6668, 6743]@{}
http://www.comp.hkbu.edu.hk/v1/?page=home?=tc?=tc?=tc?=tc?=tc@[2497, 2515, 2564, 2596, 2627, 3374, 3460, 3523, 3598, 3680, 3746, 3833, 3879, 4872, 4899, 4913, 4951, 5013, 5103, 5672, 6124, 6161, 6240, 6316, 6402, 6414, 6449, 6497, 6556, 6625, 6662, 6744]@{}
http://www.comp.hkbu.edu.hk/~alumni/news/../news/../news/../news/../news/../news/../news/../news/@[146, 578, 652, 675]@{}
http://www.comp.hkbu.edu.hk/~alumni/news/../scholarship/../news/../news/../news/../news/../news/../news/@[146, 578, 652, 675]@{}
http://www.comp.hkbu.edu.hk/~alumni/news/../donation/../news/../news/../news/../news/../news/../news/@[146, 578, 652, 675]@{}
http://www.comp.hkbu.edu.hk/v1/?page=job_vacancies?=tc?=tc?=tc?=tc?=tc?=tc?=tc?=tc@[2497, 2515, 2564, 2596, 2627, 3380, 3466, 3529, 3604, 3686, 3752, 3839, 3885, 4887, 4914, 4928, 4966, 5028, 5118, 5687, 6139, 6176, 6255, 6336, 6416, 6428, 6463, 6511, 6570, 6639, 6676, 6756]@{}
http://www.comp.hkbu.edu.hk/v1/?page=job_vacancies?=sc?=tc?=tc?=tc?=tc?=tc?=tc?=tc@[2497, 2515, 2564, 2596, 2627, 3380, 3466, 3529, 3604, 3686, 3752, 3839, 3885, 4871, 4898, 4912, 4950, 5012, 5102, 5671, 6123, 6160, 6241, 6323, 6412, 6424, 6459, 6507, 6566, 6635, 6672, 6738]@{}
http://www.comp.hkbu.edu.hk/v1/?page=sitemap?=tc?=tc?=tc?=tc?=tc?=tc?=tc?=tc@[2497, 2515, 2564, 2596, 2627, 3380, 3466, 3529, 3604, 3686, 3752, 3839, 3885, 4874, 4901, 4915, 4953, 5015, 5105, 5674, 6126, 6163, 6236, 6309, 6397, 6409, 6444, 6492, 6551, 6620, 6657, 6735]@{}
http://www.comp.hkbu.edu.hk/v1/?page=sitemap?=sc?=tc?=tc?=tc?=tc?=tc?=tc?=tc@[2497, 2515, 2564, 2596, 2627, 3380, 3466, 3529, 3604, 3686, 3752, 3839, 3885, 4888, 4915, 4929, 4967, 5029, 5119, 5688, 6140, 6177, 6259, 6332, 6423, 6435, 6470, 6518, 6577, 6646, 6683, 6743]@{}
http://www.comp.hkbu.edu.hk/v1/?page=sitemap@[2043, 2061, 2110, 2142, 2173, 2910, 2996, 3059, 3134, 3216, 3282, 3369, 3415, 5679]@{}
http://www.comp.hkbu.edu.hk/v1/?page=home?=tc?=tc?=tc?=tc?=tc?=tc@[2497, 2515, 2564, 2596, 2627, 3376, 3462, 3525, 3600, 3682, 3748, 3835, 3881, 4873, 4900, 4914, 4952, 5014, 5104, 5673, 6125, 6162, 6244, 6319, 6409, 6421, 6456, 6504, 6563, 6632, 6669, 6744]@{}
http://www.comp.hkbu.edu.hk/~alumni/news/../news/../news/../news/../news/../news/../news/../news/../news/@[146, 578, 652, 675]@{}
http://www.comp.hkbu.edu.hk/~alumni/news/../scholarship/../news/../news/../news/../news/../news/../news/../news/@[146, 578, 652, 675]@{}
http://www.comp.hkbu.edu.hk/~alumni/news/../donation/../news/../news/../news/../news/../news/../news/../news/@[146, 578, 652, 675]@{}
http://www.comp.hkbu.edu.hk/v1/?page=job_vacancies?=tc?=tc?=tc?=tc?=tc?=tc?=tc?=tc?=tc@[2497, 2515, 2564, 2596, 2627, 3382, 3468, 3531, 3606, 3688, 3754, 3841, 3887, 4887, 4914, 4928, 4966, 5028, 5118, 5687, 6139, 6176, 6252, 6329, 6415, 6427, 6462, 6510, 6569, 6638, 6675, 6748]@{}
http://www.comp.hkbu.edu.hk/v1/?page=job_vacancies?=sc?=tc?=tc?=tc?=tc?=tc?=tc?=tc?=tc@[2497, 2515, 2564, 2596, 2627, 3382, 3468, 3531, 3606, 3688, 3754, 3841, 3887, 4886, 4913, 4927, 4965, 5027, 5117, 5686, 6138, 6175, 6251, 6332, 6419, 6431, 6466, 6514, 6573, 6642, 6679, 6754]@{}
http://www.comp.hkbu.edu.hk/v1/?page=sitemap?=tc?=tc?=tc?=tc?=tc?=tc?=tc?=tc?=tc@[2497, 2515, 2564, 2596, 2627, 3382, 3468, 3531, 3606, 3688, 3754, 3841, 3887, 4871, 4898, 4912, 4950, 5012, 5102, 5671, 6123, 6160, 6241, 6317, 6397, 6409, 6444, 6492, 6551, 6620, 6657, 6717]@{}
http://www.comp.hkbu.edu.hk/v1/?page=sitemap?=sc?=tc?=tc?=tc?=tc?=tc?=tc?=tc?=tc@[2497, 2515, 2564, 2596, 2627, 3382, 3468, 3531, 3606, 3688, 3754, 3841, 3887, 4889, 4916, 4930, 4968, 5030, 5120, 5689, 6141, 6178, 6255, 6332, 6421, 6433, 6468, 6516, 6575, 6644, 6681, 6754]@{}
http://www.comp.hkbu.edu.hk/v1/?lang=tc@[2497, 2515, 2564, 2596, 2627, 3360, 3446, 3509, 3584, 3666, 3732, 3819, 3865, 4871, 4898, 4912, 4950, 5012, 5102, 5671, 6123, 6160, 6241, 6317, 6409, 6421, 6456, 6504, 6563, 6632, 6669, 6738]@{}
http://www.comp.hkbu.edu.hk/~alumni/news/@[146, 578, 652, 675]@{}
http://www.sci.hkbu.edu.hk/eng/page/@[2535]@{}
