http://www.comp.hkbu.edu.hk@[2115, 2121, 2484, 2538, 2569, 2601, 2691, 2703, 3925, 5179, 5188, 5367, 5390, 5414, 5440, 5463, 5567, 5592, 5702, 6844, 6952]@{}
http://www.comp.hkbu.edu.hk/v1/?page=hkbu@[68]@{}
http://www.comp.hkbu.edu.hk/v1/?page=sci@[538, 830, 991, 1417, 1435, 4258, 4269, 7949, 7974, 7990, 8013, 8032, 8047, 8289]@{}
http://www.comp.hkbu.edu.hk/v1/?page=job_vacancies?=tc@[2115, 2121, 2484, 2538, 2569, 2601, 2691, 2703, 3931, 5175, 5184, 5363, 5386, 5410, 5436, 5459, 5563, 5588, 5698, 6820, 6928]@{}
http://www.comp.hkbu.edu.hk/v1/?page=job_vacancies?=sc@[2115, 2121, 2484, 2538, 2569, 2601, 2691, 2703, 3931, 4644, 5175, 5184, 5363, 5386, 5410, 5436, 5459, 5563, 5588, 5698, 6829, 6937]@{}
http://www.comp.hkbu.edu.hk/v1/?page=sitemap?=tc@[2115, 2121, 2484, 2538, 2569, 2601, 2691, 2703, 3931, 4643, 5171, 5180, 5359, 5382, 5406, 5432, 5455, 5559, 5584, 5694, 6832, 6940]@{}
http://www.comp.hkbu.edu.hk/v1/?page=sitemap?=sc@[2115, 2121, 2484, 2538, 2569, 2601, 2691, 2703, 3931, 5170, 5179, 5358, 5381, 5405, 5431, 5454, 5558, 5583, 5693, 6847, 6955]@{}
http://www.comp.hkbu.edu.hk/v1/?lang=sc@[2115, 2121, 2484, 2538, 2569, 2601, 2691, 2703, 3925, 4638, 5166, 5175, 5354, 5377, 5401, 5427, 5450, 5554, 5579, 5689, 6813, 6921]@{}
http://www.comp.hkbu.edu.hk/~alumni/news/../news/@[437, 497, 530, 657, 685, 815, 892, 1091, 1151, 1165, 1259, 1334, 1389, 1463, 1518, 1595, 1731, 1784, 1839, 1896, 2028, 2113, 2249, 2388, 2442, 2517, 2574, 2717, 2797, 2882, 3106, 3181, 3272, 3363, 3463, 3553, 3637, 3831, 3934, 4030, 4052, 4284, 4377, 4467, 4601, 4659, 4736, 4802, 4823, 4890, 4908, 4966, 4984, 5046, 5084]@{}
http://www.comp.hkbu.edu.hk/~alumni/news/../scholarship/@[437, 497, 530, 878, 916]@{}
http://www.comp.hkbu.edu.hk/~alumni/news/../donation/@[437, 497, 530, 1368, 1406]@{}
http://www.comp.hkbu.edu.hk/v1/?page=job_vacancies?=tc?=tc@[2115, 2121, 2484, 2538, 2569, 2601, 2691, 2703, 3933, 5172, 5181, 5360, 5383, 5407, 5433, 5456, 5560, 5585, 5695, 6834, 6942]@{}
http://www.comp.hkbu.edu.hk/v1/?page=job_vacancies?=sc?=tc@[2115, 2121, 2484, 2538, 2569, 2601, 2691, 2703, 3933, 5182, 5191, 5370, 5393, 5417, 5443, 5466, 5570, 5595, 5705, 6863, 6971]@{}
http://www.comp.hkbu.edu.hk/v1/?page=sitemap?=tc?=tc@[2115, 2121, 2484, 2538, 2569, 2601, 2691, 2703, 3933, 5172, 5181, 5360, 5383, 5407, 5433, 5456, 5560, 5585, 5695, 6825, 6933]@{}
http://www.comp.hkbu.edu.hk/v1/?page=sitemap?=sc?=tc@[2115, 2121, 2484, 2538, 2569, 2601, 2691, 2703, 3933, 5186, 5195, 5374, 5397, 5421, 5447, 5470, 5574, 5599, 5709, 6852, 6960]@{}
http://www.comp.hkbu.edu.hk/v1/?page=home@[2115, 2121, 2484, 2538, 2569, 2601, 2691, 2703, 3929, 5164, 5173, 5352, 5375, 5399, 5425, 5448, 5552, 5577, 5687, 6817, 6925]@{}
http://www.comp.hkbu.edu.hk/~alumni/news/../news/../news/@[437, 497, 530, 657, 685, 815, 892, 1091, 1151, 1165, 1259, 1334, 1389, 1463, 1518, 1595, 1731, 1784, 1839, 1896, 2028, 2113, 2249, 2388, 2442, 2517, 2574, 2717, 2797, 2882, 3106, 3181, 3272, 3363, 3463, 3553, 3637, 3831, 3934, 4030, 4052, 4284, 4377, 4467, 4601, 4659, 4736, 4802, 4823, 4890, 4908, 4966, 4984, 5046, 5084]@{}
http://www.comp.hkbu.edu.hk/~alumni/news/../scholarship/../news/@[437, 497, 530, 657, 685, 815, 892, 1091, 1151, 1165, 1259, 1334, 1389, 1463, 1518, 1595, 1731, 1784, 1839, 1896, 2028, 2113, 2249, 2388, 2442, 2517, 2574, 2717, 2797, 2882, 3106, 3181, 3272, 3363, 3463, 3553, 3637, 3831, 3934, 4030, 4052, 4284, 4377, 4467, 4601, 4659, 4736, 4802, 4823, 4890, 4908, 4966, 4984, 5046, 5084]@{}
http://www.comp.hkbu.edu.hk/~alumni/news/../donation/../news/@[437, 497, 530, 657, 685, 815, 892, 1091, 1151, 1165, 1259, 1334, 1389, 1463, 1518, 1595, 1731, 1784, 1839, 1896, 2028, 2113, 2249, 2388, 2442, 2517, 2574, 2717, 2797, 2882, 3106, 3181, 3272, 3363, 3463, 3553, 3637, 3831, 3934, 4030, 4052, 4284, 4377, 4467, 4601, 4659, 4736, 4802, 4823, 4890, 4908, 4966, 4984, 5046, 5084]@{}
http://www.comp.hkbu.edu.hk/v1/?page=job_vacancies?=tc?=tc?=tc@[2115, 2121, 2484, 2538, 2569, 2601, 2691, 2703, 3935, 5186, 5195, 5374, 5397, 5421, 5447, 5470, 5574, 5599, 5709, 6860, 6968]@{}
http://www.comp.hkbu.edu.hk/v1/?page=job_vacancies?=sc?=tc?=tc@[2115, 2121, 2484, 2538, 2569, 2601, 2691, 2703, 3935, 5170, 5179, 5358, 5381, 5405, 5431, 5454, 5558, 5583, 5693, 6829, 6937]@{}
http://www.comp.hkbu.edu.hk/v1/?page=sitemap?=tc?=tc?=tc@[2115, 2121, 2484, 2538, 2569, 2601, 2691, 2703, 3935, 4648, 5176, 5185, 5364, 5387, 5411, 5437, 5460, 5564, 5589, 5699, 6857, 6965]@{}
http://www.comp.hkbu.edu.hk/v1/?page=sitemap?=sc?=tc?=tc@[2115, 2121, 2484, 2538, 2569, 2601, 2691, 2703, 3935, 4648, 5179, 5188, 5367, 5390, 5414, 5440, 5463, 5567, 5592, 5702, 6860, 6968]@{}
http://www.comp.hkbu.edu.hk/v1/?page=home?=tc@[2115, 2121, 2484, 2538, 2569, 2601, 2691, 2703, 3931, 4643, 5174, 5183, 5362, 5385, 5409, 5435, 5458, 5562, 5587, 5697, 6845, 6953]@{}
http://www.comp.hkbu.edu.hk/~alumni/news/../news/../news/../news/@[437, 497, 530, 657, 685, 815, 892, 1091, 1151, 1165, 1259, 1334, 1389, 1463, 1518, 1595, 1731, 1784, 1839, 1896, 2028, 2113, 2249, 2388, 2442, 2517, 2574, 2717, 2797, 2882, 3106, 3181, 3272, 3363, 3463, 3553, 3637, 3831, 3934, 4030, 4052, 4284, 4377, 4467, 4601, 4659, 4736, 4802, 4823, 4890, 4908, 4966, 4984, 5046, 5084]@{}
http://www.comp.hkbu.edu.hk/~alumni/news/../scholarship/../news/../news/@[437, 497, 530, 657, 685, 815, 892, 1091, 1151, 1165, 1259, 1334, 1389, 1463, 1518, 1595, 1731, 1784, 1839, 1896, 2028, 2113, 2249, 2388, 2442, 2517, 2574, 2717, 2797, 2882, 3106, 3181, 3272, 3363, 3463, 3553, 3637, 3831, 3934, 4030, 4052, 4284, 4377, 4467, 4601, 4659, 4736, 4802, 4823, 4890, 4908, 4966, 4984, 5046, 5084]@{}
http://www.comp.hkbu.edu.hk/~alumni/news/../donation/../news/../news/@[437, 497, 530, 657, 685, 815, 892, 1091, 1151, 1165, 1259, 1334, 1389, 1463, 1518, 1595, 1731, 1784, 1839, 1896, 2028, 2113, 2249, 2388, 2442, 2517, 2574, 2717, 2797, 2882, 3106, 3181, 3272, 3363, 3463, 3553, 3637, 3831, 3934, 4030, 4052, 4284, 4377, 4467, 4601, 4659, 4736, 4802, 4823, 4890, 4908, 4966, 4984, 5046, 5084]@{}
http://www.comp.hkbu.edu.hk/v1/?page=job_vacancies?=tc?=tc?=tc?=tc@[2115, 2121, 2484, 2538, 2569, 2601, 2691, 2703, 3937, 5187, 5196, 5375, 5398, 5422, 5448, 5471, 5575, 5600, 5710, 6840, 6948]@{}
http://www.comp.hkbu.edu.hk/v1/?page=job_vacancies?=sc?=tc?=tc?=tc@[2115, 2121, 2484, 2538, 2569, 2601, 2691, 2703, 3937, 5188, 5197, 5376, 5399, 5423, 5449, 5472, 5576, 5601, 5711, 6828, 6936]@{}
http://www.comp.hkbu.edu.hk/v1/?page=sitemap?=tc?=tc?=tc?=tc@[2115, 2121, 2484, 2538, 2569, 2601, 2691, 2703, 3937, 4649, 5176, 5185, 5364, 5387, 5411, 5437, 5460, 5564, 5589, 5699, 6846, 6954]@{}
http://www.comp.hkbu.edu.hk/v1/?page=sitemap?=sc?=tc?=tc?=tc@[2115, 2121, 2484, 2538, 2569, 2601, 2691, 2703, 3937, 5187, 5196, 5375, 5398, 5422, 5448, 5471, 5575, 5600, 5710, 6854, 6962]@{}
http://www.comp.hkbu.edu.hk/v1/?page=home?=tc?=tc@[2115, 2121, 2484, 2538, 2569, 2601, 2691, 2703, 3933, 4645, 5176, 5185, 5364, 5387, 5411, 5437, 5460, 5564, 5589, 5699, 6828, 6936]@{}
http://www.comp.hkbu.edu.hk/~alumni/news/../news/../news/../news/../news/@[437, 497, 530, 657, 685, 815, 892, 1091, 1151, 1165, 1259, 1334, 1389, 1463, 1518, 1595, 1731, 1784, 1839, 1896, 2028, 2113, 2249, 2388, 2442, 2517, 2574, 2717, 2797, 2882, 3106, 3181, 3272, 3363, 3463, 3553, 3637, 3831, 3934, 4030, 4052, 4284, 4377, 4467, 4601, 4659, 4736, 4802, 4823, 4890, 4908, 4966, 4984, 5046, 5084]@{}
http://www.comp.hkbu.edu.hk/v1/?page=alumni@[181]@{}
http://www.comp.hkbu.edu.hk/~alumni/news/../scholarship/../news/../news/../news/@[437, 497, 530, 657, 685, 815, 892, 1091, 1151, 1165, 1259, 1334, 1389, 1463, 1518, 1595, 1731, 1784, 1839, 1896, 2028, 2113, 2249, 2388, 2442, 2517, 2574, 2717, 2797, 2882, 3106, 3181, 3272, 3363, 3463, 3553, 3637, 3831, 3934, 4030, 4052, 4284, 4377, 4467, 4601, 4659, 4736, 4802, 4823, 4890, 4908, 4966, 4984, 5046, 5084]@{}
http://www.comp.hkbu.edu.hk/~alumni/news/../donation/../news/../news/../news/@[437, 497, 530, 657, 685, 815, 892, 1091, 1151, 1165, 1259, 1334, 1389, 1463, 1518, 1595, 1731, 1784, 1839, 1896, 2028, 2113, 2249, 2388, 2442, 2517, 2574, 2717, 2797, 2882, 3106, 3181, 3272, 3363, 3463, 3553, 3637, 3831, 3934, 4030, 4052, 4284, 4377, 4467, 4601, 4659, 4736, 4802, 4823, 4890, 4908, 4966, 4984, 5046, 5084]@{}
http://www.comp.hkbu.edu.hk/v1/?page=job_vacancies?=tc?=tc?=tc?=tc?=tc@[2115, 2121, 2484, 2538, 2569, 2601, 2691, 2703, 3939, 5190, 5199, 5378, 5401, 5425, 5451, 5474, 5578, 5603, 5713, 6835, 6943]@{}
http://www.comp.hkbu.edu.hk/v1/?page=job_vacancies?=sc?=tc?=tc?=tc?=tc@[2115, 2121, 2484, 2538, 2569, 2601, 2691, 2703, 3939, 5175, 5184, 5363, 5386, 5410, 5436, 5459, 5563, 5588, 5698, 6837, 6945]@{}
http://www.comp.hkbu.edu.hk/v1/?page=sitemap?=tc?=tc?=tc?=tc?=tc@[2115, 2121, 2484, 2538, 2569, 2601, 2691, 2703, 3939, 5183, 5192, 5371, 5394, 5418, 5444, 5467, 5571, 5596, 5706, 6857, 6965]@{}
http://www.comp.hkbu.edu.hk/v1/?page=sitemap?=sc?=tc?=tc?=tc?=tc@[2115, 2121, 2484, 2538, 2569, 2601, 2691, 2703, 3939, 5189, 5198, 5377, 5400, 5424, 5450, 5473, 5577, 5602, 5712, 6842, 6950]@{}
http://www.comp.hkbu.edu.hk/v1/?page=home?=tc?=tc?=tc@[2115, 2121, 2484, 2538, 2569, 2601, 2691, 2703, 3935, 5174, 5183, 5362, 5385, 5409, 5435, 5458, 5562, 5587, 5697, 6842, 6950]@{}
http://www.comp.hkbu.edu.hk/~alumni/news/../news/../news/../news/../news/../news/@[437, 497, 530, 657, 685, 815, 892, 1091, 1151, 1165, 1259, 1334, 1389, 1463, 1518, 1595, 1731, 1784, 1839, 1896, 2028, 2113, 2249, 2388, 2442, 2517, 2574, 2717, 2797, 2882, 3106, 3181, 3272, 3363, 3463, 3553, 3637, 3831, 3934, 4030, 4052, 4284, 4377, 4467, 4601, 4659, 4736, 4802, 4823, 4890, 4908, 4966, 4984, 5046, 5084]@{}
http://www.comp.hkbu.edu.hk/~alumni/news/../scholarship/../news/../news/../news/../news/@[437, 497, 530, 657, 685, 815, 892, 1091, 1151, 1165, 1259, 1334, 1389, 1463, 1518, 1595, 1731, 1784, 1839, 1896, 2028, 2113, 2249, 2388, 2442, 2517, 2574, 2717, 2797, 2882, 3106, 3181, 3272, 3363, 3463, 3553, 3637, 3831, 3934, 4030, 4052, 4284, 4377, 4467, 4601, 4659, 4736, 4802, 4823, 4890, 4908, 4966, 4984, 5046, 5084]@{}
http://www.comp.hkbu.edu.hk/~alumni/news/../donation/../news/../news/../news/../news/@[437, 497, 530, 657, 685, 815, 892, 1091, 1151, 1165, 1259, 1334, 1389, 1463, 1518, 1595, 1731, 1784, 1839, 1896, 2028, 2113, 2249, 2388, 2442, 2517, 2574, 2717, 2797, 2882, 3106, 3181, 3272, 3363, 3463, 3553, 3637, 3831, 3934, 4030, 4052, 4284, 4377, 4467, 4601, 4659, 4736, 4802, 4823, 4890, 4908, 4966, 4984, 5046, 5084]@{}
http://www.comp.hkbu.edu.hk/v1/?page=job_vacancies@[1663, 1669, 2032, 2086, 2117, 2149, 2239, 2251, 3477, 4355, 4463]@{}
http://www.comp.hkbu.edu.hk/v1/?page=job_vacancies?=tc?=tc?=tc?=tc?=tc?=tc@[2115, 2121, 2484, 2538, 2569, 2601, 2691, 2703, 3941, 5178, 5187, 5366, 5389, 5413, 5439, 5462, 5566, 5591, 5701, 6832, 6940]@{}
http://www.comp.hkbu.edu.hk/v1/?page=job_vacancies?=sc?=tc?=tc?=tc?=tc?=tc@[2115, 2121, 2484, 2538, 2569, 2601, 2691, 2703, 3941, 5177, 5186, 5365, 5388, 5412, 5438, 5461, 5565, 5590, 5700, 6859, 6967]@{}
http://www.comp.hkbu.edu.hk/v1/?page=sitemap?=tc?=tc?=tc?=tc?=tc?=tc@[2115, 2121, 2484, 2538, 2569, 2601, 2691, 2703, 3941, 4653, 5181, 5190, 5369, 5392, 5416, 5442, 5465, 5569, 5594, 5704, 6849, 6957]@{}
http://www.comp.hkbu.edu.hk/v1/?page=sitemap?=sc?=tc?=tc?=tc?=tc?=tc@[2115, 2121, 2484, 2538, 2569, 2601, 2691, 2703, 3941, 5199, 5208, 5387, 5410, 5434, 5460, 5483, 5587, 5612, 5722, 6859, 6967]@{}
http://www.comp.hkbu.edu.hk/v1/?page=home?=tc?=tc?=tc?=tc@[2115, 2121, 2484, 2538, 2569, 2601, 2691, 2703, 3937, 4650, 5180, 5189, 5368, 5391, 5415, 5441, 5464, 5568, 5593, 5703, 6843, 6951]@{}
http://www.comp.hkbu.edu.hk/~alumni/news/../news/../news/../news/../news/../news/../news/@[437, 497, 530, 657, 685, 815, 892, 1091, 1151, 1165, 1259, 1334, 1389, 1463, 1518, 1595, 1731, 1784, 1839, 1896, 2028, 2113, 2249, 2388, 2442, 2517, 2574, 2717, 2797, 2882, 3106, 3181, 3272, 3363, 3463, 3553, 3637, 3831, 3934, 4030, 4052, 4284, 4377, 4467, 4601, 4659, 4736, 4802, 4823, 4890, 4908, 4966, 4984, 5046, 5084]@{}
http://www.comp.hkbu.edu.hk/~alumni/news/../scholarship/../news/../news/../news/../news/../news/@[437, 497, 530, 657, 685, 815, 892, 1091, 1151, 1165, 1259, 1334, 1389, 1463, 1518, 1595, 1731, 1784, 1839, 1896, 2028, 2113, 2249, 2388, 2442, 2517, 2574, 2717, 2797, 2882, 3106, 3181, 3272, 3363, 3463, 3553, 3637, 3831, 3934, 4030, 4052, 4284, 4377, 4467, 4601, 4659, 4736, 4802, 4823, 4890, 4908, 4966, 4984, 5046, 5084]@{}
http://www.comp.hkbu.edu.hk/~alumni/news/../donation/../news/../news/../news/../news/../news/@[437, 497, 530, 657, 685, 815, 892, 1091, 1151, 1165, 1259, 1334, 1389, 1463, 1518, 1595, 1731, 1784, 1839, 1896, 2028, 2113, 2249, 2388, 2442, 2517, 2574, 2717, 2797, 2882, 3106, 3181, 3272, 3363, 3463, 3553, 3637, 3831, 3934, 4030, 4052, 4284, 4377, 4467, 4601, 4659, 4736, 4802, 4823, 4890, 4908, 4966, 4984, 5046, 5084]@{}
http://www.comp.hkbu.edu.hk/v1/?page=job_vacancies?=tc?=tc?=tc?=tc?=tc?=tc?=tc@[2115, 2121, 2484, 2538, 2569, 2601, 2691, 2703, 3943, 5182, 5191, 5370, 5393, 5417, 5443, 5466, 5570, 5595, 5705, 6831, 6939]@{}
http://www.comp.hkbu.edu.hk/v1/?page=job_vacancies?=sc?=tc?=tc?=tc?=tc?=tc?=tc@[2115, 2121, 2484, 2538, 2569, 2601, 2691, 2703, 3943, 5179, 5188, 5367, 5390, 5414, 5440, 5463, 5567, 5592, 5702, 6851, 6959]@{}
http://www.comp.hkbu.edu.hk/v1/?page=sitemap?=tc?=tc?=tc?=tc?=tc?=tc?=tc@[2115, 2121, 2484, 2538, 2569, 2601, 2691, 2703, 3943, 5181, 5190, 5369, 5392, 5416, 5442, 5465, 5569, 5594, 5704, 6831, 6939]@{}
http://www.comp.hkbu.edu.hk/v1/?page=sitemap?=sc?=tc?=tc?=tc?=tc?=tc?=tc@[2115, 2121, 2484, 2538, 2569, 2601, 2691, 2703, 3943, 4655, 5183, 5192, 5371, 5394, 5418, 5444, 5467, 5571, 5596, 5706, 6852, 6960]@{}
http://www.comp.hkbu.edu.hk/v1/?page=home?=tc?=tc?=tc?=tc?=tc@[2115, 2121, 2484, 2538, 2569, 2601, 2691, 2703, 3939, 5183, 5192, 5371, 5394, 5418, 5444, 5467, 5571, 5596, 5706, 6856, 6964]@{}
http://www.comp.hkbu.edu.hk/~alumni/news/../news/../news/../news/../news/../news/../news/../news/@[437, 497, 530, 657, 685, 815, 892, 1091, 1151, 1165, 1259, 1334, 1389, 1463, 1518, 1595, 1731, 1784, 1839, 1896, 2028, 2113, 2249, 2388, 2442, 2517, 2574, 2717, 2797, 2882, 3106, 3181, 3272, 3363, 3463, 3553, 3637, 3831, 3934, 4030, 4052, 4284, 4377, 4467, 4601, 4659, 4736, 4802, 4823, 4890, 4908, 4966, 4984, 5046, 5084]@{}
http://www.comp.hkbu.edu.hk/~alumni/news/../scholarship/../news/../news/../news/../news/../news/../news/@[437, 497, 530, 657, 685, 815, 892, 1091, 1151, 1165, 1259, 1334, 1389, 1463, 1518, 1595, 1731, 1784, 1839, 1896, 2028, 2113, 2249, 2388, 2442, 2517, 2574, 2717, 2797, 2882, 3106, 3181, 3272, 3363, 3463, 3553, 3637, 3831, 3934, 4030, 4052, 4284, 4377, 4467, 4601, 4659, 4736, 4802, 4823, 4890, 4908, 4966, 4984, 5046, 5084]@{}
http://www.comp.hkbu.edu.hk/~alumni/news/../donation/../news/../news/../news/../news/../news/../news/@[437, 497, 530, 657, 685, 815, 892, 1091, 1151, 1165, 1259, 1334, 1389, 1463, 1518, 1595, 1731, 1784, 1839, 1896, 2028, 2113, 2249, 2388, 2442, 2517, 2574, 2717, 2797, 2882, 3106, 3181, 3272, 3363, 3463, 3553, 3637, 3831, 3934, 4030, 4052, 4284, 4377, 4467, 4601, 4659, 4736, 4802, 4823, 4890, 4908, 4966, 4984, 5046, 5084]@{}
http://www.comp.hkbu.edu.hk/v1/?page=job_vacancies?=tc?=tc?=tc?=tc?=tc?=tc?=tc?=tc@[2115, 2121, 2484, 2538, 2569, 2601, 2691, 2703, 3945, 5198, 5207, 5386, 5409, 5433, 5459, 5482, 5586, 5611, 5721, 6874, 6982]@{}
http://www.comp.hkbu.edu.hk/v1/?page=job_vacancies?=sc?=tc?=tc?=tc?=tc?=tc?=tc?=tc@[2115, 2121, 2484, 2538, 2569, 2601, 2691, 2703, 3945, 5182, 5191, 5370, 5393, 5417, 5443, 5466, 5570, 5595, 5705, 6853, 6961]@{}
http://www.comp.hkbu.edu.hk/v1/?page=sitemap?=tc?=tc?=tc?=tc?=tc?=tc?=tc?=tc@[2115, 2121, 2484, 2538, 2569, 2601, 2691, 2703, 3945, 5185, 5194, 5373, 5396, 5420, 5446, 5469, 5573, 5598, 5708, 6844, 6952]@{}
http://www.comp.hkbu.edu.hk/v1/?page=sitemap?=sc?=tc?=tc?=tc?=tc?=tc?=tc?=tc@[2115, 2121, 2484, 2538, 2569, 2601, 2691, 2703, 3945, 5199, 5208, 5387, 5410, 5434, 5460, 5483, 5587, 5612, 5722, 6852, 6960]@{}
http://www.comp.hkbu.edu.hk/v1/?page=sitemap@[1661, 1667, 2030, 2084, 2115, 2147, 2237, 2249, 3475, 5715, 5823]@{}
http://www.comp.hkbu.edu.hk/v1/?page=home?=tc?=tc?=tc?=tc?=tc?=tc@[2115, 2121, 2484, 2538, 2569, 2601, 2691, 2703, 3941, 4653, 5184, 5193, 5372, 5395, 5419, 5445, 5468, 5572, 5597, 5707, 6852, 6960]@{}
http://www.comp.hkbu.edu.hk/~alumni/news/../news/../news/../news/../news/../news/../news/../news/../news/@[437, 497, 530, 657, 685, 815, 892, 1091, 1151, 1165, 1259, 1334, 1389, 1463, 1518, 1595, 1731, 1784, 1839, 1896, 2028, 2113, 2249, 2388, 2442, 2517, 2574, 2717, 2797, 2882, 3106, 3181, 3272, 3363, 3463, 3553, 3637, 3831, 3934, 4030, 4052, 4284, 4377, 4467, 4601, 4659, 4736, 4802, 4823, 4890, 4908, 4966, 4984, 5046, 5084]@{}
http://www.comp.hkbu.edu.hk/~alumni/news/../scholarship/../news/../news/../news/../news/../news/../news/../news/@[437, 497, 530, 657, 685, 815, 892, 1091, 1151, 1165, 1259, 1334, 1389, 1463, 1518, 1595, 1731, 1784, 1839, 1896, 2028, 2113, 2249, 2388, 2442, 2517, 2574, 2717, 2797, 2882, 3106, 3181, 3272, 3363, 3463, 3553, 3637, 3831, 3934, 4030, 4052, 4284, 4377, 4467, 4601, 4659, 4736, 4802, 4823, 4890, 4908, 4966, 4984, 5046, 5084]@{}
http://www.comp.hkbu.edu.hk/~alumni/news/../donation/../news/../news/../news/../news/../news/../news/../news/@[437, 497, 530, 657, 685, 815, 892, 1091, 1151, 1165, 1259, 1334, 1389, 1463, 1518, 1595, 1731, 1784, 1839, 1896, 2028, 2113, 2249, 2388, 2442, 2517, 2574, 2717, 2797, 2882, 3106, 3181, 3272, 3363, 3463, 3553, 3637, 3831, 3934, 4030, 4052, 4284, 4377, 4467, 4601, 4659, 4736, 4802, 4823, 4890, 4908, 4966, 4984, 5046, 5084]@{}
http://www.comp.hkbu.edu.hk/v1/?page=job_vacancies?=tc?=tc?=tc?=tc?=tc?=tc?=tc?=tc?=tc@[2115, 2121, 2484, 2538, 2569, 2601, 2691, 2703, 3947, 5198, 5207, 5386, 5409, 5433, 5459, 5482, 5586, 5611, 5721, 6848, 6956]@{}
http://www.comp.hkbu.edu.hk/v1/?page=job_vacancies?=sc?=tc?=tc?=tc?=tc?=tc?=tc?=tc?=tc@[2115, 2121, 2484, 2538, 2569, 2601, 2691, 2703, 3947, 5197, 5206, 5385, 5408, 5432, 5458, 5481, 5585, 5610, 5720, 6860, 6968]@{}
http://www.comp.hkbu.edu.hk/v1/?page=sitemap?=tc?=tc?=tc?=tc?=tc?=tc?=tc?=tc?=tc@[2115, 2121, 2484, 2538, 2569, 2601, 2691, 2703, 3947, 5182, 5191, 5370, 5393, 5417, 5443, 5466, 5570, 5595, 5705, 6828, 6936]@{}
http://www.comp.hkbu.edu.hk/v1/?page=sitemap?=sc?=tc?=tc?=tc?=tc?=tc?=tc?=tc?=tc@[2115, 2121, 2484, 2538, 2569, 2601, 2691, 2703, 3947, 5200, 5209, 5388, 5411, 5435, 5461, 5484, 5588, 5613, 5723, 6854, 6962]@{}
http://www.comp.hkbu.edu.hk/v1/?lang=tc@[2115, 2121, 2484, 2538, 2569, 2601, 2691, 2703, 3925, 5182, 5191, 5370, 5393, 5417, 5443, 5466, 5570, 5595, 5705, 6856, 6964]@{}
http://www.comp.hkbu.edu.hk/~alumni/news/@[437, 497, 530, 657, 685, 815, 892, 1091, 1151, 1165, 1259, 1334, 1389, 1463, 1518, 1595, 1731, 1784, 1839, 1896, 2028, 2113, 2249, 2388, 2442, 2517, 2574, 2717, 2797, 2882, 3106, 3181, 3272, 3363, 3463, 3553, 3637, 3831, 3934, 4030, 4052, 4284, 4377, 4467, 4601, 4659, 4736, 4802, 4823, 4890, 4908, 4966, 4984, 5046, 5084]@{}
http://www.sci.hkbu.edu.hk/eng/page/?page=prospective-students@[538, 830, 991, 1417, 1435, 2506, 2872, 2926, 2994, 3494, 3519, 3535, 3558, 3577, 3592, 3834]@{}
http://www.sci.hkbu.edu.hk/eng/page/?page=current-students@[538, 830, 991, 1417, 1435, 3150, 3175, 3191, 3214, 3233, 3248, 3490]@{}
http://www.sci.hkbu.edu.hk/eng/page/@[538, 830, 991, 1417, 1435, 3253, 3278, 3294, 3317, 3336, 3351, 3593]@{}
http://www.sci.hkbu.edu.hk/eng/about-us/honorary-doctorate@[538, 830, 991, 1417, 1435, 2686, 2750, 2830, 2909, 2990, 3069, 3149, 3228, 3307, 3784, 3809, 3825, 3848, 3867, 3882, 4124]@{}
http://www.sci.hkbu.edu.hk/eng/about-us/distinguished-professorship/eng/page/?page=prospective-students@[538, 830, 991, 1417, 1435, 4258, 4269, 7949, 7974, 7990, 8013, 8032, 8047, 8289]@{}
http://www.sci.hkbu.edu.hk/eng/about-us/honorary-doctorate/eng/page/?page=prospective-students@[538, 830, 991, 1417, 1435, 4258, 4269, 7949, 7974, 7990, 8013, 8032, 8047, 8289]@{}
http://www.sci.hkbu.edu.hk/eng/about-us/distinguished-professor-of-science@[538, 830, 991, 1417, 1435, 3600, 3625, 3641, 3664, 3683, 3698, 3940]@{}
http://www.sci.hkbu.edu.hk/eng/about-us/dr-kennedy-wong-distinguished-visiting-professorship-scheme@[538, 830, 991, 1417, 1435, 3269, 3294, 3310, 3333, 3352, 3367, 3609]@{}
http://www.sci.hkbu.edu.hk/eng/about-us/distinguished-professor-of-science/eng/page/?page=prospective-students@[538, 830, 991, 1417, 1435, 4258, 4269, 7949, 7974, 7990, 8013, 8032, 8047, 8289]@{}
http://www.sci.hkbu.edu.hk/eng/about-us/dr-kennedy-wong-distinguished-visiting-professorship-scheme/eng/page/?page=prospective-students@[538, 830, 991, 1417, 1435, 4258, 4269, 7949, 7974, 7990, 8013, 8032, 8047, 8289]@{}
http://www.sci.hkbu.edu.hk/eng/page/eng/about-us/vision-mission@[538, 830, 991, 1417, 1435, 4258, 4269, 7949, 7974, 7990, 8013, 8032, 8047, 8289]@{}
http://www.sci.hkbu.edu.hk/eng/page/eng/about-us/faculty-advisory-committee@[538, 830, 991, 1417, 1435, 4258, 4269, 7949, 7974, 7990, 8013, 8032, 8047, 8289]@{}
http://www.sci.hkbu.edu.hk/eng@[538, 830, 991, 1417, 1435, 4258, 4269, 7949, 7974, 7990, 8013, 8032, 8047, 8289]@{}
http://www.sci.hkbu.edu.hk/eng/about-us/vision-mission@[538, 830, 991, 1417, 1435, 3173, 3198, 3214, 3237, 3256, 3271, 3513]@{}
http://www.sci.hkbu.edu.hk/eng/about-us/faculty-advisory-committee@[538, 830, 991, 1417, 1435, 3927, 3952, 3968, 3991, 4010, 4025, 4267]@{}
http://www.sci.hkbu.edu.hk/eng/about-us/vision-mission/eng/page/?page=prospective-students@[538, 830, 991, 1417, 1435, 4258, 4269, 7949, 7974, 7990, 8013, 8032, 8047, 8289]@{}
http://www.sci.hkbu.edu.hk/eng/about-us/faculty-advisory-committee/eng/page/?page=prospective-students@[538, 830, 991, 1417, 1435, 4258, 4269, 7949, 7974, 7990, 8013, 8032, 8047, 8289]@{}
http://www.sci.hkbu.edu.hk/eng/about-us/distinguished-professorship@[538, 830, 991, 1417, 1435, 2818, 2843, 2859, 2882, 2901, 2916, 3158]@{}
