https://www.comp.hkbu.edu.hk/v1/?page=whats_new@[351, 366, 1082, 1408, 1905, 1950, 1958, 2012, 2062, 2090, 2157]@[351, 366, 1082, 1408, 1905, 1950, 1958, 2012, 2062, 2090, 2157]
https://www.hkbu.edu.hk/eng/about/privacy.jsp@[1594]@[1594]
https://www.comp.hkbu.edu.hk/v1/?page=funded_projects@[1933, 1950, 1963, 1979, 1995, 2012, 2044]@[1933, 1950, 1963, 1979, 1995, 2012, 2044]
https://aao.hkbu.edu.hk/en/home/index.php@[107]@[107]
https://www.comp.hkbu.edu.hk/v1/?page=news@[351, 366, 1082, 1408, 1905, 1950, 1958, 2012, 2062, 2090, 2157]@[351, 366, 1082, 1408, 1905, 1950, 1958, 2012, 2062, 2090, 2157]
https://www.comp.hkbu.edu.hk/v1/?page=events@[633, 853, 1139, 1376, 1756, 1921, 2478, 2825, 2933, 3036, 3184, 3408, 3677, 4251, 4300, 4305, 4946, 5460, 5469, 5475, 5479, 5484, 6154, 6330, 7484, 7640, 7646, 7747]@[633, 853, 1139, 1376, 1756, 1921, 2478, 2825, 2933, 3036, 3184, 3408, 3677, 4251, 4300, 4305, 4946, 5460, 5469, 5475, 5479, 5484, 6154, 6330, 7484, 7640, 7646, 7747]
https://pers.hkbu.edu.hk/job@[259]@[259]
https://www.comp.hkbu.edu.hk/v1/?pid=77@[394, 921]@[394, 921]
https://www.comp.hkbu.edu.hk/v1/?page=career_wt@[185]@[185]
https://www.hkorc.org/?page_id=118@[36]@[36]
https://www.hkorc.org/?page_id=118?=TW@[36]@[36]
