https://www.comp.hkbu.edu.hk/v1/?page=whats_new@[378, 885, 1378, 3223]@[378, 885, 1378, 3223]
https://www.comp.hkbu.edu.hk/v1/?pid=32@[215]@[215]
https://www.comp.hkbu.edu.hk/v1/?page=news@[378, 885, 1378, 3223]@[378, 885, 1378, 3223]
https://www.comp.hkbu.edu.hk/v1/?page=events@[209, 219, 363, 615, 1151, 2167, 2295, 2364, 3129, 3139, 3512, 4071, 4211, 4637, 4831, 5291, 5298, 5438, 5449, 5495, 5875, 6063, 6701, 6854, 7617, 8013]@[209, 219, 363, 615, 1151, 2167, 2295, 2364, 3129, 3139, 3512, 4071, 4211, 4637, 4831, 5291, 5298, 5438, 5449, 5495, 5875, 6063, 6701, 6854, 7617, 8013]
https://www.comp.hkbu.edu.hk/v1/?page=career_wt@[134, 199, 204]@[134, 199, 204]
https://www.comp.hkbu.edu.hk/v1/?page=conferences@[215]@[215]
https://www.comp.hkbu.edu.hk/v1/?file=355@[160, 384, 437, 588, 633, 660, 664, 722, 763, 926, 988, 1113, 1117, 1328, 1384, 1402, 1410, 1427, 1433, 1440, 1500, 1597, 1607, 1672, 1707, 1750, 1764, 1906, 1942, 1991, 2197, 2230, 2236, 2359, 2371, 2440, 2557, 2589, 2677, 2712, 2775, 2827, 2879, 2926, 2967, 3084, 3094, 3097, 3109, 3172, 3243, 3483, 3495, 3514, 3540, 3546, 3579, 3582, 3679, 3965, 4059, 4081, 4179, 4209, 4319, 4347, 4352, 4382, 4449, 4527, 4680, 4685, 5252, 5544, 5865, 5891, 5906, 6096, 6112, 6145, 6151, 6237, 6288, 6513, 6551, 6590, 6863, 7033, 7139, 7154, 7169, 7281, 7346, 7374, 7395, 7478, 7508, 7653, 7666, 7689, 7712, 7735, 7758, 7781, 7804, 7827, 7850, 7873, 7896, 9420]@[]
https://www.comp.hkbu.edu.hk/v1/?file=1431@[1088, 1183, 1239, 1252, 1289, 1375, 1405, 1408, 1500, 1773, 2062, 2123, 2163, 2362, 2761, 3086, 3095, 3268, 3270, 3540, 3862, 4050, 4185, 4367, 4381, 4406, 4428, 4549, 4611, 4614, 4739, 4744, 4758, 4773, 4925, 4957, 4979, 5006, 5045, 5156, 5211, 5303]@[]
https://policies.google.com/privacy@[5003, 5085]@[5003, 5085]
https://www.hkstp.org/en@[587]@[587]
https://www.hkstp.org@[587]@[587]
https://www.hkstp.org/en/about-us/who-we-are@[537]@[537]
https://www.hkstp.org/about-us/who-we-are@[537]@[537]
https://news.google.com/?tab=wn@[1144, 1512, 1845]@[1144, 1512, 1845]
https://accounts.google.com/SignUp?continue=https%3A%2F%2Fmyaccount.google.com%2Fgeneral-light@[18]@[18]
https://news.google.com/?tab=nn@[946, 1671, 1981]@[946, 1671, 1981]
https://play.google.com/store/apps/details?id=com.google.android.googlequicksearchbox@[485]@[485]
