http://www.comp.hkbu.edu.hk@[182]@[182]
https://www.comp.hkbu.edu.hk/v1/?page=sitemap@[182, 244]@[182, 244]
https://www.comp.hkbu.edu.hk/v1/?page=home@[168, 186]@[168, 186]
https://www.comp.hkbu.edu.hk/v1/?page=prospective_students@[117, 137]@[117, 137]
https://www.comp.hkbu.edu.hk/v1/?page=head@[191, 482]@[191, 482]
https://www.comp.hkbu.edu.hk/v1/?page=whats_new@[708, 1417, 1431, 1762, 2770, 3811, 4107, 4154]@[708, 1417, 1431, 1762, 2770, 3811, 4107, 4154]
https://iss.hkbu.edu.hk/buam/buam2/reset_pwd_alumni/verify_acct.seam@[67]@[67]
https://aao.hkbu.edu.hk/en/contact/index.php@[94, 107]@[94, 107]
https://www.comp.hkbu.edu.hk/v1/?page=research_areas@[146]@[146]
https://www.comp.hkbu.edu.hk/v1/?page=centres@[148, 169, 276]@[148, 169, 276]
https://www.comp.hkbu.edu.hk/v1/?page=funded_projects@[169, 264, 402, 465, 507, 767, 880, 1019, 1101, 1130, 1218, 1256, 1465, 1515, 1532, 1547, 1596, 1632, 1703, 1846, 1921, 2001, 2146, 2256, 2363, 2453, 2515, 2532, 2583, 2737, 2785, 2965, 3003, 3153, 3191, 3262, 3469, 3564, 3585, 3682, 3816, 3842, 3885]@[169, 264, 402, 465, 507, 767, 880, 1019, 1101, 1130, 1218, 1256, 1465, 1515, 1532, 1547, 1596, 1632, 1703, 1846, 1921, 2001, 2146, 2256, 2363, 2453, 2515, 2532, 2583, 2737, 2785, 2965, 3003, 3153, 3191, 3262, 3469, 3564, 3585, 3682, 3816, 3842, 3885]
https://www.comp.hkbu.edu.hk/v1/?page=technical_reports@[132]@[132]
https://www.hkbu.edu.hk@[50]@[]
https://www.hkbu.edu.hk/eng/about/privacy.jsp@[50]@[]
https://www.comp.hkbu.edu.hk/v1/?page=4_prospective_stud_ug_prog@[132]@[132]
https://www.comp.hkbu.edu.hk/v1/?page=4_prospective_stud_ug_prog_nj@[128]@[128]
https://www.comp.hkbu.edu.hk/v1/?page=mscais@[8]@[8]
https://www.comp.hkbu.edu.hk/v1/?pid=273@[8]@[8]
https://www.comp.hkbu.edu.hk/v1/?pid=128@[141, 159, 175]@[141, 159, 175]
https://www.comp.hkbu.edu.hk/v1/?page=facilities_teaching@[122, 171, 324, 332]@[122, 171, 324, 332]
https://www.comp.hkbu.edu.hk/v1/?page=facilities_research@[172]@[172]
https://www.comp.hkbu.edu.hk/msc@[14]@[]
https://www.comp.hkbu.edu.hk/v1/?page=news@[708, 1417, 1431, 1762, 2770, 3811, 4107, 4154]@[708, 1417, 1431, 1762, 2770, 3811, 4107, 4154]
https://www.comp.hkbu.edu.hk/v1/?page=events@[482, 542, 692, 816, 1784, 1788, 2126, 2151, 2287, 2298, 2644, 2897, 2987, 3381, 3559, 3595, 3625, 4026, 4049, 4241, 4260, 4360, 4553, 4583, 4666, 4669, 4880, 4928, 5815, 5888, 6057, 6325, 6368, 6447, 6551, 6831, 6846, 6937, 6960, 6971, 7066, 7307, 7414, 7462, 7697, 7702, 7769, 8111]@[482, 542, 692, 816, 1784, 1788, 2126, 2151, 2287, 2298, 2644, 2897, 2987, 3381, 3559, 3595, 3625, 4026, 4049, 4241, 4260, 4360, 4553, 4583, 4666, 4669, 4880, 4928, 5815, 5888, 6057, 6325, 6368, 6447, 6551, 6831, 6846, 6937, 6960, 6971, 7066, 7307, 7414, 7462, 7697, 7702, 7769, 8111]
https://www.comp.hkbu.edu.hk/v1/?page=highlights@[157, 233, 431, 871, 875, 916, 957, 1006, 1061, 1068, 1305, 1344, 1389, 1408, 1455, 1497, 1520, 1543, 1567, 1591, 1614, 1644, 1694, 1699, 1792]@[157, 233, 431, 871, 875, 916, 957, 1006, 1061, 1068, 1305, 1344, 1389, 1408, 1455, 1497, 1520, 1543, 1567, 1591, 1614, 1644, 1694, 1699, 1792]
https://www.comp.hkbu.edu.hk/v1/?page=seminars@[214]@[214]
https://www.comp.hkbu.edu.hk/v1/?page=dlecture@[54, 201, 283, 456, 462, 479, 497, 520, 650, 656, 717, 725, 754, 769, 789, 792, 822, 849, 919, 928, 951, 995, 1034, 1065, 1145, 1342, 1395, 1414, 1435, 1445, 1470, 1537, 1546, 1552, 1561, 1572, 1624, 1636, 1645, 1726, 1736, 1748, 1770, 1801, 1881, 1910, 2056, 2095, 2163, 2204, 2210, 2241, 2251, 2314, 2460, 2570, 2576, 2604, 2621, 2693, 2804, 2919, 2923, 2959, 2991, 3090, 3100, 3119, 3255, 3352, 3388, 3445, 3503, 3515, 3524, 3553, 3573, 3659, 3721, 3914, 3943, 3968, 3994, 4112, 4264, 4311, 4384, 4391, 4419, 4452, 4464, 4500, 4514, 4557, 4563, 4573, 4633, 4785, 4875]@[54, 201, 283, 456, 462, 479, 497, 520, 650, 656, 717, 725, 754, 769, 789, 792, 822, 849, 919, 928, 951, 995, 1034, 1065, 1145, 1342, 1395, 1414, 1435, 1445, 1470, 1537, 1546, 1552, 1561, 1572, 1624, 1636, 1645, 1726, 1736, 1748, 1770, 1801, 1881, 1910, 2056, 2095, 2163, 2204, 2210, 2241, 2251, 2314, 2460, 2570, 2576, 2604, 2621, 2693, 2804, 2919, 2923, 2959, 2991, 3090, 3100, 3119, 3255, 3352, 3388, 3445, 3503, 3515, 3524, 3553, 3573, 3659, 3721, 3914, 3943, 3968, 3994, 4112, 4264, 4311, 4384, 4391, 4419, 4452, 4464, 4500, 4514, 4557, 4563, 4573, 4633, 4785, 4875]
https://www.comp.hkbu.edu.hk/v1/?pid=77@[127, 169, 177]@[127, 169, 177]
https://www.comp.hkbu.edu.hk/v1/?file=355@[124, 243, 251, 276, 331, 333, 334, 371, 394, 551, 690, 983, 1011, 1062, 1154, 1356, 1379, 1441, 1582, 1718, 1884, 1997, 2188, 2210, 2325, 2347, 2386, 2396, 2437, 2498, 2510, 2532, 2592, 2620, 2670, 2802, 2844, 2895, 2921, 2988, 3122, 3311, 3754, 3770, 3830, 3890, 3942, 4029, 4282, 4310, 4461, 4482, 4640, 4733, 4976, 5096, 5103, 5219, 5256, 5320, 5381, 5412, 5590, 5798, 5859, 5894, 5903, 5923, 5939, 5955, 5971, 5993, 5997, 6013, 6029, 6045, 6061, 6107, 6200, 6242, 6355, 6360, 6557, 6722, 6779, 6903, 6930, 7002, 7003, 7089, 7135, 7227, 7276, 7383, 7388, 7476, 7490]@[]
https://www.comp.hkbu.edu.hk/v1/?file=1431@[1127, 1231, 1264, 1364, 1394, 1397, 1404, 1411, 1419, 1465, 1481, 1802, 1814, 1831, 1887, 1896, 1917, 2052, 2068, 2112, 2138, 2156, 2159, 2162, 2323, 2414, 2782, 2783, 2823, 2893, 2900, 3049, 3067, 3124, 3140, 3167, 3241, 3324, 3373, 3452, 3466, 3579, 3713, 3717, 3791, 3882, 3922, 3961, 3967, 3986, 4032, 4078, 4108, 4126, 4155, 4178, 4202, 4313, 4333, 4375, 4393, 4423, 4458, 4501, 4615, 4647, 4730, 4743, 4779, 4784, 4793, 4973, 4997, 5145, 5161, 5235, 5288, 5707]@[]
https://www.comp.hkbu.edu.hk/v1/?pid=124@[165]@[165]
https://policies.google.com/terms@[185, 313, 413, 431, 572, 580, 747, 916, 1034, 1041, 1269, 1277, 1517, 1583, 1589, 1601, 1664, 1689, 1692, 1697, 1775, 1787, 1801, 1808, 1895, 2001, 2013, 2213, 2223, 2445, 2461, 2491, 2523, 2660, 2752, 2985, 2995, 3143, 3147, 3161, 3220, 3324, 3389, 3489, 3629, 3733, 3761, 3774, 3794, 3860, 3911, 3933, 3938, 4032, 4039]@[185, 313, 413, 431, 572, 580, 747, 916, 1034, 1041, 1269, 1277, 1517, 1583, 1589, 1601, 1664, 1689, 1692, 1697, 1775, 1787, 1801, 1808, 1895, 2001, 2013, 2213, 2223, 2445, 2461, 2491, 2523, 2660, 2752, 2985, 2995, 3143, 3147, 3161, 3220, 3324, 3389, 3489, 3629, 3733, 3761, 3774, 3794, 3860, 3911, 3933, 3938, 4032, 4039]
https://policies.google.com/privacy@[111, 216, 281, 296, 510, 577, 591, 599, 616, 792, 814, 884, 1139, 1535, 1608, 1695, 1715, 1761, 1804, 1989, 2080, 2211, 2548, 2567, 2681, 2700, 2716, 2842, 2924, 2927, 2964, 3123, 3277, 3309, 3422, 3514, 3532, 3551, 3667, 3680, 3747, 4121, 4382, 4390, 4405, 4409, 4416, 4450, 4453, 4475, 4492, 4495, 4499, 4512, 4550, 4591, 4594, 4630, 4646, 4695, 4725, 4803, 4807, 4813, 4833, 4852, 4862, 4866, 4873, 4896, 4971, 4976, 5033, 5163, 5167, 5178, 5262, 5285, 5295, 5328, 5335, 5347, 5352, 5427, 5644, 5919, 5973, 5984, 6111, 6172, 6340, 6400, 6530, 6565, 6623, 6804, 6894, 7056, 7126, 7163, 7191, 7431, 7441, 7521, 7571]@[111, 216, 281, 296, 510, 577, 591, 599, 616, 792, 814, 884, 1139, 1535, 1608, 1695, 1715, 1761, 1804, 1989, 2080, 2211, 2548, 2567, 2681, 2700, 2716, 2842, 2924, 2927, 2964, 3123, 3277, 3309, 3422, 3514, 3532, 3551, 3667, 3680, 3747, 4121, 4382, 4390, 4405, 4409, 4416, 4450, 4453, 4475, 4492, 4495, 4499, 4512, 4550, 4591, 4594, 4630, 4646, 4695, 4725, 4803, 4807, 4813, 4833, 4852, 4862, 4866, 4873, 4896, 4971, 4976, 5033, 5163, 5167, 5178, 5262, 5285, 5295, 5328, 5335, 5347, 5352, 5427, 5644, 5919, 5973, 5984, 6111, 6172, 6340, 6400, 6530, 6565, 6623, 6804, 6894, 7056, 7126, 7163, 7191, 7431, 7441, 7521, 7571]
https://www.hkstp.org/en@[520, 618]@[520, 618]
https://www.hkstp.org@[520, 618]@[520, 618]
https://myaccount.google.com@[27]@[27]
https://www.hkstp.org/en/about-us/who-we-are@[482, 565, 586, 626, 782, 788, 1042, 1176, 1186]@[482, 565, 586, 626, 782, 788, 1042, 1176, 1186]
https://www.hkstp.org/about-us/who-we-are@[482, 565, 586, 626, 782, 788, 1042, 1176, 1186]@[482, 565, 586, 626, 782, 788, 1042, 1176, 1186]
https://news.google.com/?tab=wn@[206, 231, 235, 241, 246, 292, 301, 339, 415, 424, 823, 889, 984, 1049, 1125, 1240, 1243, 1306, 1648, 1670, 1880]@[206, 231, 235, 241, 246, 292, 301, 339, 415, 424, 823, 889, 984, 1049, 1125, 1240, 1243, 1306, 1648, 1670, 1880]
https://mail.google.com/mail/?tab=wm@[27]@[27]
https://drive.google.com/?tab=wo@[27]@[27]
https://accounts.google.com/SignUp?continue=https%3A%2F%2Fmyaccount.google.com%2Fgeneral-light@[93, 380]@[93, 380]
https://www.hkstp.org/en/about-us/our-milestones@[459, 520, 635]@[459, 520, 635]
https://www.hkstp.org/en/about-us/our-footprint@[501, 571, 593, 637, 869, 881, 962]@[501, 571, 593, 637, 869, 881, 962]
https://www.hkstp.org/about-us/our-milestones@[459, 520, 635]@[459, 520, 635]
https://news.google.com/?tab=nn@[255, 261, 314, 323, 441, 464, 469, 501, 546, 688, 712, 845, 1025, 1054, 1199, 1274, 1399, 1402, 1465, 1784, 1806, 2016]@[255, 261, 314, 323, 441, 464, 469, 501, 546, 688, 712, 845, 1025, 1054, 1199, 1274, 1399, 1402, 1465, 1784, 1806, 2016]
https://itunes.apple.com/app/google-search/id284815942?mt=8@[247, 292, 366, 411, 445, 492, 574, 780, 784, 904]@[247, 292, 366, 411, 445, 492, 574, 780, 784, 904]
https://play.google.com/store/apps/details?id=com.google.android.googlequicksearchbox@[336, 341, 660]@[336, 341, 660]
https://www.google.com.hk@[3, 44]@[44]
