https://www.comp.hkbu.edu.hk/v1/?page=job_vacancies@[191]@[191]
https://www.comp.hkbu.edu.hk/v1/?page=whats_new@[387, 576, 650, 905, 1118, 1212, 1301, 1467, 1493, 1543, 1839, 1863, 2053, 2084, 2106, 2240, 2354, 2396, 2430, 2471, 2476, 2505, 2523, 2545, 2627, 2662, 2762, 2849, 2887, 3131, 3364, 3431, 3600, 3622, 3831]@[387, 576, 650, 905, 1118, 1212, 1301, 1467, 1493, 1543, 1839, 1863, 2053, 2084, 2106, 2240, 2354, 2396, 2430, 2471, 2476, 2505, 2523, 2545, 2627, 2662, 2762, 2849, 2887, 3131, 3364, 3431, 3600, 3622, 3831]
https://aao.hkbu.edu.hk/en/contact/index.php@[78]@[78]
https://www.comp.hkbu.edu.hk/v1/?page=centres@[185, 227, 249, 265, 340]@[185, 227, 249, 265, 340]
https://www.comp.hkbu.edu.hk/v1/?page=journal_editorship@[360]@[360]
https://www.comp.hkbu.edu.hk/v1/?page=mscais@[244]@[244]
https://www.comp.hkbu.edu.hk/v1/?page=mscitm@[218]@[218]
https://www.comp.hkbu.edu.hk/v1/?pid=273@[244]@[244]
https://www.comp.hkbu.edu.hk/v1/?pid=95@[218]@[218]
https://www.comp.hkbu.edu.hk/v1/?pid=128@[117]@[117]
https://www.comp.hkbu.edu.hk/msc/itm/en@[218]@[218]
https://www.comp.hkbu.edu.hk/v1/?page=news@[387, 576, 650, 905, 1118, 1212, 1301, 1467, 1493, 1543, 1839, 1863, 2053, 2084, 2106, 2240, 2354, 2396, 2430, 2471, 2476, 2505, 2523, 2545, 2627, 2662, 2762, 2849, 2887, 3131, 3364, 3431, 3600, 3622, 3831]@[387, 576, 650, 905, 1118, 1212, 1301, 1467, 1493, 1543, 1839, 1863, 2053, 2084, 2106, 2240, 2354, 2396, 2430, 2471, 2476, 2505, 2523, 2545, 2627, 2662, 2762, 2849, 2887, 3131, 3364, 3431, 3600, 3622, 3831]
https://www.comp.hkbu.edu.hk/v1/?page=events@[1202, 1744, 1990, 2231, 2256, 2262, 2304, 2737, 3428, 3727, 4852, 6299, 6940]@[1202, 1744, 1990, 2231, 2256, 2262, 2304, 2737, 3428, 3727, 4852, 6299, 6940]
https://www.comp.hkbu.edu.hk/v1/?page=highlights@[453, 1091, 1193, 1207, 1966, 1990]@[453, 1091, 1193, 1207, 1966, 1990]
https://www.comp.hkbu.edu.hk/v1/?page=career_wt@[146, 214]@[146, 214]
https://www.comp.hkbu.edu.hk/v1/?page=dlecture@[295, 312, 325, 342, 842, 1012, 1036, 1113, 1296, 1339, 1356, 1385, 1423, 1525, 1588, 1599, 1706, 1861, 2040, 2060, 2181, 2378, 2935, 3035, 3200, 3288, 3492, 3509, 3712, 3725, 3853, 3858, 3982, 4299, 4528]@[295, 312, 325, 342, 842, 1012, 1036, 1113, 1296, 1339, 1356, 1385, 1423, 1525, 1588, 1599, 1706, 1861, 2040, 2060, 2181, 2378, 2935, 3035, 3200, 3288, 3492, 3509, 3712, 3725, 3853, 3858, 3982, 4299, 4528]
https://www.comp.hkbu.edu.hk/v1/?pid=77@[287, 729]@[287, 729]
https://www.comp.hkbu.edu.hk/v1/?file=355@[9134, 9220]@[]
https://www.hkstp.org/en/about-us/event-and-activities/hong-kong-science-park-career-expo-2020-18-april-2020@[422, 425, 443, 560, 565, 569]@[422, 425, 443, 560, 565, 569]
https://www.comp.hkbu.edu.hk/v1/?file=1431@[6174, 6225, 6302, 6353, 6641, 6680, 6733, 6772]@[]
https://www.comp.hkbu.edu.hk/v1/?pid=124@[137, 235, 335]@[137, 235, 335]
https://policies.google.com/terms@[3212, 3676, 3964]@[3212, 3676, 3964]
https://policies.google.com/privacy@[334, 3526, 4677, 6410, 6749, 7147]@[334, 3526, 4677, 6410, 6749, 7147]
https://www.hkstp.org/en@[418, 421, 439, 505, 675, 923, 928, 932]@[418, 421, 439, 505, 675, 923, 928, 932]
https://www.hkstp.org@[418, 421, 439, 505, 675, 923, 928, 932]@[418, 421, 439, 505, 675, 923, 928, 932]
https://www.hkstp.org/en/about-us/who-we-are@[424, 427, 445, 898, 1080, 1309, 1314, 1318]@[424, 427, 445, 898, 1080, 1309, 1314, 1318]
https://www.hkstp.org/about-us/who-we-are@[424, 427, 445, 898, 1080, 1309, 1314, 1318]@[424, 427, 445, 898, 1080, 1309, 1314, 1318]
https://news.google.com/?tab=wn@[418, 1761]@[418, 1761]
https://www.hkstp.org/en/about-us/our-milestones@[423, 426, 444, 484, 549, 911, 916, 920]@[423, 426, 444, 484, 549, 911, 916, 920]
https://www.hkstp.org/en/about-us/our-footprint@[423, 426, 444, 712, 829, 885]@[423, 426, 444, 712, 829, 885]
https://www.hkstp.org/about-us/our-milestones@[423, 426, 444, 484, 549, 911, 916, 920]@[423, 426, 444, 484, 549, 911, 916, 920]
https://news.google.com/?tab=nn@[645, 734, 744, 1024, 1284, 1897]@[645, 734, 744, 1024, 1284, 1897]
https://itunes.apple.com/app/google-search/id284815942?mt=8@[566]@[566]
