http://www.comp.hkbu.edu.hk@[418, 428, 473, 483, 740, 835, 847, 1765, 1814, 1833, 1843, 2079, 2091, 2096, 2280, 2323, 2407, 2419, 2431, 4195, 5482, 5488, 5505, 5513, 5759, 5814]@{}
http://www.comp.hkbu.edu.hk/v1/?page=sci@[618, 2397, 2926, 3063, 3093, 3137, 3165, 3210, 3238, 3285, 3315, 3357, 3387, 3432, 3461, 3499, 3533, 3573, 3600, 3643, 3672, 3716, 3748, 3994, 4495]@{}
http://www.comp.hkbu.edu.hk/v1/?page=job_vacancies?=tc@[418, 428, 473, 483, 740, 835, 847, 1765, 1814, 1833, 1843, 2079, 2091, 2096, 2280, 2323, 2407, 2419, 2431, 4201, 5478, 5484, 5501, 5509, 5755, 5810]@{}
http://www.comp.hkbu.edu.hk/v1/?page=job_vacancies?=sc@[418, 428, 473, 483, 740, 835, 847, 1765, 1814, 1833, 1843, 2079, 2091, 2096, 2280, 2323, 2407, 2419, 2431, 4201, 5478, 5484, 5501, 5509, 5755, 5810]@{}
http://www.comp.hkbu.edu.hk/v1/?page=sitemap?=tc@[418, 428, 473, 483, 740, 835, 847, 1765, 1814, 1833, 1843, 2079, 2091, 2096, 2280, 2323, 2407, 2419, 2431, 4200, 5474, 5480, 5497, 5505, 5751, 5806]@{}
http://www.comp.hkbu.edu.hk/v1/?page=sitemap?=sc@[418, 428, 473, 483, 740, 835, 847, 1765, 1814, 1833, 1843, 2079, 2091, 2096, 2280, 2323, 2407, 2419, 2431, 4200, 5473, 5479, 5496, 5504, 5750, 5805]@{}
http://www.comp.hkbu.edu.hk/v1/?lang=sc@[418, 428, 473, 483, 740, 835, 847, 1765, 1814, 1833, 1843, 2079, 2091, 2096, 2280, 2323, 2407, 2419, 2431, 4195, 5469, 5475, 5492, 5500, 5746, 5801]@{}
http://www.comp.hkbu.edu.hk/v1/?page=job_vacancies?=tc?=tc@[418, 428, 473, 483, 740, 835, 847, 1765, 1814, 1833, 1843, 2079, 2091, 2096, 2280, 2323, 2407, 2419, 2431, 4202, 5475, 5481, 5498, 5506, 5752, 5807]@{}
http://www.comp.hkbu.edu.hk/v1/?page=job_vacancies?=sc?=tc@[418, 428, 473, 483, 740, 835, 847, 1765, 1814, 1833, 1843, 2079, 2091, 2096, 2280, 2323, 2407, 2419, 2431, 4202, 5485, 5491, 5508, 5516, 5762, 5817]@{}
http://www.comp.hkbu.edu.hk/v1/?page=sitemap?=tc?=tc@[418, 428, 473, 483, 740, 835, 847, 1765, 1814, 1833, 1843, 2079, 2091, 2096, 2280, 2323, 2407, 2419, 2431, 4202, 5475, 5481, 5498, 5506, 5752, 5807]@{}
http://www.comp.hkbu.edu.hk/v1/?page=sitemap?=sc?=tc@[418, 428, 473, 483, 740, 835, 847, 1765, 1814, 1833, 1843, 2079, 2091, 2096, 2280, 2323, 2407, 2419, 2431, 4202, 5489, 5495, 5512, 5520, 5766, 5821]@{}
http://www.comp.hkbu.edu.hk/v1/?page=home@[418, 428, 473, 483, 740, 835, 847, 1765, 1814, 1833, 1843, 2079, 2091, 2096, 2280, 2323, 2407, 2419, 2431, 4198, 5467, 5473, 5490, 5498, 5744, 5799]@{}
http://www.comp.hkbu.edu.hk/v1/?page=job_vacancies?=tc?=tc?=tc@[418, 428, 473, 483, 740, 835, 847, 1765, 1814, 1833, 1843, 2079, 2091, 2096, 2280, 2323, 2407, 2419, 2431, 4205, 5489, 5495, 5512, 5520, 5766, 5821]@{}
http://www.comp.hkbu.edu.hk/v1/?page=job_vacancies?=sc?=tc?=tc@[418, 428, 473, 483, 740, 835, 847, 1765, 1814, 1833, 1843, 2079, 2091, 2096, 2280, 2323, 2407, 2419, 2431, 4204, 5473, 5479, 5496, 5504, 5750, 5805]@{}
http://www.comp.hkbu.edu.hk/v1/?page=sitemap?=tc?=tc?=tc@[418, 428, 473, 483, 740, 835, 847, 1765, 1814, 1833, 1843, 2079, 2091, 2096, 2280, 2323, 2407, 2419, 2431, 4205, 5479, 5485, 5502, 5510, 5756, 5811]@{}
http://www.comp.hkbu.edu.hk/v1/?page=sitemap?=sc?=tc?=tc@[418, 428, 473, 483, 740, 835, 847, 1765, 1814, 1833, 1843, 2079, 2091, 2096, 2280, 2323, 2407, 2419, 2431, 4205, 5482, 5488, 5505, 5513, 5759, 5814]@{}
http://www.comp.hkbu.edu.hk/v1/?page=home?=tc@[418, 428, 473, 483, 740, 835, 847, 1765, 1814, 1833, 1843, 2079, 2091, 2096, 2280, 2323, 2407, 2419, 2431, 4200, 5477, 5483, 5500, 5508, 5754, 5809]@{}
http://www.comp.hkbu.edu.hk/v1/?page=job_vacancies?=tc?=tc?=tc?=tc@[418, 428, 473, 483, 740, 835, 847, 1765, 1814, 1833, 1843, 2079, 2091, 2096, 2280, 2323, 2407, 2419, 2431, 4207, 5490, 5496, 5513, 5521, 5767, 5822]@{}
http://www.comp.hkbu.edu.hk/v1/?page=job_vacancies?=sc?=tc?=tc?=tc@[418, 428, 473, 483, 740, 835, 847, 1765, 1814, 1833, 1843, 2079, 2091, 2096, 2280, 2323, 2407, 2419, 2431, 4207, 5491, 5497, 5514, 5522, 5768, 5823]@{}
http://www.comp.hkbu.edu.hk/v1/?page=sitemap?=tc?=tc?=tc?=tc@[418, 428, 473, 483, 740, 835, 847, 1765, 1814, 1833, 1843, 2079, 2091, 2096, 2280, 2323, 2407, 2419, 2431, 4206, 5479, 5485, 5502, 5510, 5756, 5811]@{}
http://www.comp.hkbu.edu.hk/v1/?page=sitemap?=sc?=tc?=tc?=tc@[418, 428, 473, 483, 740, 835, 847, 1765, 1814, 1833, 1843, 2079, 2091, 2096, 2280, 2323, 2407, 2419, 2431, 4206, 5490, 5496, 5513, 5521, 5767, 5822]@{}
http://www.comp.hkbu.edu.hk/v1/?page=home?=tc?=tc@[418, 428, 473, 483, 740, 835, 847, 1765, 1814, 1833, 1843, 2079, 2091, 2096, 2280, 2323, 2407, 2419, 2431, 4202, 5479, 5485, 5502, 5510, 5756, 5811]@{}
http://www.comp.hkbu.edu.hk/v1/?page=job_vacancies?=tc?=tc?=tc?=tc?=tc@[418, 428, 473, 483, 740, 835, 847, 1765, 1814, 1833, 1843, 2079, 2091, 2096, 2280, 2323, 2407, 2419, 2431, 4209, 5493, 5499, 5516, 5524, 5770, 5825]@{}
http://www.comp.hkbu.edu.hk/v1/?page=job_vacancies?=sc?=tc?=tc?=tc?=tc@[418, 428, 473, 483, 740, 835, 847, 1765, 1814, 1833, 1843, 2079, 2091, 2096, 2280, 2323, 2407, 2419, 2431, 4208, 5478, 5484, 5501, 5509, 5755, 5810]@{}
http://www.comp.hkbu.edu.hk/v1/?page=sitemap?=tc?=tc?=tc?=tc?=tc@[418, 428, 473, 483, 740, 835, 847, 1765, 1814, 1833, 1843, 2079, 2091, 2096, 2280, 2323, 2407, 2419, 2431, 4209, 5486, 5492, 5509, 5517, 5763, 5818]@{}
http://www.comp.hkbu.edu.hk/v1/?page=sitemap?=sc?=tc?=tc?=tc?=tc@[418, 428, 473, 483, 740, 835, 847, 1765, 1814, 1833, 1843, 2079, 2091, 2096, 2280, 2323, 2407, 2419, 2431, 4208, 5492, 5498, 5515, 5523, 5769, 5824]@{}
http://www.comp.hkbu.edu.hk/v1/?page=home?=tc?=tc?=tc@[418, 428, 473, 483, 740, 835, 847, 1765, 1814, 1833, 1843, 2079, 2091, 2096, 2280, 2323, 2407, 2419, 2431, 4204, 5477, 5483, 5500, 5508, 5754, 5809]@{}
http://www.comp.hkbu.edu.hk/v1/?page=job_vacancies@[288, 383, 395, 1313, 1362, 1381, 1391, 1627, 1639, 1644, 1828, 1871, 1955, 1967, 1979, 3747]@{}
http://www.comp.hkbu.edu.hk/v1/?page=job_vacancies?=tc?=tc?=tc?=tc?=tc?=tc@[418, 428, 473, 483, 740, 835, 847, 1765, 1814, 1833, 1843, 2079, 2091, 2096, 2280, 2323, 2407, 2419, 2431, 4211, 5481, 5487, 5504, 5512, 5758, 5813]@{}
http://www.comp.hkbu.edu.hk/v1/?page=job_vacancies?=sc?=tc?=tc?=tc?=tc?=tc@[418, 428, 473, 483, 740, 835, 847, 1765, 1814, 1833, 1843, 2079, 2091, 2096, 2280, 2323, 2407, 2419, 2431, 4210, 5480, 5486, 5503, 5511, 5757, 5812]@{}
http://www.comp.hkbu.edu.hk/v1/?page=sitemap?=tc?=tc?=tc?=tc?=tc?=tc@[418, 428, 473, 483, 740, 835, 847, 1765, 1814, 1833, 1843, 2079, 2091, 2096, 2280, 2323, 2407, 2419, 2431, 4210, 5484, 5490, 5507, 5515, 5761, 5816]@{}
http://www.comp.hkbu.edu.hk/v1/?page=sitemap?=sc?=tc?=tc?=tc?=tc?=tc@[418, 428, 473, 483, 740, 835, 847, 1765, 1814, 1833, 1843, 2079, 2091, 2096, 2280, 2323, 2407, 2419, 2431, 4211, 5502, 5508, 5525, 5533, 5779, 5834]@{}
http://www.comp.hkbu.edu.hk/v1/?page=home?=tc?=tc?=tc?=tc@[418, 428, 473, 483, 740, 835, 847, 1765, 1814, 1833, 1843, 2079, 2091, 2096, 2280, 2323, 2407, 2419, 2431, 4207, 5483, 5489, 5506, 5514, 5760, 5815]@{}
http://www.comp.hkbu.edu.hk/v1/?page=job_vacancies?=tc?=tc?=tc?=tc?=tc?=tc?=tc@[418, 428, 473, 483, 740, 835, 847, 1765, 1814, 1833, 1843, 2079, 2091, 2096, 2280, 2323, 2407, 2419, 2431, 4213, 5485, 5491, 5508, 5516, 5762, 5817]@{}
http://www.comp.hkbu.edu.hk/v1/?page=job_vacancies?=sc?=tc?=tc?=tc?=tc?=tc?=tc@[418, 428, 473, 483, 740, 835, 847, 1765, 1814, 1833, 1843, 2079, 2091, 2096, 2280, 2323, 2407, 2419, 2431, 4213, 5482, 5488, 5505, 5513, 5759, 5814]@{}
http://www.comp.hkbu.edu.hk/v1/?page=sitemap?=tc?=tc?=tc?=tc?=tc?=tc?=tc@[418, 428, 473, 483, 740, 835, 847, 1765, 1814, 1833, 1843, 2079, 2091, 2096, 2280, 2323, 2407, 2419, 2431, 4212, 5484, 5490, 5507, 5515, 5761, 5816]@{}
http://www.comp.hkbu.edu.hk/v1/?page=sitemap?=sc?=tc?=tc?=tc?=tc?=tc?=tc@[418, 428, 473, 483, 740, 835, 847, 1765, 1814, 1833, 1843, 2079, 2091, 2096, 2280, 2323, 2407, 2419, 2431, 4212, 5486, 5492, 5509, 5517, 5763, 5818]@{}
http://www.comp.hkbu.edu.hk/v1/?page=home?=tc?=tc?=tc?=tc?=tc@[418, 428, 473, 483, 740, 835, 847, 1765, 1814, 1833, 1843, 2079, 2091, 2096, 2280, 2323, 2407, 2419, 2431, 4209, 5486, 5492, 5509, 5517, 5763, 5818]@{}
http://www.comp.hkbu.edu.hk/v1/?page=job_vacancies?=tc?=tc?=tc?=tc?=tc?=tc?=tc?=tc@[418, 428, 473, 483, 740, 835, 847, 1765, 1814, 1833, 1843, 2079, 2091, 2096, 2280, 2323, 2407, 2419, 2431, 4215, 5501, 5507, 5524, 5532, 5778, 5833]@{}
http://www.comp.hkbu.edu.hk/v1/?page=job_vacancies?=sc?=tc?=tc?=tc?=tc?=tc?=tc?=tc@[418, 428, 473, 483, 740, 835, 847, 1765, 1814, 1833, 1843, 2079, 2091, 2096, 2280, 2323, 2407, 2419, 2431, 4215, 5485, 5491, 5508, 5516, 5762, 5817]@{}
http://www.comp.hkbu.edu.hk/v1/?page=sitemap?=tc?=tc?=tc?=tc?=tc?=tc?=tc?=tc@[418, 428, 473, 483, 740, 835, 847, 1765, 1814, 1833, 1843, 2079, 2091, 2096, 2280, 2323, 2407, 2419, 2431, 4215, 5488, 5494, 5511, 5519, 5765, 5820]@{}
http://www.comp.hkbu.edu.hk/v1/?page=sitemap?=sc?=tc?=tc?=tc?=tc?=tc?=tc?=tc@[418, 428, 473, 483, 740, 835, 847, 1765, 1814, 1833, 1843, 2079, 2091, 2096, 2280, 2323, 2407, 2419, 2431, 4215, 5502, 5508, 5525, 5533, 5779, 5834]@{}
http://www.comp.hkbu.edu.hk/v1/?page=sitemap@[286, 381, 393, 1311, 1360, 1379, 1389, 1625, 1637, 1642, 1826, 1869, 1953, 1965, 1977, 3744]@{}
http://www.comp.hkbu.edu.hk/v1/?page=home?=tc?=tc?=tc?=tc?=tc?=tc@[418, 428, 473, 483, 740, 835, 847, 1765, 1814, 1833, 1843, 2079, 2091, 2096, 2280, 2323, 2407, 2419, 2431, 4210, 5487, 5493, 5510, 5518, 5764, 5819]@{}
http://www.comp.hkbu.edu.hk/v1/?page=job_vacancies?=tc?=tc?=tc?=tc?=tc?=tc?=tc?=tc?=tc@[418, 428, 473, 483, 740, 835, 847, 1765, 1814, 1833, 1843, 2079, 2091, 2096, 2280, 2323, 2407, 2419, 2431, 4217, 5501, 5507, 5524, 5532, 5778, 5833]@{}
http://www.comp.hkbu.edu.hk/v1/?page=job_vacancies?=sc?=tc?=tc?=tc?=tc?=tc?=tc?=tc?=tc@[418, 428, 473, 483, 740, 835, 847, 1765, 1814, 1833, 1843, 2079, 2091, 2096, 2280, 2323, 2407, 2419, 2431, 4217, 5500, 5506, 5523, 5531, 5777, 5832]@{}
http://www.comp.hkbu.edu.hk/v1/?page=sitemap?=tc?=tc?=tc?=tc?=tc?=tc?=tc?=tc?=tc@[418, 428, 473, 483, 740, 835, 847, 1765, 1814, 1833, 1843, 2079, 2091, 2096, 2280, 2323, 2407, 2419, 2431, 4216, 5485, 5491, 5508, 5516, 5762, 5817]@{}
http://www.comp.hkbu.edu.hk/v1/?page=sitemap?=sc?=tc?=tc?=tc?=tc?=tc?=tc?=tc?=tc@[418, 428, 473, 483, 740, 835, 847, 1765, 1814, 1833, 1843, 2079, 2091, 2096, 2280, 2323, 2407, 2419, 2431, 4216, 5503, 5509, 5526, 5534, 5780, 5835]@{}
http://www.comp.hkbu.edu.hk/v1/?lang=tc@[418, 428, 473, 483, 740, 835, 847, 1765, 1814, 1833, 1843, 2079, 2091, 2096, 2280, 2323, 2407, 2419, 2431, 4194, 5485, 5491, 5508, 5516, 5762, 5817]@{}
http://www.sci.hkbu.edu.hk/eng/page/?page=prospective-students@[618]@{}
http://www.sci.hkbu.edu.hk/eng/page/?page=current-students@[618]@{}
http://www.sci.hkbu.edu.hk/eng/page/@[618]@{}
http://www.sci.hkbu.edu.hk/eng/about-us/honorary-doctorate@[618]@{}
http://www.sci.hkbu.edu.hk/eng/about-us/distinguished-professorship/eng/page/?page=prospective-students@[618, 2397, 2926, 3063, 3093, 3137, 3165, 3210, 3238, 3285, 3315, 3357, 3387, 3432, 3461, 3499, 3533, 3573, 3600, 3643, 3672, 3716, 3748, 3994, 4495]@{}
http://www.sci.hkbu.edu.hk/eng/about-us/honorary-doctorate/eng/page/?page=prospective-students@[618, 2397, 2926, 3063, 3093, 3137, 3165, 3210, 3238, 3285, 3315, 3357, 3387, 3432, 3461, 3499, 3533, 3573, 3600, 3643, 3672, 3716, 3748, 3994, 4495]@{}
http://www.sci.hkbu.edu.hk/eng/about-us/distinguished-professor-of-science@[618]@{}
http://www.sci.hkbu.edu.hk/eng/about-us/dr-kennedy-wong-distinguished-visiting-professorship-scheme@[618]@{}
http://www.sci.hkbu.edu.hk/eng/about-us/distinguished-professor-of-science/eng/page/?page=prospective-students@[618, 2397, 2926, 3063, 3093, 3137, 3165, 3210, 3238, 3285, 3315, 3357, 3387, 3432, 3461, 3499, 3533, 3573, 3600, 3643, 3672, 3716, 3748, 3994, 4495]@{}
http://www.sci.hkbu.edu.hk/eng/about-us/dr-kennedy-wong-distinguished-visiting-professorship-scheme/eng/page/?page=prospective-students@[618, 2397, 2926, 3063, 3093, 3137, 3165, 3210, 3238, 3285, 3315, 3357, 3387, 3432, 3461, 3499, 3533, 3573, 3600, 3643, 3672, 3716, 3748, 3994, 4495]@{}
http://www.sci.hkbu.edu.hk/eng/page/eng/about-us/vision-mission@[618, 2397, 2926, 3063, 3093, 3137, 3165, 3210, 3238, 3285, 3315, 3357, 3387, 3432, 3461, 3499, 3533, 3573, 3600, 3643, 3672, 3716, 3748, 3994, 4495]@{}
http://www.sci.hkbu.edu.hk/eng/page/eng/about-us/faculty-advisory-committee@[618, 2397, 2926, 3063, 3093, 3137, 3165, 3210, 3238, 3285, 3315, 3357, 3387, 3432, 3461, 3499, 3533, 3573, 3600, 3643, 3672, 3716, 3748, 3994, 4495]@{}
http://www.sci.hkbu.edu.hk/eng@[618, 2397, 2926, 3063, 3093, 3137, 3165, 3210, 3238, 3285, 3315, 3357, 3387, 3432, 3461, 3499, 3533, 3573, 3600, 3643, 3672, 3716, 3748, 3994, 4495]@{}
http://www.sci.hkbu.edu.hk/eng/about-us/vision-mission@[618]@{}
http://www.sci.hkbu.edu.hk/eng/about-us/faculty-advisory-committee@[618]@{}
http://www.sci.hkbu.edu.hk/eng/about-us/vision-mission/eng/page/?page=prospective-students@[618, 2397, 2926, 3063, 3093, 3137, 3165, 3210, 3238, 3285, 3315, 3357, 3387, 3432, 3461, 3499, 3533, 3573, 3600, 3643, 3672, 3716, 3748, 3994, 4495]@{}
http://www.sci.hkbu.edu.hk/eng/about-us/faculty-advisory-committee/eng/page/?page=prospective-students@[618, 2397, 2926, 3063, 3093, 3137, 3165, 3210, 3238, 3285, 3315, 3357, 3387, 3432, 3461, 3499, 3533, 3573, 3600, 3643, 3672, 3716, 3748, 3994, 4495]@{}
http://www.sci.hkbu.edu.hk/eng/about-us/distinguished-professorship@[618]@{}
