http://www.comp.hkbu.edu.hk@[672, 675, 697, 699, 724, 730, 772, 785, 807, 813, 818, 832, 841, 844, 868, 879, 932, 1088, 1101, 1146, 1154, 1191, 1198, 1236, 1243, 1286, 1312, 1556, 1559, 1596, 1599, 1615, 1632, 1672, 1677, 1690, 1698, 1711, 1942, 1945, 1980, 2011, 2029, 2044, 2047, 2723, 2763, 2766, 2805, 2934, 2947, 2960, 2963, 6825, 6859]@{}
http://www.comp.hkbu.edu.hk/v1/?page=sci@[660, 677, 698, 737, 740, 762, 765, 791, 794, 1017, 1089, 1103, 1117, 1784, 1812, 1844, 1927, 1993, 2018, 2047, 2147, 2156, 2954, 2957, 2971, 3111, 3183, 3256, 3333, 3405, 3479, 3551, 3618, 3690, 3766, 4022, 4025, 4039, 8092]@{}
http://www.comp.hkbu.edu.hk/v1/?page=job_vacancies?=tc@[672, 675, 697, 699, 724, 730, 772, 785, 807, 813, 818, 832, 841, 844, 868, 879, 932, 1088, 1101, 1146, 1154, 1191, 1198, 1236, 1243, 1286, 1312, 1556, 1559, 1596, 1599, 1615, 1632, 1672, 1677, 1690, 1698, 1711, 1942, 1945, 1980, 2011, 2029, 2044, 2047, 2723, 2763, 2766, 2805, 2934, 2950, 2966, 2969, 6801, 6835]@{}
http://www.comp.hkbu.edu.hk/v1/?page=job_vacancies?=sc@[672, 675, 697, 699, 724, 730, 772, 785, 807, 813, 818, 832, 841, 844, 868, 879, 932, 1088, 1101, 1146, 1154, 1191, 1198, 1236, 1243, 1286, 1312, 1556, 1559, 1596, 1599, 1615, 1632, 1672, 1677, 1690, 1698, 1711, 1942, 1945, 1980, 2011, 2029, 2044, 2047, 2723, 2763, 2766, 2805, 2934, 2950, 2966, 2969, 6810, 6844]@{}
http://www.comp.hkbu.edu.hk/v1/?page=sitemap?=tc@[672, 675, 697, 699, 724, 730, 772, 785, 807, 813, 818, 832, 841, 844, 868, 879, 932, 1088, 1101, 1146, 1154, 1191, 1198, 1236, 1243, 1286, 1312, 1556, 1559, 1596, 1599, 1615, 1632, 1672, 1677, 1690, 1698, 1711, 1942, 1945, 1980, 2011, 2029, 2044, 2047, 2723, 2763, 2766, 2805, 2934, 2950, 2966, 2969, 6813, 6847]@{}
http://www.comp.hkbu.edu.hk/v1/?page=sitemap?=sc@[672, 675, 697, 699, 724, 730, 772, 785, 807, 813, 818, 832, 841, 844, 868, 879, 932, 1088, 1101, 1146, 1154, 1191, 1198, 1236, 1243, 1286, 1312, 1556, 1559, 1596, 1599, 1615, 1632, 1672, 1677, 1690, 1698, 1711, 1942, 1945, 1980, 2011, 2029, 2044, 2047, 2723, 2763, 2766, 2805, 2934, 2950, 2966, 2969, 6828, 6862]@{}
http://www.comp.hkbu.edu.hk/v1/?lang=sc@[672, 675, 697, 699, 724, 730, 772, 785, 807, 813, 818, 832, 841, 844, 868, 879, 932, 1088, 1101, 1146, 1154, 1191, 1198, 1236, 1243, 1286, 1312, 1556, 1559, 1596, 1599, 1615, 1632, 1672, 1677, 1690, 1698, 1711, 1942, 1945, 1980, 2011, 2029, 2044, 2047, 2723, 2763, 2766, 2805, 2934, 2947, 2960, 2963, 6794, 6828]@{}
http://www.comp.hkbu.edu.hk/~alumni/news/../scholarship/@[597, 605]@{}
http://www.comp.hkbu.edu.hk/v1/?page=job_vacancies?=tc?=tc@[672, 675, 697, 699, 724, 730, 772, 785, 807, 813, 818, 832, 841, 844, 868, 879, 932, 1088, 1101, 1146, 1154, 1191, 1198, 1236, 1243, 1286, 1312, 1556, 1559, 1596, 1599, 1615, 1632, 1672, 1677, 1690, 1698, 1711, 1942, 1945, 1980, 2011, 2029, 2044, 2047, 2723, 2763, 2766, 2805, 2934, 2951, 2968, 2971, 6815, 6849]@{}
http://www.comp.hkbu.edu.hk/v1/?page=job_vacancies?=sc?=tc@[672, 675, 697, 699, 724, 730, 772, 785, 807, 813, 818, 832, 841, 844, 868, 879, 932, 1088, 1101, 1146, 1154, 1191, 1198, 1236, 1243, 1286, 1312, 1556, 1559, 1596, 1599, 1615, 1632, 1672, 1677, 1690, 1698, 1711, 1942, 1945, 1980, 2011, 2029, 2044, 2047, 2723, 2763, 2766, 2805, 2934, 2951, 2968, 2971, 6844, 6878]@{}
http://www.comp.hkbu.edu.hk/v1/?page=sitemap?=tc?=tc@[672, 675, 697, 699, 724, 730, 772, 785, 807, 813, 818, 832, 841, 844, 868, 879, 932, 1088, 1101, 1146, 1154, 1191, 1198, 1236, 1243, 1286, 1312, 1556, 1559, 1596, 1599, 1615, 1632, 1672, 1677, 1690, 1698, 1711, 1942, 1945, 1980, 2011, 2029, 2044, 2047, 2723, 2763, 2766, 2805, 2934, 2951, 2968, 2971, 6806, 6840]@{}
http://www.comp.hkbu.edu.hk/v1/?page=sitemap?=sc?=tc@[672, 675, 697, 699, 724, 730, 772, 785, 807, 813, 818, 832, 841, 844, 868, 879, 932, 1088, 1101, 1146, 1154, 1191, 1198, 1236, 1243, 1286, 1312, 1556, 1559, 1596, 1599, 1615, 1632, 1672, 1677, 1690, 1698, 1711, 1942, 1945, 1980, 2011, 2029, 2044, 2047, 2723, 2763, 2766, 2805, 2934, 2951, 2968, 2971, 6833, 6867]@{}
http://www.comp.hkbu.edu.hk/v1/?page=home@[672, 675, 697, 699, 724, 730, 772, 785, 807, 813, 818, 832, 841, 844, 868, 879, 932, 1088, 1101, 1146, 1154, 1191, 1198, 1236, 1243, 1286, 1312, 1556, 1559, 1596, 1599, 1615, 1632, 1672, 1677, 1690, 1698, 1711, 1942, 1945, 1980, 2011, 2029, 2044, 2047, 2723, 2763, 2766, 2805, 2934, 2949, 2964, 2967, 6798, 6832]@{}
http://www.comp.hkbu.edu.hk/v1/?page=job_vacancies?=tc?=tc?=tc@[672, 675, 697, 699, 724, 730, 772, 785, 807, 813, 818, 832, 841, 844, 868, 879, 932, 1088, 1101, 1146, 1154, 1191, 1198, 1236, 1243, 1286, 1312, 1556, 1559, 1596, 1599, 1615, 1632, 1672, 1677, 1690, 1698, 1711, 1942, 1945, 1980, 2011, 2029, 2044, 2047, 2723, 2763, 2766, 2805, 2934, 2952, 2970, 2973, 6841, 6875]@{}
http://www.comp.hkbu.edu.hk/v1/?page=job_vacancies?=sc?=tc?=tc@[672, 675, 697, 699, 724, 730, 772, 785, 807, 813, 818, 832, 841, 844, 868, 879, 932, 1088, 1101, 1146, 1154, 1191, 1198, 1236, 1243, 1286, 1312, 1556, 1559, 1596, 1599, 1615, 1632, 1672, 1677, 1690, 1698, 1711, 1942, 1945, 1980, 2011, 2029, 2044, 2047, 2723, 2763, 2766, 2805, 2934, 2952, 2970, 2973, 6810, 6844]@{}
http://www.comp.hkbu.edu.hk/v1/?page=sitemap?=tc?=tc?=tc@[672, 675, 697, 699, 724, 730, 772, 785, 807, 813, 818, 832, 841, 844, 868, 879, 932, 1088, 1101, 1146, 1154, 1191, 1198, 1236, 1243, 1286, 1312, 1556, 1559, 1596, 1599, 1615, 1632, 1672, 1677, 1690, 1698, 1711, 1942, 1945, 1980, 2011, 2029, 2044, 2047, 2723, 2763, 2766, 2805, 2934, 2952, 2970, 2973, 6838, 6872]@{}
http://www.comp.hkbu.edu.hk/v1/?page=sitemap?=sc?=tc?=tc@[672, 675, 697, 699, 724, 730, 772, 785, 807, 813, 818, 832, 841, 844, 868, 879, 932, 1088, 1101, 1146, 1154, 1191, 1198, 1236, 1243, 1286, 1312, 1556, 1559, 1596, 1599, 1615, 1632, 1672, 1677, 1690, 1698, 1711, 1942, 1945, 1980, 2011, 2029, 2044, 2047, 2723, 2763, 2766, 2805, 2934, 2952, 2970, 2973, 6841, 6875]@{}
http://www.comp.hkbu.edu.hk/v1/?page=home?=tc@[672, 675, 697, 699, 724, 730, 772, 785, 807, 813, 818, 832, 841, 844, 868, 879, 932, 1088, 1101, 1146, 1154, 1191, 1198, 1236, 1243, 1286, 1312, 1556, 1559, 1596, 1599, 1615, 1632, 1672, 1677, 1690, 1698, 1711, 1942, 1945, 1980, 2011, 2029, 2044, 2047, 2723, 2763, 2766, 2805, 2934, 2950, 2966, 2969, 6826, 6860]@{}
http://www.comp.hkbu.edu.hk/v1/?page=job_vacancies?=tc?=tc?=tc?=tc@[672, 675, 697, 699, 724, 730, 772, 785, 807, 813, 818, 832, 841, 844, 868, 879, 932, 1088, 1101, 1146, 1154, 1191, 1198, 1236, 1243, 1286, 1312, 1556, 1559, 1596, 1599, 1615, 1632, 1672, 1677, 1690, 1698, 1711, 1942, 1945, 1980, 2011, 2029, 2044, 2047, 2723, 2763, 2766, 2805, 2934, 2953, 2972, 2975, 6821, 6855]@{}
http://www.comp.hkbu.edu.hk/v1/?page=job_vacancies?=sc?=tc?=tc?=tc@[672, 675, 697, 699, 724, 730, 772, 785, 807, 813, 818, 832, 841, 844, 868, 879, 932, 1088, 1101, 1146, 1154, 1191, 1198, 1236, 1243, 1286, 1312, 1556, 1559, 1596, 1599, 1615, 1632, 1672, 1677, 1690, 1698, 1711, 1942, 1945, 1980, 2011, 2029, 2044, 2047, 2723, 2763, 2766, 2805, 2934, 2953, 2972, 2975, 6809, 6843]@{}
http://www.comp.hkbu.edu.hk/v1/?page=sitemap?=tc?=tc?=tc?=tc@[672, 675, 697, 699, 724, 730, 772, 785, 807, 813, 818, 832, 841, 844, 868, 879, 932, 1088, 1101, 1146, 1154, 1191, 1198, 1236, 1243, 1286, 1312, 1556, 1559, 1596, 1599, 1615, 1632, 1672, 1677, 1690, 1698, 1711, 1942, 1945, 1980, 2011, 2029, 2044, 2047, 2723, 2763, 2766, 2805, 2934, 2953, 2972, 2975, 6827, 6861]@{}
http://www.comp.hkbu.edu.hk/v1/?page=sitemap?=sc?=tc?=tc?=tc@[672, 675, 697, 699, 724, 730, 772, 785, 807, 813, 818, 832, 841, 844, 868, 879, 932, 1088, 1101, 1146, 1154, 1191, 1198, 1236, 1243, 1286, 1312, 1556, 1559, 1596, 1599, 1615, 1632, 1672, 1677, 1690, 1698, 1711, 1942, 1945, 1980, 2011, 2029, 2044, 2047, 2723, 2763, 2766, 2805, 2934, 2953, 2972, 2975, 6835, 6869]@{}
http://www.comp.hkbu.edu.hk/v1/?page=home?=tc?=tc@[672, 675, 697, 699, 724, 730, 772, 785, 807, 813, 818, 832, 841, 844, 868, 879, 932, 1088, 1101, 1146, 1154, 1191, 1198, 1236, 1243, 1286, 1312, 1556, 1559, 1596, 1599, 1615, 1632, 1672, 1677, 1690, 1698, 1711, 1942, 1945, 1980, 2011, 2029, 2044, 2047, 2723, 2763, 2766, 2805, 2934, 2951, 2968, 2971, 6809, 6843]@{}
http://www.comp.hkbu.edu.hk/v1/?page=job_vacancies?=tc?=tc?=tc?=tc?=tc@[672, 675, 697, 699, 724, 730, 772, 785, 807, 813, 818, 832, 841, 844, 868, 879, 932, 1088, 1101, 1146, 1154, 1191, 1198, 1236, 1243, 1286, 1312, 1556, 1559, 1596, 1599, 1615, 1632, 1672, 1677, 1690, 1698, 1711, 1942, 1945, 1980, 2011, 2029, 2044, 2047, 2723, 2763, 2766, 2805, 2934, 2954, 2974, 2977, 6816, 6850]@{}
http://www.comp.hkbu.edu.hk/v1/?page=job_vacancies?=sc?=tc?=tc?=tc?=tc@[672, 675, 697, 699, 724, 730, 772, 785, 807, 813, 818, 832, 841, 844, 868, 879, 932, 1088, 1101, 1146, 1154, 1191, 1198, 1236, 1243, 1286, 1312, 1556, 1559, 1596, 1599, 1615, 1632, 1672, 1677, 1690, 1698, 1711, 1942, 1945, 1980, 2011, 2029, 2044, 2047, 2723, 2763, 2766, 2805, 2934, 2954, 2974, 2977, 6818, 6852]@{}
http://www.comp.hkbu.edu.hk/v1/?page=sitemap?=tc?=tc?=tc?=tc?=tc@[672, 675, 697, 699, 724, 730, 772, 785, 807, 813, 818, 832, 841, 844, 868, 879, 932, 1088, 1101, 1146, 1154, 1191, 1198, 1236, 1243, 1286, 1312, 1556, 1559, 1596, 1599, 1615, 1632, 1672, 1677, 1690, 1698, 1711, 1942, 1945, 1980, 2011, 2029, 2044, 2047, 2723, 2763, 2766, 2805, 2934, 2954, 2974, 2977, 6838, 6872]@{}
http://www.comp.hkbu.edu.hk/v1/?page=sitemap?=sc?=tc?=tc?=tc?=tc@[672, 675, 697, 699, 724, 730, 772, 785, 807, 813, 818, 832, 841, 844, 868, 879, 932, 1088, 1101, 1146, 1154, 1191, 1198, 1236, 1243, 1286, 1312, 1556, 1559, 1596, 1599, 1615, 1632, 1672, 1677, 1690, 1698, 1711, 1942, 1945, 1980, 2011, 2029, 2044, 2047, 2723, 2763, 2766, 2805, 2934, 2954, 2974, 2977, 6823, 6857]@{}
http://www.comp.hkbu.edu.hk/v1/?page=home?=tc?=tc?=tc@[672, 675, 697, 699, 724, 730, 772, 785, 807, 813, 818, 832, 841, 844, 868, 879, 932, 1088, 1101, 1146, 1154, 1191, 1198, 1236, 1243, 1286, 1312, 1556, 1559, 1596, 1599, 1615, 1632, 1672, 1677, 1690, 1698, 1711, 1942, 1945, 1980, 2011, 2029, 2044, 2047, 2723, 2763, 2766, 2805, 2934, 2952, 2970, 2973, 6823, 6857]@{}
http://www.comp.hkbu.edu.hk/v1/?page=job_vacancies@[220, 223, 245, 247, 272, 278, 320, 333, 355, 361, 366, 380, 389, 392, 416, 427, 480, 636, 649, 694, 702, 739, 746, 784, 791, 834, 860, 1104, 1107, 1144, 1147, 1163, 1180, 1220, 1225, 1238, 1246, 1259, 1490, 1493, 1528, 1559, 1577, 1592, 1595, 2271, 2311, 2314, 2353, 2482, 2497, 2512, 2515, 4127, 4130, 4156, 4167, 4182, 4193, 4336, 4370]@{}
http://www.comp.hkbu.edu.hk/v1/?page=job_vacancies?=tc?=tc?=tc?=tc?=tc?=tc@[672, 675, 697, 699, 724, 730, 772, 785, 807, 813, 818, 832, 841, 844, 868, 879, 932, 1088, 1101, 1146, 1154, 1191, 1198, 1236, 1243, 1286, 1312, 1556, 1559, 1596, 1599, 1615, 1632, 1672, 1677, 1690, 1698, 1711, 1942, 1945, 1980, 2011, 2029, 2044, 2047, 2723, 2763, 2766, 2805, 2934, 2955, 2976, 2979, 6813, 6847]@{}
http://www.comp.hkbu.edu.hk/v1/?page=job_vacancies?=sc?=tc?=tc?=tc?=tc?=tc@[672, 675, 697, 699, 724, 730, 772, 785, 807, 813, 818, 832, 841, 844, 868, 879, 932, 1088, 1101, 1146, 1154, 1191, 1198, 1236, 1243, 1286, 1312, 1556, 1559, 1596, 1599, 1615, 1632, 1672, 1677, 1690, 1698, 1711, 1942, 1945, 1980, 2011, 2029, 2044, 2047, 2723, 2763, 2766, 2805, 2934, 2955, 2976, 2979, 6840, 6874]@{}
http://www.comp.hkbu.edu.hk/v1/?page=sitemap?=tc?=tc?=tc?=tc?=tc?=tc@[672, 675, 697, 699, 724, 730, 772, 785, 807, 813, 818, 832, 841, 844, 868, 879, 932, 1088, 1101, 1146, 1154, 1191, 1198, 1236, 1243, 1286, 1312, 1556, 1559, 1596, 1599, 1615, 1632, 1672, 1677, 1690, 1698, 1711, 1942, 1945, 1980, 2011, 2029, 2044, 2047, 2723, 2763, 2766, 2805, 2934, 2955, 2976, 2979, 6830, 6864]@{}
http://www.comp.hkbu.edu.hk/v1/?page=sitemap?=sc?=tc?=tc?=tc?=tc?=tc@[672, 675, 697, 699, 724, 730, 772, 785, 807, 813, 818, 832, 841, 844, 868, 879, 932, 1088, 1101, 1146, 1154, 1191, 1198, 1236, 1243, 1286, 1312, 1556, 1559, 1596, 1599, 1615, 1632, 1672, 1677, 1690, 1698, 1711, 1942, 1945, 1980, 2011, 2029, 2044, 2047, 2723, 2763, 2766, 2805, 2934, 2955, 2976, 2979, 6840, 6874]@{}
http://www.comp.hkbu.edu.hk/v1/?page=home?=tc?=tc?=tc?=tc@[672, 675, 697, 699, 724, 730, 772, 785, 807, 813, 818, 832, 841, 844, 868, 879, 932, 1088, 1101, 1146, 1154, 1191, 1198, 1236, 1243, 1286, 1312, 1556, 1559, 1596, 1599, 1615, 1632, 1672, 1677, 1690, 1698, 1711, 1942, 1945, 1980, 2011, 2029, 2044, 2047, 2723, 2763, 2766, 2805, 2934, 2953, 2972, 2975, 6824, 6858]@{}
http://www.comp.hkbu.edu.hk/v1/?page=job_vacancies?=tc?=tc?=tc?=tc?=tc?=tc?=tc@[672, 675, 697, 699, 724, 730, 772, 785, 807, 813, 818, 832, 841, 844, 868, 879, 932, 1088, 1101, 1146, 1154, 1191, 1198, 1236, 1243, 1286, 1312, 1556, 1559, 1596, 1599, 1615, 1632, 1672, 1677, 1690, 1698, 1711, 1942, 1945, 1980, 2011, 2029, 2044, 2047, 2723, 2763, 2766, 2805, 2934, 2956, 2978, 2981, 6812, 6846]@{}
http://www.comp.hkbu.edu.hk/v1/?page=job_vacancies?=sc?=tc?=tc?=tc?=tc?=tc?=tc@[672, 675, 697, 699, 724, 730, 772, 785, 807, 813, 818, 832, 841, 844, 868, 879, 932, 1088, 1101, 1146, 1154, 1191, 1198, 1236, 1243, 1286, 1312, 1556, 1559, 1596, 1599, 1615, 1632, 1672, 1677, 1690, 1698, 1711, 1942, 1945, 1980, 2011, 2029, 2044, 2047, 2723, 2763, 2766, 2805, 2934, 2956, 2978, 2981, 6832, 6866]@{}
http://www.comp.hkbu.edu.hk/v1/?page=sitemap?=tc?=tc?=tc?=tc?=tc?=tc?=tc@[672, 675, 697, 699, 724, 730, 772, 785, 807, 813, 818, 832, 841, 844, 868, 879, 932, 1088, 1101, 1146, 1154, 1191, 1198, 1236, 1243, 1286, 1312, 1556, 1559, 1596, 1599, 1615, 1632, 1672, 1677, 1690, 1698, 1711, 1942, 1945, 1980, 2011, 2029, 2044, 2047, 2723, 2763, 2766, 2805, 2934, 2956, 2978, 2981, 6812, 6846]@{}
http://www.comp.hkbu.edu.hk/v1/?page=sitemap?=sc?=tc?=tc?=tc?=tc?=tc?=tc@[672, 675, 697, 699, 724, 730, 772, 785, 807, 813, 818, 832, 841, 844, 868, 879, 932, 1088, 1101, 1146, 1154, 1191, 1198, 1236, 1243, 1286, 1312, 1556, 1559, 1596, 1599, 1615, 1632, 1672, 1677, 1690, 1698, 1711, 1942, 1945, 1980, 2011, 2029, 2044, 2047, 2723, 2763, 2766, 2805, 2934, 2956, 2978, 2981, 6833, 6867]@{}
http://www.comp.hkbu.edu.hk/v1/?page=home?=tc?=tc?=tc?=tc?=tc@[672, 675, 697, 699, 724, 730, 772, 785, 807, 813, 818, 832, 841, 844, 868, 879, 932, 1088, 1101, 1146, 1154, 1191, 1198, 1236, 1243, 1286, 1312, 1556, 1559, 1596, 1599, 1615, 1632, 1672, 1677, 1690, 1698, 1711, 1942, 1945, 1980, 2011, 2029, 2044, 2047, 2723, 2763, 2766, 2805, 2934, 2954, 2974, 2977, 6837, 6871]@{}
http://www.comp.hkbu.edu.hk/v1/?page=job_vacancies?=tc?=tc?=tc?=tc?=tc?=tc?=tc?=tc@[672, 675, 697, 699, 724, 730, 772, 785, 807, 813, 818, 832, 841, 844, 868, 879, 932, 1088, 1101, 1146, 1154, 1191, 1198, 1236, 1243, 1286, 1312, 1556, 1559, 1596, 1599, 1615, 1632, 1672, 1677, 1690, 1698, 1711, 1942, 1945, 1980, 2011, 2029, 2044, 2047, 2723, 2763, 2766, 2805, 2934, 2957, 2980, 2983, 6855, 6889]@{}
http://www.comp.hkbu.edu.hk/v1/?page=job_vacancies?=sc?=tc?=tc?=tc?=tc?=tc?=tc?=tc@[672, 675, 697, 699, 724, 730, 772, 785, 807, 813, 818, 832, 841, 844, 868, 879, 932, 1088, 1101, 1146, 1154, 1191, 1198, 1236, 1243, 1286, 1312, 1556, 1559, 1596, 1599, 1615, 1632, 1672, 1677, 1690, 1698, 1711, 1942, 1945, 1980, 2011, 2029, 2044, 2047, 2723, 2763, 2766, 2805, 2934, 2957, 2980, 2983, 6834, 6868]@{}
http://www.comp.hkbu.edu.hk/v1/?page=sitemap?=tc?=tc?=tc?=tc?=tc?=tc?=tc?=tc@[672, 675, 697, 699, 724, 730, 772, 785, 807, 813, 818, 832, 841, 844, 868, 879, 932, 1088, 1101, 1146, 1154, 1191, 1198, 1236, 1243, 1286, 1312, 1556, 1559, 1596, 1599, 1615, 1632, 1672, 1677, 1690, 1698, 1711, 1942, 1945, 1980, 2011, 2029, 2044, 2047, 2723, 2763, 2766, 2805, 2934, 2957, 2980, 2983, 6825, 6859]@{}
http://www.comp.hkbu.edu.hk/v1/?page=sitemap?=sc?=tc?=tc?=tc?=tc?=tc?=tc?=tc@[672, 675, 697, 699, 724, 730, 772, 785, 807, 813, 818, 832, 841, 844, 868, 879, 932, 1088, 1101, 1146, 1154, 1191, 1198, 1236, 1243, 1286, 1312, 1556, 1559, 1596, 1599, 1615, 1632, 1672, 1677, 1690, 1698, 1711, 1942, 1945, 1980, 2011, 2029, 2044, 2047, 2723, 2763, 2766, 2805, 2934, 2957, 2980, 2983, 6833, 6867]@{}
http://www.comp.hkbu.edu.hk/v1/?page=sitemap@[218, 221, 243, 245, 270, 276, 318, 331, 353, 359, 364, 378, 387, 390, 414, 425, 478, 634, 647, 692, 700, 737, 744, 782, 789, 832, 858, 1102, 1105, 1142, 1145, 1161, 1178, 1218, 1223, 1236, 1244, 1257, 1488, 1491, 1526, 1557, 1575, 1590, 1593, 2269, 2309, 2312, 2351, 2480, 2495, 2510, 2513, 5550, 5696, 5730]@{}
http://www.comp.hkbu.edu.hk/v1/?page=home?=tc?=tc?=tc?=tc?=tc?=tc@[672, 675, 697, 699, 724, 730, 772, 785, 807, 813, 818, 832, 841, 844, 868, 879, 932, 1088, 1101, 1146, 1154, 1191, 1198, 1236, 1243, 1286, 1312, 1556, 1559, 1596, 1599, 1615, 1632, 1672, 1677, 1690, 1698, 1711, 1942, 1945, 1980, 2011, 2029, 2044, 2047, 2723, 2763, 2766, 2805, 2934, 2955, 2976, 2979, 6833, 6867]@{}
http://www.comp.hkbu.edu.hk/v1/?page=job_vacancies?=tc?=tc?=tc?=tc?=tc?=tc?=tc?=tc?=tc@[672, 675, 697, 699, 724, 730, 772, 785, 807, 813, 818, 832, 841, 844, 868, 879, 932, 1088, 1101, 1146, 1154, 1191, 1198, 1236, 1243, 1286, 1312, 1556, 1559, 1596, 1599, 1615, 1632, 1672, 1677, 1690, 1698, 1711, 1942, 1945, 1980, 2011, 2029, 2044, 2047, 2723, 2763, 2766, 2805, 2934, 2958, 2982, 2985, 6829, 6863]@{}
http://www.comp.hkbu.edu.hk/v1/?page=job_vacancies?=sc?=tc?=tc?=tc?=tc?=tc?=tc?=tc?=tc@[672, 675, 697, 699, 724, 730, 772, 785, 807, 813, 818, 832, 841, 844, 868, 879, 932, 1088, 1101, 1146, 1154, 1191, 1198, 1236, 1243, 1286, 1312, 1556, 1559, 1596, 1599, 1615, 1632, 1672, 1677, 1690, 1698, 1711, 1942, 1945, 1980, 2011, 2029, 2044, 2047, 2723, 2763, 2766, 2805, 2934, 2958, 2982, 2985, 6841, 6875]@{}
http://www.comp.hkbu.edu.hk/v1/?page=sitemap?=tc?=tc?=tc?=tc?=tc?=tc?=tc?=tc?=tc@[672, 675, 697, 699, 724, 730, 772, 785, 807, 813, 818, 832, 841, 844, 868, 879, 932, 1088, 1101, 1146, 1154, 1191, 1198, 1236, 1243, 1286, 1312, 1556, 1559, 1596, 1599, 1615, 1632, 1672, 1677, 1690, 1698, 1711, 1942, 1945, 1980, 2011, 2029, 2044, 2047, 2723, 2763, 2766, 2805, 2934, 2958, 2982, 2985, 6809, 6843]@{}
http://www.comp.hkbu.edu.hk/v1/?page=sitemap?=sc?=tc?=tc?=tc?=tc?=tc?=tc?=tc?=tc@[672, 675, 697, 699, 724, 730, 772, 785, 807, 813, 818, 832, 841, 844, 868, 879, 932, 1088, 1101, 1146, 1154, 1191, 1198, 1236, 1243, 1286, 1312, 1556, 1559, 1596, 1599, 1615, 1632, 1672, 1677, 1690, 1698, 1711, 1942, 1945, 1980, 2011, 2029, 2044, 2047, 2723, 2763, 2766, 2805, 2934, 2958, 2982, 2985, 6835, 6869]@{}
http://www.comp.hkbu.edu.hk/v1/?lang=tc@[672, 675, 697, 699, 724, 730, 772, 785, 807, 813, 818, 832, 841, 844, 868, 879, 932, 1088, 1101, 1146, 1154, 1191, 1198, 1236, 1243, 1286, 1312, 1556, 1559, 1596, 1599, 1615, 1632, 1672, 1677, 1690, 1698, 1711, 1942, 1945, 1980, 2011, 2029, 2044, 2047, 2723, 2763, 2766, 2805, 2934, 2947, 2960, 2963, 6837, 6871]@{}
http://www.sci.hkbu.edu.hk/eng/page/?page=prospective-students@[660, 677, 698, 737, 740, 762, 765, 791, 794, 1017, 1089, 1103, 1117, 1784, 1812, 1844, 1927, 1993, 2018, 2047, 2147, 2156, 2467, 2609, 3030, 3057, 3637]@{}
http://www.sci.hkbu.edu.hk/eng/page/?page=current-students@[660, 677, 698, 737, 740, 762, 765, 791, 794, 1017, 1089, 1103, 1117, 1784, 1812, 1844, 1927, 1993, 2018, 2047, 2147, 2156, 2397, 2411, 2430, 2452, 2468, 2486, 2509, 2528, 2545, 2567, 2590, 2616, 2621, 2651, 2671, 2692, 2719, 2733, 2759, 2785, 2818, 2831, 2857, 2902, 2917, 3293]@{}
http://www.sci.hkbu.edu.hk/eng/page/@[660, 677, 698, 737, 740, 762, 765, 791, 794, 1017, 1089, 1103, 1117, 1784, 1812, 1844, 1927, 1993, 2018, 2047, 2147, 2156, 2527, 2560, 2972, 3396]@{}
http://www.sci.hkbu.edu.hk/eng/about-us/honorary-doctorate@[660, 677, 698, 737, 740, 762, 765, 791, 794, 1017, 1089, 1103, 1117, 1784, 1812, 1844, 1927, 1993, 2018, 2047, 2147, 2156, 2430, 2465, 2506, 2539, 2699, 2763, 2843, 2922, 3003, 3082, 3162, 3241, 3320, 3927]@{}
http://www.sci.hkbu.edu.hk/eng/about-us/distinguished-professorship/eng/page/?page=prospective-students@[660, 677, 698, 737, 740, 762, 765, 791, 794, 1017, 1089, 1103, 1117, 1784, 1812, 1844, 1927, 1993, 2018, 2047, 2147, 2156, 2954, 2957, 2971, 3111, 3183, 3256, 3333, 3405, 3479, 3551, 3618, 3690, 3766, 4022, 4025, 4039, 8092]@{}
http://www.sci.hkbu.edu.hk/eng/about-us/honorary-doctorate/eng/page/?page=prospective-students@[660, 677, 698, 737, 740, 762, 765, 791, 794, 1017, 1089, 1103, 1117, 1784, 1812, 1844, 1927, 1993, 2018, 2047, 2147, 2156, 2954, 2957, 2971, 3111, 3183, 3256, 3333, 3405, 3479, 3551, 3618, 3690, 3766, 4022, 4025, 4039, 8092]@{}
http://www.sci.hkbu.edu.hk/eng/about-us/distinguished-professor-of-science@[660, 677, 698, 737, 740, 762, 765, 791, 794, 1017, 1089, 1103, 1117, 1784, 1812, 1844, 1927, 1993, 2018, 2047, 2147, 2156, 2430, 2465, 2506, 2539, 2773, 2787, 2856, 2870, 2959, 2971, 3037, 3050, 3128, 3140, 3208, 3220, 3306, 3318, 3382, 3394, 3743]@{}
http://www.sci.hkbu.edu.hk/eng/about-us/dr-kennedy-wong-distinguished-visiting-professorship-scheme@[660, 677, 698, 737, 740, 762, 765, 791, 794, 1017, 1089, 1103, 1117, 1784, 1812, 1844, 1927, 1993, 2018, 2047, 2147, 2156, 2430, 2465, 2506, 2539, 2643, 2705, 2716, 2755, 2816, 2828, 2864, 2925, 2937, 2964, 3028, 3044, 3412]@{}
http://www.sci.hkbu.edu.hk/eng/about-us/distinguished-professor-of-science/eng/page/?page=prospective-students@[660, 677, 698, 737, 740, 762, 765, 791, 794, 1017, 1089, 1103, 1117, 1784, 1812, 1844, 1927, 1993, 2018, 2047, 2147, 2156, 2954, 2957, 2971, 3111, 3183, 3256, 3333, 3405, 3479, 3551, 3618, 3690, 3766, 4022, 4025, 4039, 8092]@{}
http://www.sci.hkbu.edu.hk/eng/about-us/dr-kennedy-wong-distinguished-visiting-professorship-scheme/eng/page/?page=prospective-students@[660, 677, 698, 737, 740, 762, 765, 791, 794, 1017, 1089, 1103, 1117, 1784, 1812, 1844, 1927, 1993, 2018, 2047, 2147, 2156, 2954, 2957, 2971, 3111, 3183, 3256, 3333, 3405, 3479, 3551, 3618, 3690, 3766, 4022, 4025, 4039, 8092]@{}
http://www.sci.hkbu.edu.hk/eng/page/eng/about-us/vision-mission@[660, 677, 698, 737, 740, 762, 765, 791, 794, 1017, 1089, 1103, 1117, 1784, 1812, 1844, 1927, 1993, 2018, 2047, 2147, 2156, 2954, 2957, 2971, 3111, 3183, 3256, 3333, 3405, 3479, 3551, 3618, 3690, 3766, 4022, 4025, 4039, 8092]@{}
http://www.sci.hkbu.edu.hk/eng/page/eng/about-us/faculty-advisory-committee@[660, 677, 698, 737, 740, 762, 765, 791, 794, 1017, 1089, 1103, 1117, 1784, 1812, 1844, 1927, 1993, 2018, 2047, 2147, 2156, 2954, 2957, 2971, 3111, 3183, 3256, 3333, 3405, 3479, 3551, 3618, 3690, 3766, 4022, 4025, 4039, 8092]@{}
http://www.sci.hkbu.edu.hk/eng@[660, 677, 698, 737, 740, 762, 765, 791, 794, 1017, 1089, 1103, 1117, 1784, 1812, 1844, 1927, 1993, 2018, 2047, 2147, 2156, 2954, 2957, 2971, 3111, 3183, 3256, 3333, 3405, 3479, 3551, 3618, 3690, 3766, 4022, 4025, 4039, 8092]@{}
http://www.sci.hkbu.edu.hk/eng/about-us/vision-mission@[660, 677, 698, 737, 740, 762, 765, 791, 794, 1017, 1089, 1103, 1117, 1784, 1812, 1844, 1927, 1993, 2018, 2047, 2147, 2156, 2430, 2465, 2506, 2539, 2650, 2679, 2727, 2737, 2766, 2772, 2783, 2817, 2823, 2833, 2866, 2872, 2883, 2904, 3316]@{}
http://www.sci.hkbu.edu.hk/eng/about-us/faculty-advisory-committee@[660, 677, 698, 737, 740, 762, 765, 791, 794, 1017, 1089, 1103, 1117, 1784, 1812, 1844, 1927, 1993, 2018, 2047, 2147, 2156, 2430, 2465, 2506, 2539, 2685, 2702, 2781, 2803, 2806, 2817, 2823, 2828, 2831, 2842, 2880, 2886, 2891, 2894, 2916, 2922, 2927, 2930, 2953, 2959, 2964, 2967, 2995, 3001, 3006, 3009, 3025, 3031, 3037, 3040, 3062, 3068, 3073, 3076, 3097, 3103, 3108, 3111, 3134, 3140, 3145, 3148, 3182, 3188, 3193, 3196, 3220, 3226, 3231, 3234, 3265, 3271, 3276, 3279, 3303, 3309, 3314, 3317, 3342, 3348, 3353, 3356, 3382, 3388, 3393, 3396, 3419, 3425, 3430, 3433, 3456, 3462, 3467, 3470, 3499, 3505, 3510, 3513, 3539, 3545, 3550, 3553, 3579, 3585, 3590, 3593, 3617, 3623, 3628, 3631, 3658, 3664, 3669, 3672, 3694, 3700, 3705, 3708, 4070]@{}
http://www.sci.hkbu.edu.hk/eng/about-us/vision-mission/eng/page/?page=prospective-students@[660, 677, 698, 737, 740, 762, 765, 791, 794, 1017, 1089, 1103, 1117, 1784, 1812, 1844, 1927, 1993, 2018, 2047, 2147, 2156, 2954, 2957, 2971, 3111, 3183, 3256, 3333, 3405, 3479, 3551, 3618, 3690, 3766, 4022, 4025, 4039, 8092]@{}
http://www.sci.hkbu.edu.hk/eng/about-us/faculty-advisory-committee/eng/page/?page=prospective-students@[660, 677, 698, 737, 740, 762, 765, 791, 794, 1017, 1089, 1103, 1117, 1784, 1812, 1844, 1927, 1993, 2018, 2047, 2147, 2156, 2954, 2957, 2971, 3111, 3183, 3256, 3333, 3405, 3479, 3551, 3618, 3690, 3766, 4022, 4025, 4039, 8092]@{}
http://www.sci.hkbu.edu.hk/eng/about-us/distinguished-professorship@[660, 677, 698, 737, 740, 762, 765, 791, 794, 1017, 1089, 1103, 1117, 1784, 1812, 1844, 1927, 1993, 2018, 2047, 2147, 2156, 2430, 2465, 2506, 2539, 2961]@{}
