https://iss.hkbu.edu.hk/buam/buam2/reset_pwd/verify_acct.seam@[77, 86]@[77, 86]
https://www.comp.hkbu.edu.hk/v1/?page=head@[134]@[134]
https://iss.hkbu.edu.hk/buam/buam2/reset_pwd_alumni/verify_acct.seam@[103]@[103]
https://www.comp.hkbu.edu.hk/v1/?page=events@[4041, 7248]@[4041, 7248]
https://www.comp.hkbu.edu.hk/v1/?page=highlights@[1224]@[1224]
https://www.comp.hkbu.edu.hk/v1/?page=dlecture@[1182, 1199, 2853]@[1182, 1199, 2853]
https://www.comp.hkbu.edu.hk/v1/?file=355@[113, 213, 272, 297, 338, 411, 426, 431, 469, 493, 510, 511, 539, 711, 746, 748, 784, 787, 863, 865, 900, 906, 915, 952, 966, 991, 1000, 1004, 1006, 1055, 1120, 1126, 1173, 1226, 1242, 1293, 1391, 1396, 1404, 1492, 1510, 1565, 1617, 1636, 1637, 1703, 1705, 1708, 1709, 1726, 1792, 1794, 1800, 1885, 1895, 1947, 1999, 2059, 2076, 2176, 2179, 2215, 2220, 2221, 2267, 2324, 2331, 2339, 2461, 2485, 2576, 2582, 2648, 2736, 2752, 2755, 2762, 2780, 2909, 2923, 3000, 3004, 3047, 3048, 3110, 3205, 3296, 3310, 3333, 3354, 3357, 3362, 3367, 3368, 3371, 3376, 3381, 3417, 3447, 3456, 3476, 3522, 3529, 3587, 3687, 3702, 3703, 3714, 3752, 3818, 3977, 3978, 4032, 4039, 4076, 4092, 4097, 4100, 4123, 4151, 4188, 4197, 4220, 4228, 4252, 4253, 4269, 4357, 4385, 4398, 4417, 4464, 4537, 4581, 4608, 4636, 4726, 4876, 4900, 4935, 4937, 5068, 5142, 5198, 5280, 5310, 5354, 5361, 5377, 5378, 5380, 5392, 5408, 5409, 5411, 5505, 5523, 5534, 5578, 5651, 5735, 5739, 5743, 5744, 5748, 5769, 5860, 5896, 5909, 5927, 5943, 5959, 5975, 6001, 6017, 6033, 6049, 6065, 6072, 6078, 6098, 6101, 6108, 6113, 6160, 6165, 6167, 6192, 6286, 6320, 6351, 6365, 6392, 6396, 6413, 6414, 6426, 6461, 6470, 6480, 6661, 6682, 6710, 6712, 6916, 6924, 6970, 6979, 7010, 7030, 7090, 7145, 7167, 7196, 7235, 7242, 7254, 7280, 7311, 7351, 7378, 7386, 7416, 7622, 7625, 7628, 7637, 7674, 7697, 7720, 7743, 7766, 7789, 7812, 7835, 7858, 7881, 7904, 7919]@[]
https://www.comp.hkbu.edu.hk/v1/?file=1431@[1209, 1212, 1335, 1353, 1416, 1449, 1483, 1676, 1786, 1787, 1821, 1843, 1852, 1915, 1950, 2029, 2075, 2132, 2236, 2394, 2894, 2941, 2945, 2949, 2982, 2989, 3025, 3104, 3229, 3239, 3283, 3298, 3462, 3463, 3473, 3581, 3656, 3689, 3756, 3789, 3828, 3840, 3884, 3926, 3951, 3977, 3979, 4011, 4103, 4123, 4181, 4242, 4262, 4350, 4384, 4402, 4419, 4453, 4667, 4679, 4711, 4724, 4963, 4974, 4978, 4996, 5009, 5029, 5048, 5154, 5184, 5251, 5267]@[]
https://policies.google.com/privacy@[4163]@[4163]
https://accounts.google.com/SignUp?continue=https%3A%2F%2Fmyaccount.google.com%2Fgeneral-light@[74]@[74]
https://itunes.apple.com/app/google-search/id284815942?mt=8@[1073]@[1073]
https://www.google.com.hk@[39]@[39]
