https://iss.hkbu.edu.hk/buam/buam2/change_pwd/index.seam@[20]@[20]
https://www.comp.hkbu.edu.hk/v1/?page=facilities_research@[224]@[224]
https://www.comp.hkbu.edu.hk/v1/?page=dlecture@[516, 611, 2061]@[516, 611, 2061]
https://www.comp.hkbu.edu.hk/v1/?page=driving_direction@[111, 160]@[111, 160]
https://forms.gle/DjStXN8kEpUVwTW38@[83, 84]@[]
https://www.comp.hkbu.edu.hk/v1/?file=1431@[6155, 6206, 6283, 6334, 6411, 6511, 6622, 6661, 6714, 6753, 6806, 6882]@[]
https://docs.google.com/forms/d/e/1FAIpQLSeVYkN7Lv3OYVkVkgmY5bEmOGQJUPL2r1H8dI6qzyblBxlTpg/reportabuse?source=https://docs.google.com/forms/d/e/1FAIpQLSeVYkN7Lv3OYVkVkgmY5bEmOGQJUPL2r1H8dI6qzyblBxlTpg/viewform?usp%3Dsend_form@[0, 2, 3]@[3]
https://policies.google.com/terms@[0, 6, 22, 48, 57, 64, 66, 70, 74, 97, 104, 148, 163, 193, 243, 265, 348, 358, 399, 414, 464, 485, 487, 491, 495, 509, 519, 540, 553, 560, 601, 616, 653, 656, 766, 769, 1202, 1352, 1521, 1584, 1596, 1618, 1716, 1725, 1744, 1761, 1764, 1776, 1788, 1802, 1825, 1834, 1848, 1896, 1918, 1948, 1978, 2095, 2108, 2119, 2130, 2135, 2188, 2228, 2265, 2270, 2687, 2719, 2768, 2828, 2853, 2990, 3048, 3095, 3097, 3113, 3166, 3189, 3247, 3302, 3415, 3682, 3692, 3698, 3714, 3717, 3721, 3742, 3950, 3969, 3975, 3985, 4000, 4056, 4104, 4170, 4172]@[22, 48, 57, 64, 66, 70, 74, 97, 104, 148, 163, 193, 243, 265, 348, 358, 399, 414, 464, 485, 487, 491, 495, 509, 519, 540, 553, 560, 601, 616, 653, 656, 766, 769, 1202, 1352, 1521, 1584, 1596, 1618, 1716, 1725, 1744, 1761, 1764, 1776, 1788, 1802, 1825, 1834, 1848, 1896, 1918, 1948, 1978, 2095, 2108, 2119, 2130, 2135, 2188, 2228, 2265, 2270, 2687, 2719, 2768, 2828, 2853, 2990, 3048, 3095, 3097, 3113, 3166, 3189, 3247, 3302, 3415, 3682, 3692, 3698, 3714, 3717, 3721, 3742, 3950, 3969, 3975, 3985, 4000, 4056, 4104, 4170, 4172]
https://policies.google.com/privacy@[4, 19, 42, 48, 51, 92, 177, 180, 239, 248, 273, 297, 322, 339, 413, 481, 511, 559, 578, 617, 704, 793, 828, 834, 949, 1004, 1020, 1154, 1174, 1275, 1421, 1431, 1473, 1476, 1542, 1703, 1711, 1713, 1716, 1776, 1800, 1821, 1857, 1931, 2019, 2027, 2049, 2207, 2223, 2226, 2291, 2300, 2344, 2398, 2409, 2431, 2433, 2527, 2536, 2554, 2571, 2584, 2601, 2618, 2630, 2651, 2671, 2682, 2697, 2825, 2836, 2875, 2893, 2909, 2920, 2972, 2988, 3119, 3200, 3273, 3328, 3396, 3469, 3524, 3538, 3555, 3570, 3587, 3599, 3700, 3812, 3980, 4052, 4139, 4150, 4161, 4171, 4199, 4222, 4248, 4250, 4299, 4307, 4319, 4342, 4357, 4360, 4363, 4367, 4571, 4576, 4602, 4617, 4631, 4659, 4682, 4791, 4799, 4995, 5069, 5114, 5138, 5156, 5271, 5440, 5496, 5501, 5507, 5524, 5577, 5582, 5603, 5608, 5645, 5650, 5652, 5687, 5698, 5722, 5747, 5751, 5764, 5774, 5814, 5842, 5946, 5954, 6116, 6199, 6218, 6223, 6232, 6270, 6287, 6313, 6427, 6442, 6451, 6458, 6463, 6485, 6503, 6510, 6517, 6539, 6624, 6683, 6784, 6792, 6817, 6827, 7104, 7112, 7123, 7150, 7153, 7179, 7192, 7197, 7283, 7303, 7486, 7505, 7512, 7534, 7556, 7574, 7595, 7671, 7673]@[19, 42, 48, 51, 92, 177, 180, 239, 248, 273, 297, 322, 339, 413, 481, 511, 559, 578, 617, 704, 793, 828, 834, 949, 1004, 1020, 1154, 1174, 1275, 1421, 1431, 1473, 1476, 1542, 1703, 1711, 1713, 1716, 1776, 1800, 1821, 1857, 1931, 2019, 2027, 2049, 2207, 2223, 2226, 2291, 2300, 2344, 2398, 2409, 2431, 2433, 2527, 2536, 2554, 2571, 2584, 2601, 2618, 2630, 2651, 2671, 2682, 2697, 2825, 2836, 2875, 2893, 2909, 2920, 2972, 2988, 3119, 3200, 3273, 3328, 3396, 3469, 3524, 3538, 3555, 3570, 3587, 3599, 3700, 3812, 3980, 4052, 4139, 4150, 4161, 4171, 4199, 4222, 4248, 4250, 4299, 4307, 4319, 4342, 4357, 4360, 4363, 4367, 4571, 4576, 4602, 4617, 4631, 4659, 4682, 4791, 4799, 4995, 5069, 5114, 5138, 5156, 5271, 5440, 5496, 5501, 5507, 5524, 5577, 5582, 5603, 5608, 5645, 5650, 5652, 5687, 5698, 5722, 5747, 5751, 5764, 5774, 5814, 5842, 5946, 5954, 6116, 6199, 6218, 6223, 6232, 6270, 6287, 6313, 6427, 6442, 6451, 6458, 6463, 6485, 6503, 6510, 6517, 6539, 6624, 6683, 6784, 6792, 6817, 6827, 7104, 7112, 7123, 7150, 7153, 7179, 7192, 7197, 7283, 7303, 7486, 7505, 7512, 7534, 7556, 7574, 7595, 7671, 7673]
https://www.google.com@[0, 4, 9, 10]@[4, 9, 10]
https://myaccount.google.com@[0, 1, 2, 3, 4, 8]@[8]
https://news.google.com/?tab=wn@[0, 33, 39, 110, 1367, 1985]@[110, 1367, 1985]
https://mail.google.com/mail/?tab=wm@[1, 3, 4, 8]@[8]
https://drive.google.com/?tab=wo@[0, 1, 2, 3, 4, 8]@[8]
https://www.google.com.hk/intl/zh-TW/about/products?tab=wh@[0, 1, 4, 5, 14, 25, 36, 47, 58, 70, 76, 77, 87, 91, 93, 99, 100, 105, 111, 122, 125, 128, 130, 132, 138, 140, 142, 149, 156, 166, 171, 173, 176, 180, 184, 194, 196, 208, 210, 211, 212, 215, 229, 231, 233, 235, 237, 239, 241, 243, 245, 247, 249, 251, 253, 255, 258, 260, 262, 264, 267, 269, 271, 272, 273, 274, 275, 276, 277, 278, 279, 280, 289, 305, 307, 309, 312, 315, 318, 321, 324, 327, 330, 332, 333, 334, 335, 336, 337, 344, 347, 350, 351]@[14, 25, 36, 47, 58, 70, 76, 77, 87, 91, 93, 99, 100, 105, 111, 122, 125, 128, 130, 132, 138, 140, 142, 149, 156, 166, 171, 173, 176, 180, 184, 194, 196, 208, 210, 211, 212, 215, 229, 231, 233, 235, 237, 239, 241, 243, 245, 247, 249, 251, 253, 255, 258, 260, 262, 264, 267, 269, 271, 272, 273, 274, 275, 276, 277, 278, 279, 280, 289, 305, 307, 309, 312, 315, 318, 321, 324, 327, 330, 332, 333, 334, 335, 336, 337, 344, 347, 350, 351]
https://www.google.com.hk/history/optout?hl=zh-TW@[0, 1, 12, 14, 17, 18]@[]
https://accounts.google.com/SignUp?continue=https%3A%2F%2Fmyaccount.google.com%2Fgeneral-light@[0, 2, 7, 10, 359, 360, 361]@[2, 7, 10, 359, 360, 361]
https://news.google.com/?tab=nn@[0, 33, 39, 110, 1526, 2119]@[110, 1526, 2119]
https://itunes.apple.com/app/google-search/id284815942?mt=8@[0, 47, 54, 70, 101, 198, 199, 238, 251, 272, 284, 323, 337, 344, 352, 451, 581, 755, 768, 877, 900, 914, 982, 1038, 1041, 1047, 1049, 1052]@[47, 54, 70, 101, 198, 199, 238, 251, 272, 284, 323, 337, 344, 352, 451, 581, 755, 768, 877, 900, 914, 982, 1038, 1041, 1047, 1049, 1052]
https://play.google.com/store/apps/details?id=com.google.android.googlequicksearchbox@[0, 3, 129, 183, 184, 197, 228, 321, 333, 356, 364, 434, 474, 526, 533, 545, 549, 551, 569, 582, 586, 592, 602, 636, 668, 676, 692, 698]@[129, 183, 184, 197, 228, 321, 333, 356, 364, 434, 474, 526, 533, 545, 549, 551, 569, 582, 586, 592, 602, 636, 668, 676, 692, 698]
https://support.google.com/websearch?hl=zh@[0, 1, 2, 12, 13, 15, 16, 17, 18, 19, 20, 21, 23, 24, 25, 26, 27, 28, 29, 30, 34, 37, 38, 41, 42, 44, 45, 46, 48, 49, 50, 51, 52, 53, 54, 56, 58, 59, 60, 61, 62, 63, 64, 65, 66, 67, 68, 69, 71, 114]@[1, 2, 12, 13, 15, 16, 17, 18, 19, 20, 21, 23, 24, 25, 26, 27, 28, 29, 30, 34, 37, 38, 41, 42, 44, 45, 46, 48, 49, 50, 51, 52, 53, 54, 56, 58, 59, 60, 61, 62, 63, 64, 65, 66, 67, 68, 69, 71, 114]
https://www.google.com.hk@[0, 33, 50, 51]@[33, 50, 51]
https://support.google.com/accounts/answer/23852?hl=zh-HK@[2, 3, 4, 15, 17, 18, 19, 20, 21, 34, 80]@[3, 4, 15, 17, 18, 19, 20, 21, 34, 80]
