http://www.comp.hkbu.edu.hk@[2237, 2238, 2241, 2246, 2249, 2254, 2262, 2270, 2278, 2380, 2381, 2384, 2386, 2390, 2393, 4154, 4155, 4159, 4164, 4255, 4256, 4720, 5337, 5990, 5997, 6006, 6013]@{}
http://www.comp.hkbu.edu.hk/v1/?page=sci@[2241, 2242, 2246, 2251, 2255, 2260, 2264, 2269, 2275, 2280, 2287, 2292, 2299, 2307, 2315, 2323, 2329, 3031, 3036, 6069, 6070, 6073, 6077, 6080, 6086, 6089, 6092, 6094, 6097, 6182, 6183, 6186, 6209, 6224, 6287, 6292, 6308, 6312, 6314, 6319, 6379, 6383, 6385, 6388, 6406, 6441, 6442, 6444, 6454, 6461, 6475, 6476, 6479, 6490, 6499, 6507, 6523, 6532, 6543, 7187, 7188, 7191, 7195, 7199, 7676, 7681, 7683, 7688, 7699, 7714, 7860, 8189, 8190, 8193, 8197, 8200, 8203]@{}
http://www.comp.hkbu.edu.hk/v1/?page=job_vacancies?=tc@[2237, 2238, 2241, 2246, 2249, 2254, 2262, 2270, 2278, 2380, 2381, 2384, 2386, 2390, 2393, 4160, 4161, 4165, 4170, 4261, 4262, 4716, 5333, 5986, 5993, 6002, 6009]@{}
http://www.comp.hkbu.edu.hk/v1/?page=job_vacancies?=sc@[2237, 2238, 2241, 2246, 2249, 2254, 2262, 2270, 2278, 2380, 2381, 2384, 2386, 2390, 2393, 4160, 4161, 4165, 4170, 4261, 4262, 4716, 5333, 5986, 5993, 6002, 6009]@{}
http://www.comp.hkbu.edu.hk/v1/?page=sitemap?=tc@[2237, 2238, 2241, 2246, 2249, 2254, 2262, 2270, 2278, 2380, 2381, 2384, 2386, 2390, 2393, 4159, 4160, 4164, 4169, 4260, 4261, 4712, 5329, 5982, 5989, 5998, 6005]@{}
http://www.comp.hkbu.edu.hk/v1/?page=sitemap?=sc@[2237, 2238, 2241, 2246, 2249, 2254, 2262, 2270, 2278, 2380, 2381, 2384, 2386, 2390, 2393, 4159, 4160, 4164, 4169, 4260, 4261, 4711, 5328, 5981, 5988, 5997, 6004]@{}
http://www.comp.hkbu.edu.hk/v1/?lang=sc@[2237, 2238, 2241, 2246, 2249, 2254, 2262, 2270, 2278, 2380, 2381, 2384, 2386, 2390, 2393, 4154, 4155, 4159, 4164, 4255, 4256, 4707, 5324, 5977, 5984, 5993, 6000]@{}
http://www.comp.hkbu.edu.hk/~alumni/news/../donation/@[716, 749, 815, 905, 956, 997, 1006, 1015, 1024, 1069, 1187]@{}
http://www.comp.hkbu.edu.hk/v1/?page=job_vacancies?=tc?=tc@[2237, 2238, 2241, 2246, 2249, 2254, 2262, 2270, 2278, 2380, 2381, 2384, 2386, 2390, 2393, 4161, 4162, 4166, 4171, 4262, 4263, 4713, 5330, 5983, 5990, 5999, 6006]@{}
http://www.comp.hkbu.edu.hk/v1/?page=job_vacancies?=sc?=tc@[2237, 2238, 2241, 2246, 2249, 2254, 2262, 2270, 2278, 2380, 2381, 2384, 2386, 2390, 2393, 4161, 4162, 4166, 4171, 4262, 4263, 4723, 5340, 5993, 6000, 6009, 6016]@{}
http://www.comp.hkbu.edu.hk/v1/?page=sitemap?=tc?=tc@[2237, 2238, 2241, 2246, 2249, 2254, 2262, 2270, 2278, 2380, 2381, 2384, 2386, 2390, 2393, 4161, 4162, 4166, 4171, 4262, 4263, 4713, 5330, 5983, 5990, 5999, 6006]@{}
http://www.comp.hkbu.edu.hk/v1/?page=sitemap?=sc?=tc@[2237, 2238, 2241, 2246, 2249, 2254, 2262, 2270, 2278, 2380, 2381, 2384, 2386, 2390, 2393, 4161, 4162, 4166, 4171, 4262, 4263, 4727, 5344, 5997, 6004, 6013, 6020]@{}
http://www.comp.hkbu.edu.hk/v1/?page=home@[2237, 2238, 2241, 2246, 2249, 2254, 2262, 2270, 2278, 2380, 2381, 2384, 2386, 2390, 2393, 4157, 4158, 4162, 4167, 4258, 4259, 4705, 5322, 5975, 5982, 5991, 5998]@{}
http://www.comp.hkbu.edu.hk/v1/?page=job_vacancies?=tc?=tc?=tc@[2237, 2238, 2241, 2246, 2249, 2254, 2262, 2270, 2278, 2380, 2381, 2384, 2386, 2390, 2393, 4164, 4165, 4169, 4174, 4265, 4266, 4727, 5344, 5997, 6004, 6013, 6020]@{}
http://www.comp.hkbu.edu.hk/v1/?page=job_vacancies?=sc?=tc?=tc@[2237, 2238, 2241, 2246, 2249, 2254, 2262, 2270, 2278, 2380, 2381, 2384, 2386, 2390, 2393, 4163, 4164, 4168, 4173, 4264, 4265, 4711, 5328, 5981, 5988, 5997, 6004]@{}
http://www.comp.hkbu.edu.hk/v1/?page=sitemap?=tc?=tc?=tc@[2237, 2238, 2241, 2246, 2249, 2254, 2262, 2270, 2278, 2380, 2381, 2384, 2386, 2390, 2393, 4164, 4165, 4169, 4174, 4265, 4266, 4717, 5334, 5987, 5994, 6003, 6010]@{}
http://www.comp.hkbu.edu.hk/v1/?page=sitemap?=sc?=tc?=tc@[2237, 2238, 2241, 2246, 2249, 2254, 2262, 2270, 2278, 2380, 2381, 2384, 2386, 2390, 2393, 4164, 4165, 4169, 4174, 4265, 4266, 4720, 5337, 5990, 5997, 6006, 6013]@{}
http://www.comp.hkbu.edu.hk/v1/?page=home?=tc@[2237, 2238, 2241, 2246, 2249, 2254, 2262, 2270, 2278, 2380, 2381, 2384, 2386, 2390, 2393, 4159, 4160, 4164, 4169, 4260, 4261, 4715, 5332, 5985, 5992, 6001, 6008]@{}
http://www.comp.hkbu.edu.hk/v1/?page=job_vacancies?=tc?=tc?=tc?=tc@[2237, 2238, 2241, 2246, 2249, 2254, 2262, 2270, 2278, 2380, 2381, 2384, 2386, 2390, 2393, 4166, 4167, 4171, 4176, 4267, 4268, 4728, 5345, 5998, 6005, 6014, 6021]@{}
http://www.comp.hkbu.edu.hk/v1/?page=job_vacancies?=sc?=tc?=tc?=tc@[2237, 2238, 2241, 2246, 2249, 2254, 2262, 2270, 2278, 2380, 2381, 2384, 2386, 2390, 2393, 4166, 4167, 4171, 4176, 4267, 4268, 4729, 5346, 5999, 6006, 6015, 6022]@{}
http://www.comp.hkbu.edu.hk/v1/?page=sitemap?=tc?=tc?=tc?=tc@[2237, 2238, 2241, 2246, 2249, 2254, 2262, 2270, 2278, 2380, 2381, 2384, 2386, 2390, 2393, 4165, 4166, 4170, 4175, 4266, 4267, 4717, 5334, 5987, 5994, 6003, 6010]@{}
http://www.comp.hkbu.edu.hk/v1/?page=sitemap?=sc?=tc?=tc?=tc@[2237, 2238, 2241, 2246, 2249, 2254, 2262, 2270, 2278, 2380, 2381, 2384, 2386, 2390, 2393, 4165, 4166, 4170, 4175, 4266, 4267, 4728, 5345, 5998, 6005, 6014, 6021]@{}
http://www.comp.hkbu.edu.hk/v1/?page=home?=tc?=tc@[2237, 2238, 2241, 2246, 2249, 2254, 2262, 2270, 2278, 2380, 2381, 2384, 2386, 2390, 2393, 4161, 4162, 4166, 4171, 4262, 4263, 4717, 5334, 5987, 5994, 6003, 6010]@{}
http://www.comp.hkbu.edu.hk/v1/?page=job_vacancies?=tc?=tc?=tc?=tc?=tc@[2237, 2238, 2241, 2246, 2249, 2254, 2262, 2270, 2278, 2380, 2381, 2384, 2386, 2390, 2393, 4168, 4169, 4173, 4178, 4269, 4270, 4731, 5348, 6001, 6008, 6017, 6024]@{}
http://www.comp.hkbu.edu.hk/v1/?page=job_vacancies?=sc?=tc?=tc?=tc?=tc@[2237, 2238, 2241, 2246, 2249, 2254, 2262, 2270, 2278, 2380, 2381, 2384, 2386, 2390, 2393, 4167, 4168, 4172, 4177, 4268, 4269, 4716, 5333, 5986, 5993, 6002, 6009]@{}
http://www.comp.hkbu.edu.hk/v1/?page=sitemap?=tc?=tc?=tc?=tc?=tc@[2237, 2238, 2241, 2246, 2249, 2254, 2262, 2270, 2278, 2380, 2381, 2384, 2386, 2390, 2393, 4168, 4169, 4173, 4178, 4269, 4270, 4724, 5341, 5994, 6001, 6010, 6017]@{}
http://www.comp.hkbu.edu.hk/v1/?page=sitemap?=sc?=tc?=tc?=tc?=tc@[2237, 2238, 2241, 2246, 2249, 2254, 2262, 2270, 2278, 2380, 2381, 2384, 2386, 2390, 2393, 4167, 4168, 4172, 4177, 4268, 4269, 4730, 5347, 6000, 6007, 6016, 6023]@{}
http://www.comp.hkbu.edu.hk/v1/?page=home?=tc?=tc?=tc@[2237, 2238, 2241, 2246, 2249, 2254, 2262, 2270, 2278, 2380, 2381, 2384, 2386, 2390, 2393, 4163, 4164, 4168, 4173, 4264, 4265, 4715, 5332, 5985, 5992, 6001, 6008]@{}
http://www.comp.hkbu.edu.hk/v1/?page=job_vacancies@[1785, 1786, 1789, 1794, 1797, 1802, 1810, 1818, 1826, 1928, 1929, 1932, 1934, 1938, 1941, 3706, 3707, 3711, 3716, 3807, 3808]@{}
http://www.comp.hkbu.edu.hk/v1/?page=job_vacancies?=tc?=tc?=tc?=tc?=tc?=tc@[2237, 2238, 2241, 2246, 2249, 2254, 2262, 2270, 2278, 2380, 2381, 2384, 2386, 2390, 2393, 4170, 4171, 4175, 4180, 4271, 4272, 4719, 5336, 5989, 5996, 6005, 6012]@{}
http://www.comp.hkbu.edu.hk/v1/?page=job_vacancies?=sc?=tc?=tc?=tc?=tc?=tc@[2237, 2238, 2241, 2246, 2249, 2254, 2262, 2270, 2278, 2380, 2381, 2384, 2386, 2390, 2393, 4169, 4170, 4174, 4179, 4270, 4271, 4718, 5335, 5988, 5995, 6004, 6011]@{}
http://www.comp.hkbu.edu.hk/v1/?page=sitemap?=tc?=tc?=tc?=tc?=tc?=tc@[2237, 2238, 2241, 2246, 2249, 2254, 2262, 2270, 2278, 2380, 2381, 2384, 2386, 2390, 2393, 4169, 4170, 4174, 4179, 4270, 4271, 4722, 5339, 5992, 5999, 6008, 6015]@{}
http://www.comp.hkbu.edu.hk/v1/?page=sitemap?=sc?=tc?=tc?=tc?=tc?=tc@[2237, 2238, 2241, 2246, 2249, 2254, 2262, 2270, 2278, 2380, 2381, 2384, 2386, 2390, 2393, 4170, 4171, 4175, 4180, 4271, 4272, 4740, 5357, 6010, 6017, 6026, 6033]@{}
http://www.comp.hkbu.edu.hk/v1/?page=home?=tc?=tc?=tc?=tc@[2237, 2238, 2241, 2246, 2249, 2254, 2262, 2270, 2278, 2380, 2381, 2384, 2386, 2390, 2393, 4166, 4167, 4171, 4176, 4267, 4268, 4721, 5338, 5991, 5998, 6007, 6014]@{}
http://www.comp.hkbu.edu.hk/v1/?page=job_vacancies?=tc?=tc?=tc?=tc?=tc?=tc?=tc@[2237, 2238, 2241, 2246, 2249, 2254, 2262, 2270, 2278, 2380, 2381, 2384, 2386, 2390, 2393, 4172, 4173, 4177, 4182, 4273, 4274, 4723, 5340, 5993, 6000, 6009, 6016]@{}
http://www.comp.hkbu.edu.hk/v1/?page=job_vacancies?=sc?=tc?=tc?=tc?=tc?=tc?=tc@[2237, 2238, 2241, 2246, 2249, 2254, 2262, 2270, 2278, 2380, 2381, 2384, 2386, 2390, 2393, 4172, 4173, 4177, 4182, 4273, 4274, 4720, 5337, 5990, 5997, 6006, 6013]@{}
http://www.comp.hkbu.edu.hk/v1/?page=sitemap?=tc?=tc?=tc?=tc?=tc?=tc?=tc@[2237, 2238, 2241, 2246, 2249, 2254, 2262, 2270, 2278, 2380, 2381, 2384, 2386, 2390, 2393, 4171, 4172, 4176, 4181, 4272, 4273, 4722, 5339, 5992, 5999, 6008, 6015]@{}
http://www.comp.hkbu.edu.hk/v1/?page=sitemap?=sc?=tc?=tc?=tc?=tc?=tc?=tc@[2237, 2238, 2241, 2246, 2249, 2254, 2262, 2270, 2278, 2380, 2381, 2384, 2386, 2390, 2393, 4171, 4172, 4176, 4181, 4272, 4273, 4724, 5341, 5994, 6001, 6010, 6017]@{}
http://www.comp.hkbu.edu.hk/v1/?page=home?=tc?=tc?=tc?=tc?=tc@[2237, 2238, 2241, 2246, 2249, 2254, 2262, 2270, 2278, 2380, 2381, 2384, 2386, 2390, 2393, 4168, 4169, 4173, 4178, 4269, 4270, 4724, 5341, 5994, 6001, 6010, 6017]@{}
http://www.comp.hkbu.edu.hk/v1/?page=job_vacancies?=tc?=tc?=tc?=tc?=tc?=tc?=tc?=tc@[2237, 2238, 2241, 2246, 2249, 2254, 2262, 2270, 2278, 2380, 2381, 2384, 2386, 2390, 2393, 4174, 4175, 4179, 4184, 4275, 4276, 4739, 5356, 6009, 6016, 6025, 6032]@{}
http://www.comp.hkbu.edu.hk/v1/?page=job_vacancies?=sc?=tc?=tc?=tc?=tc?=tc?=tc?=tc@[2237, 2238, 2241, 2246, 2249, 2254, 2262, 2270, 2278, 2380, 2381, 2384, 2386, 2390, 2393, 4174, 4175, 4179, 4184, 4275, 4276, 4723, 5340, 5993, 6000, 6009, 6016]@{}
http://www.comp.hkbu.edu.hk/v1/?page=sitemap?=tc?=tc?=tc?=tc?=tc?=tc?=tc?=tc@[2237, 2238, 2241, 2246, 2249, 2254, 2262, 2270, 2278, 2380, 2381, 2384, 2386, 2390, 2393, 4174, 4175, 4179, 4184, 4275, 4276, 4726, 5343, 5996, 6003, 6012, 6019]@{}
http://www.comp.hkbu.edu.hk/v1/?page=sitemap?=sc?=tc?=tc?=tc?=tc?=tc?=tc?=tc@[2237, 2238, 2241, 2246, 2249, 2254, 2262, 2270, 2278, 2380, 2381, 2384, 2386, 2390, 2393, 4174, 4175, 4179, 4184, 4275, 4276, 4740, 5357, 6010, 6017, 6026, 6033]@{}
http://www.comp.hkbu.edu.hk/v1/?page=sitemap@[1783, 1784, 1787, 1792, 1795, 1800, 1808, 1816, 1824, 1926, 1927, 1930, 1932, 1936, 1939, 3703, 3704, 3708, 3713, 3804, 3805]@{}
http://www.comp.hkbu.edu.hk/v1/?page=home?=tc?=tc?=tc?=tc?=tc?=tc@[2237, 2238, 2241, 2246, 2249, 2254, 2262, 2270, 2278, 2380, 2381, 2384, 2386, 2390, 2393, 4169, 4170, 4174, 4179, 4270, 4271, 4725, 5342, 5995, 6002, 6011, 6018]@{}
http://www.comp.hkbu.edu.hk/v1/?page=job_vacancies?=tc?=tc?=tc?=tc?=tc?=tc?=tc?=tc?=tc@[2237, 2238, 2241, 2246, 2249, 2254, 2262, 2270, 2278, 2380, 2381, 2384, 2386, 2390, 2393, 4176, 4177, 4181, 4186, 4277, 4278, 4739, 5356, 6009, 6016, 6025, 6032]@{}
http://www.comp.hkbu.edu.hk/v1/?page=job_vacancies?=sc?=tc?=tc?=tc?=tc?=tc?=tc?=tc?=tc@[2237, 2238, 2241, 2246, 2249, 2254, 2262, 2270, 2278, 2380, 2381, 2384, 2386, 2390, 2393, 4176, 4177, 4181, 4186, 4277, 4278, 4738, 5355, 6008, 6015, 6024, 6031]@{}
http://www.comp.hkbu.edu.hk/v1/?page=sitemap?=tc?=tc?=tc?=tc?=tc?=tc?=tc?=tc?=tc@[2237, 2238, 2241, 2246, 2249, 2254, 2262, 2270, 2278, 2380, 2381, 2384, 2386, 2390, 2393, 4175, 4176, 4180, 4185, 4276, 4277, 4723, 5340, 5993, 6000, 6009, 6016]@{}
http://www.comp.hkbu.edu.hk/v1/?page=sitemap?=sc?=tc?=tc?=tc?=tc?=tc?=tc?=tc?=tc@[2237, 2238, 2241, 2246, 2249, 2254, 2262, 2270, 2278, 2380, 2381, 2384, 2386, 2390, 2393, 4175, 4176, 4180, 4185, 4276, 4277, 4741, 5358, 6011, 6018, 6027, 6034]@{}
http://www.comp.hkbu.edu.hk/v1/?lang=tc@[2237, 2238, 2241, 2246, 2249, 2254, 2262, 2270, 2278, 2380, 2381, 2384, 2386, 2390, 2393, 4153, 4154, 4158, 4163, 4254, 4255, 4723, 5340, 5993, 6000, 6009, 6016]@{}
http://www.sci.hkbu.edu.hk/eng/page/?page=prospective-students@[2241, 2242, 2246, 2251, 2255, 2260, 2264, 2269, 2275, 2280, 2287, 2292, 2299, 2307, 2315, 2323, 2329, 3405, 3734, 3735, 3738, 3742, 3745, 3748]@{}
http://www.sci.hkbu.edu.hk/eng/page/?page=current-students@[2241, 2242, 2246, 2251, 2255, 2260, 2264, 2269, 2275, 2280, 2287, 2292, 2299, 2307, 2315, 2323, 2329, 3061, 3390, 3391, 3394, 3398, 3401, 3404]@{}
http://www.sci.hkbu.edu.hk/eng/page/@[2241, 2242, 2246, 2251, 2255, 2260, 2264, 2269, 2275, 2280, 2287, 2292, 2299, 2307, 2315, 2323, 2329, 3164, 3493, 3494, 3497, 3501, 3504, 3507]@{}
http://www.sci.hkbu.edu.hk/eng/about-us/honorary-doctorate@[2241, 2242, 2246, 2251, 2255, 2260, 2264, 2269, 2275, 2280, 2287, 2292, 2299, 2307, 2315, 2323, 2329, 3443, 3695, 4024, 4025, 4028, 4032, 4035, 4038]@{}
http://www.sci.hkbu.edu.hk/eng/about-us/distinguished-professorship/eng/page/?page=prospective-students@[2241, 2242, 2246, 2251, 2255, 2260, 2264, 2269, 2275, 2280, 2287, 2292, 2299, 2307, 2315, 2323, 2329, 3031, 3036, 6069, 6070, 6073, 6077, 6080, 6086, 6089, 6092, 6094, 6097, 6182, 6183, 6186, 6209, 6224, 6287, 6292, 6308, 6312, 6314, 6319, 6379, 6383, 6385, 6388, 6406, 6441, 6442, 6444, 6454, 6461, 6475, 6476, 6479, 6490, 6499, 6507, 6523, 6532, 6543, 7187, 7188, 7191, 7195, 7199, 7676, 7681, 7683, 7688, 7699, 7714, 7860, 8189, 8190, 8193, 8197, 8200, 8203]@{}
http://www.sci.hkbu.edu.hk/eng/about-us/honorary-doctorate/eng/page/?page=prospective-students@[2241, 2242, 2246, 2251, 2255, 2260, 2264, 2269, 2275, 2280, 2287, 2292, 2299, 2307, 2315, 2323, 2329, 3031, 3036, 6069, 6070, 6073, 6077, 6080, 6086, 6089, 6092, 6094, 6097, 6182, 6183, 6186, 6209, 6224, 6287, 6292, 6308, 6312, 6314, 6319, 6379, 6383, 6385, 6388, 6406, 6441, 6442, 6444, 6454, 6461, 6475, 6476, 6479, 6490, 6499, 6507, 6523, 6532, 6543, 7187, 7188, 7191, 7195, 7199, 7676, 7681, 7683, 7688, 7699, 7714, 7860, 8189, 8190, 8193, 8197, 8200, 8203]@{}
http://www.sci.hkbu.edu.hk/eng/about-us/distinguished-professor-of-science@[2241, 2242, 2246, 2251, 2255, 2260, 2264, 2269, 2275, 2280, 2287, 2292, 2299, 2307, 2315, 2323, 2329, 3511, 3840, 3841, 3844, 3848, 3851, 3854]@{}
http://www.sci.hkbu.edu.hk/eng/about-us/dr-kennedy-wong-distinguished-visiting-professorship-scheme@[2241, 2242, 2246, 2251, 2255, 2260, 2264, 2269, 2275, 2280, 2287, 2292, 2299, 2307, 2315, 2323, 2329, 3180, 3509, 3510, 3513, 3517, 3520, 3523]@{}
http://www.sci.hkbu.edu.hk/eng/about-us/distinguished-professor-of-science/eng/page/?page=prospective-students@[2241, 2242, 2246, 2251, 2255, 2260, 2264, 2269, 2275, 2280, 2287, 2292, 2299, 2307, 2315, 2323, 2329, 3031, 3036, 6069, 6070, 6073, 6077, 6080, 6086, 6089, 6092, 6094, 6097, 6182, 6183, 6186, 6209, 6224, 6287, 6292, 6308, 6312, 6314, 6319, 6379, 6383, 6385, 6388, 6406, 6441, 6442, 6444, 6454, 6461, 6475, 6476, 6479, 6490, 6499, 6507, 6523, 6532, 6543, 7187, 7188, 7191, 7195, 7199, 7676, 7681, 7683, 7688, 7699, 7714, 7860, 8189, 8190, 8193, 8197, 8200, 8203]@{}
http://www.sci.hkbu.edu.hk/eng/about-us/dr-kennedy-wong-distinguished-visiting-professorship-scheme/eng/page/?page=prospective-students@[2241, 2242, 2246, 2251, 2255, 2260, 2264, 2269, 2275, 2280, 2287, 2292, 2299, 2307, 2315, 2323, 2329, 3031, 3036, 6069, 6070, 6073, 6077, 6080, 6086, 6089, 6092, 6094, 6097, 6182, 6183, 6186, 6209, 6224, 6287, 6292, 6308, 6312, 6314, 6319, 6379, 6383, 6385, 6388, 6406, 6441, 6442, 6444, 6454, 6461, 6475, 6476, 6479, 6490, 6499, 6507, 6523, 6532, 6543, 7187, 7188, 7191, 7195, 7199, 7676, 7681, 7683, 7688, 7699, 7714, 7860, 8189, 8190, 8193, 8197, 8200, 8203]@{}
http://www.sci.hkbu.edu.hk/eng/page/eng/about-us/vision-mission@[2241, 2242, 2246, 2251, 2255, 2260, 2264, 2269, 2275, 2280, 2287, 2292, 2299, 2307, 2315, 2323, 2329, 3031, 3036, 6069, 6070, 6073, 6077, 6080, 6086, 6089, 6092, 6094, 6097, 6182, 6183, 6186, 6209, 6224, 6287, 6292, 6308, 6312, 6314, 6319, 6379, 6383, 6385, 6388, 6406, 6441, 6442, 6444, 6454, 6461, 6475, 6476, 6479, 6490, 6499, 6507, 6523, 6532, 6543, 7187, 7188, 7191, 7195, 7199, 7676, 7681, 7683, 7688, 7699, 7714, 7860, 8189, 8190, 8193, 8197, 8200, 8203]@{}
http://www.sci.hkbu.edu.hk/eng/page/eng/about-us/faculty-advisory-committee@[2241, 2242, 2246, 2251, 2255, 2260, 2264, 2269, 2275, 2280, 2287, 2292, 2299, 2307, 2315, 2323, 2329, 3031, 3036, 6069, 6070, 6073, 6077, 6080, 6086, 6089, 6092, 6094, 6097, 6182, 6183, 6186, 6209, 6224, 6287, 6292, 6308, 6312, 6314, 6319, 6379, 6383, 6385, 6388, 6406, 6441, 6442, 6444, 6454, 6461, 6475, 6476, 6479, 6490, 6499, 6507, 6523, 6532, 6543, 7187, 7188, 7191, 7195, 7199, 7676, 7681, 7683, 7688, 7699, 7714, 7860, 8189, 8190, 8193, 8197, 8200, 8203]@{}
http://www.sci.hkbu.edu.hk/eng@[2241, 2242, 2246, 2251, 2255, 2260, 2264, 2269, 2275, 2280, 2287, 2292, 2299, 2307, 2315, 2323, 2329, 3031, 3036, 6069, 6070, 6073, 6077, 6080, 6086, 6089, 6092, 6094, 6097, 6182, 6183, 6186, 6209, 6224, 6287, 6292, 6308, 6312, 6314, 6319, 6379, 6383, 6385, 6388, 6406, 6441, 6442, 6444, 6454, 6461, 6475, 6476, 6479, 6490, 6499, 6507, 6523, 6532, 6543, 7187, 7188, 7191, 7195, 7199, 7676, 7681, 7683, 7688, 7699, 7714, 7860, 8189, 8190, 8193, 8197, 8200, 8203]@{}
http://www.sci.hkbu.edu.hk/eng/about-us/vision-mission@[2241, 2242, 2246, 2251, 2255, 2260, 2264, 2269, 2275, 2280, 2287, 2292, 2299, 2307, 2315, 2323, 2329, 3084, 3413, 3414, 3417, 3421, 3424, 3427]@{}
http://www.sci.hkbu.edu.hk/eng/about-us/faculty-advisory-committee@[2241, 2242, 2246, 2251, 2255, 2260, 2264, 2269, 2275, 2280, 2287, 2292, 2299, 2307, 2315, 2323, 2329, 3838, 4167, 4168, 4171, 4175, 4178, 4181]@{}
http://www.sci.hkbu.edu.hk/eng/about-us/vision-mission/eng/page/?page=prospective-students@[2241, 2242, 2246, 2251, 2255, 2260, 2264, 2269, 2275, 2280, 2287, 2292, 2299, 2307, 2315, 2323, 2329, 3031, 3036, 6069, 6070, 6073, 6077, 6080, 6086, 6089, 6092, 6094, 6097, 6182, 6183, 6186, 6209, 6224, 6287, 6292, 6308, 6312, 6314, 6319, 6379, 6383, 6385, 6388, 6406, 6441, 6442, 6444, 6454, 6461, 6475, 6476, 6479, 6490, 6499, 6507, 6523, 6532, 6543, 7187, 7188, 7191, 7195, 7199, 7676, 7681, 7683, 7688, 7699, 7714, 7860, 8189, 8190, 8193, 8197, 8200, 8203]@{}
http://www.sci.hkbu.edu.hk/eng/about-us/faculty-advisory-committee/eng/page/?page=prospective-students@[2241, 2242, 2246, 2251, 2255, 2260, 2264, 2269, 2275, 2280, 2287, 2292, 2299, 2307, 2315, 2323, 2329, 3031, 3036, 6069, 6070, 6073, 6077, 6080, 6086, 6089, 6092, 6094, 6097, 6182, 6183, 6186, 6209, 6224, 6287, 6292, 6308, 6312, 6314, 6319, 6379, 6383, 6385, 6388, 6406, 6441, 6442, 6444, 6454, 6461, 6475, 6476, 6479, 6490, 6499, 6507, 6523, 6532, 6543, 7187, 7188, 7191, 7195, 7199, 7676, 7681, 7683, 7688, 7699, 7714, 7860, 8189, 8190, 8193, 8197, 8200, 8203]@{}
http://www.sci.hkbu.edu.hk/eng/about-us/distinguished-professorship@[2241, 2242, 2246, 2251, 2255, 2260, 2264, 2269, 2275, 2280, 2287, 2292, 2299, 2307, 2315, 2323, 2329, 2729, 3058, 3059, 3062, 3066, 3069, 3072]@{}
