http://www.comp.hkbu.edu.hk@[88, 480, 488, 2282, 2347, 2732, 2740, 4121, 4147, 4165, 4201, 4209, 4217, 4847, 5161, 5239, 5260, 5281, 5302, 5357, 5380, 5404, 5430, 5749, 6969]@{}
http://www.comp.hkbu.edu.hk/v1/?page=sci@[245, 345, 361, 386, 391, 410, 555, 605, 2074, 2104, 2168, 2218, 2222, 2234, 2247, 2272, 2284, 2296, 2303, 2311, 2319, 4369, 4386, 4501, 4825, 4844, 4863, 4876, 4893, 5058, 5074, 5099, 5116, 5140, 5146, 5567, 5596, 5621, 5646, 5671, 6078, 6489, 7318, 7324, 7358, 7404, 7411, 7436, 7477, 7506, 7522, 7543, 7546, 7550, 7572, 7657, 7663, 7689, 8150, 8183, 8194, 8212]@{}
http://www.comp.hkbu.edu.hk/v1/?page=job_vacancies?=tc@[88, 480, 488, 2282, 2347, 2732, 2740, 4127, 4153, 4171, 4207, 4215, 4223, 4843, 5157, 5235, 5256, 5277, 5298, 5353, 5376, 5400, 5426, 5745, 6945]@{}
http://www.comp.hkbu.edu.hk/v1/?page=job_vacancies?=sc@[88, 480, 488, 2282, 2347, 2732, 2740, 4127, 4153, 4171, 4207, 4215, 4223, 4843, 5157, 5235, 5256, 5277, 5298, 5353, 5376, 5400, 5426, 5745, 6954]@{}
http://www.comp.hkbu.edu.hk/v1/?page=sitemap?=tc@[88, 480, 488, 2282, 2347, 2732, 2740, 4126, 4152, 4170, 4206, 4214, 4222, 4839, 5153, 5231, 5252, 5273, 5294, 5349, 5372, 5396, 5422, 5741, 6957]@{}
http://www.comp.hkbu.edu.hk/v1/?page=sitemap?=sc@[88, 480, 488, 2282, 2347, 2732, 2740, 4126, 4152, 4170, 4206, 4214, 4222, 4838, 5152, 5230, 5251, 5272, 5293, 5348, 5371, 5395, 5421, 5740, 6972]@{}
http://www.comp.hkbu.edu.hk/v1/?lang=sc@[88, 480, 488, 2282, 2347, 2732, 2740, 4121, 4147, 4165, 4201, 4209, 4217, 4834, 5148, 5226, 5247, 5268, 5289, 5344, 5367, 5391, 5417, 5736, 6938]@{}
http://www.comp.hkbu.edu.hk/~alumni/news/../news/@[612]@{}
http://www.comp.hkbu.edu.hk/v1/?page=job_vacancies?=tc?=tc@[88, 480, 488, 2282, 2347, 2732, 2740, 4128, 4154, 4172, 4208, 4216, 4224, 4840, 5154, 5232, 5253, 5274, 5295, 5350, 5373, 5397, 5423, 5742, 6959]@{}
http://www.comp.hkbu.edu.hk/v1/?page=job_vacancies?=sc?=tc@[88, 480, 488, 2282, 2347, 2732, 2740, 4128, 4154, 4172, 4208, 4216, 4224, 4850, 5164, 5242, 5263, 5284, 5305, 5360, 5383, 5407, 5433, 5752, 6988]@{}
http://www.comp.hkbu.edu.hk/v1/?page=sitemap?=tc?=tc@[88, 480, 488, 2282, 2347, 2732, 2740, 4128, 4154, 4172, 4208, 4216, 4224, 4840, 5154, 5232, 5253, 5274, 5295, 5350, 5373, 5397, 5423, 5742, 6950]@{}
http://www.comp.hkbu.edu.hk/v1/?page=sitemap?=sc?=tc@[88, 480, 488, 2282, 2347, 2732, 2740, 4128, 4154, 4172, 4208, 4216, 4224, 4854, 5168, 5246, 5267, 5288, 5309, 5364, 5387, 5411, 5437, 5756, 6977]@{}
http://www.comp.hkbu.edu.hk/v1/?page=home@[88, 480, 488, 2282, 2347, 2732, 2740, 4124, 4150, 4168, 4204, 4212, 4220, 4832, 5146, 5224, 5245, 5266, 5287, 5342, 5365, 5389, 5415, 5734, 6942]@{}
http://www.comp.hkbu.edu.hk/~alumni/news/../news/../news/@[612]@{}
http://www.comp.hkbu.edu.hk/~alumni/news/../scholarship/../news/@[612]@{}
http://www.comp.hkbu.edu.hk/~alumni/news/../donation/../news/@[612]@{}
http://www.comp.hkbu.edu.hk/v1/?page=job_vacancies?=tc?=tc?=tc@[88, 480, 488, 2282, 2347, 2732, 2740, 4131, 4157, 4175, 4211, 4219, 4227, 4854, 5168, 5246, 5267, 5288, 5309, 5364, 5387, 5411, 5437, 5756, 6985]@{}
http://www.comp.hkbu.edu.hk/v1/?page=job_vacancies?=sc?=tc?=tc@[88, 480, 488, 2282, 2347, 2732, 2740, 4130, 4156, 4174, 4210, 4218, 4226, 4838, 5152, 5230, 5251, 5272, 5293, 5348, 5371, 5395, 5421, 5740, 6954]@{}
http://www.comp.hkbu.edu.hk/v1/?page=sitemap?=tc?=tc?=tc@[88, 480, 488, 2282, 2347, 2732, 2740, 4131, 4157, 4175, 4211, 4219, 4227, 4844, 5158, 5236, 5257, 5278, 5299, 5354, 5377, 5401, 5427, 5746, 6982]@{}
http://www.comp.hkbu.edu.hk/v1/?page=sitemap?=sc?=tc?=tc@[88, 480, 488, 2282, 2347, 2732, 2740, 4131, 4157, 4175, 4211, 4219, 4227, 4847, 5161, 5239, 5260, 5281, 5302, 5357, 5380, 5404, 5430, 5749, 6985]@{}
http://www.comp.hkbu.edu.hk/v1/?page=home?=tc@[88, 480, 488, 2282, 2347, 2732, 2740, 4126, 4152, 4170, 4206, 4214, 4222, 4842, 5156, 5234, 5255, 5276, 5297, 5352, 5375, 5399, 5425, 5744, 6970]@{}
http://www.comp.hkbu.edu.hk/~alumni/news/../news/../news/../news/@[612]@{}
http://www.comp.hkbu.edu.hk/~alumni/news/../scholarship/../news/../news/@[612]@{}
http://www.comp.hkbu.edu.hk/~alumni/news/../donation/../news/../news/@[612]@{}
http://www.comp.hkbu.edu.hk/v1/?page=job_vacancies?=tc?=tc?=tc?=tc@[88, 480, 488, 2282, 2347, 2732, 2740, 4133, 4159, 4177, 4213, 4221, 4229, 4855, 5169, 5247, 5268, 5289, 5310, 5365, 5388, 5412, 5438, 5757, 6965]@{}
http://www.comp.hkbu.edu.hk/v1/?page=job_vacancies?=sc?=tc?=tc?=tc@[88, 480, 488, 2282, 2347, 2732, 2740, 4133, 4159, 4177, 4213, 4221, 4229, 4856, 5170, 5248, 5269, 5290, 5311, 5366, 5389, 5413, 5439, 5758, 6953]@{}
http://www.comp.hkbu.edu.hk/v1/?page=sitemap?=tc?=tc?=tc?=tc@[88, 480, 488, 2282, 2347, 2732, 2740, 4132, 4158, 4176, 4212, 4220, 4228, 4844, 5158, 5236, 5257, 5278, 5299, 5354, 5377, 5401, 5427, 5746, 6971]@{}
http://www.comp.hkbu.edu.hk/v1/?page=sitemap?=sc?=tc?=tc?=tc@[88, 480, 488, 2282, 2347, 2732, 2740, 4132, 4158, 4176, 4212, 4220, 4228, 4855, 5169, 5247, 5268, 5289, 5310, 5365, 5388, 5412, 5438, 5757, 6979]@{}
http://www.comp.hkbu.edu.hk/v1/?page=home?=tc?=tc@[88, 480, 488, 2282, 2347, 2732, 2740, 4128, 4154, 4172, 4208, 4216, 4224, 4844, 5158, 5236, 5257, 5278, 5299, 5354, 5377, 5401, 5427, 5746, 6953]@{}
http://www.comp.hkbu.edu.hk/~alumni/news/../news/../news/../news/../news/@[612]@{}
http://www.comp.hkbu.edu.hk/~alumni/news/../scholarship/../news/../news/../news/@[612]@{}
http://www.comp.hkbu.edu.hk/~alumni/news/../donation/../news/../news/../news/@[612]@{}
http://www.comp.hkbu.edu.hk/v1/?page=job_vacancies?=tc?=tc?=tc?=tc?=tc@[88, 480, 488, 2282, 2347, 2732, 2740, 4135, 4161, 4179, 4215, 4223, 4231, 4858, 5172, 5250, 5271, 5292, 5313, 5368, 5391, 5415, 5441, 5760, 6960]@{}
http://www.comp.hkbu.edu.hk/v1/?page=job_vacancies?=sc?=tc?=tc?=tc?=tc@[88, 480, 488, 2282, 2347, 2732, 2740, 4134, 4160, 4178, 4214, 4222, 4230, 4843, 5157, 5235, 5256, 5277, 5298, 5353, 5376, 5400, 5426, 5745, 6962]@{}
http://www.comp.hkbu.edu.hk/v1/?page=sitemap?=tc?=tc?=tc?=tc?=tc@[88, 480, 488, 2282, 2347, 2732, 2740, 4135, 4161, 4179, 4215, 4223, 4231, 4851, 5165, 5243, 5264, 5285, 5306, 5361, 5384, 5408, 5434, 5753, 6982]@{}
http://www.comp.hkbu.edu.hk/v1/?page=sitemap?=sc?=tc?=tc?=tc?=tc@[88, 480, 488, 2282, 2347, 2732, 2740, 4134, 4160, 4178, 4214, 4222, 4230, 4857, 5171, 5249, 5270, 5291, 5312, 5367, 5390, 5414, 5440, 5759, 6967]@{}
http://www.comp.hkbu.edu.hk/v1/?page=home?=tc?=tc?=tc@[88, 480, 488, 2282, 2347, 2732, 2740, 4130, 4156, 4174, 4210, 4218, 4226, 4842, 5156, 5234, 5255, 5276, 5297, 5352, 5375, 5399, 5425, 5744, 6967]@{}
http://www.comp.hkbu.edu.hk/~alumni/news/../news/../news/../news/../news/../news/@[612]@{}
http://www.comp.hkbu.edu.hk/~alumni/news/../scholarship/../news/../news/../news/../news/@[612]@{}
http://www.comp.hkbu.edu.hk/~alumni/news/../donation/../news/../news/../news/../news/@[612]@{}
http://www.comp.hkbu.edu.hk/v1/?page=job_vacancies@[88, 1830, 1895, 2280, 2288, 3673, 3699, 3717, 3753, 3761, 3769, 4470]@{}
http://www.comp.hkbu.edu.hk/v1/?page=job_vacancies?=tc?=tc?=tc?=tc?=tc?=tc@[88, 480, 488, 2282, 2347, 2732, 2740, 4137, 4163, 4181, 4217, 4225, 4233, 4846, 5160, 5238, 5259, 5280, 5301, 5356, 5379, 5403, 5429, 5748, 6957]@{}
http://www.comp.hkbu.edu.hk/v1/?page=job_vacancies?=sc?=tc?=tc?=tc?=tc?=tc@[88, 480, 488, 2282, 2347, 2732, 2740, 4136, 4162, 4180, 4216, 4224, 4232, 4845, 5159, 5237, 5258, 5279, 5300, 5355, 5378, 5402, 5428, 5747, 6984]@{}
http://www.comp.hkbu.edu.hk/v1/?page=sitemap?=tc?=tc?=tc?=tc?=tc?=tc@[88, 480, 488, 2282, 2347, 2732, 2740, 4136, 4162, 4180, 4216, 4224, 4232, 4849, 5163, 5241, 5262, 5283, 5304, 5359, 5382, 5406, 5432, 5751, 6974]@{}
http://www.comp.hkbu.edu.hk/v1/?page=sitemap?=sc?=tc?=tc?=tc?=tc?=tc@[88, 480, 488, 2282, 2347, 2732, 2740, 4137, 4163, 4181, 4217, 4225, 4233, 4867, 5181, 5259, 5280, 5301, 5322, 5377, 5400, 5424, 5450, 5769, 6984]@{}
http://www.comp.hkbu.edu.hk/v1/?page=home?=tc?=tc?=tc?=tc@[88, 480, 488, 2282, 2347, 2732, 2740, 4133, 4159, 4177, 4213, 4221, 4229, 4848, 5162, 5240, 5261, 5282, 5303, 5358, 5381, 5405, 5431, 5750, 6968]@{}
http://www.comp.hkbu.edu.hk/~alumni/news/../news/../news/../news/../news/../news/../news/@[612]@{}
http://www.comp.hkbu.edu.hk/~alumni/news/../scholarship/../news/../news/../news/../news/../news/@[612]@{}
http://www.comp.hkbu.edu.hk/~alumni/news/../donation/../news/../news/../news/../news/../news/@[612]@{}
http://www.comp.hkbu.edu.hk/v1/?page=job_vacancies?=tc?=tc?=tc?=tc?=tc?=tc?=tc@[88, 480, 488, 2282, 2347, 2732, 2740, 4139, 4165, 4183, 4219, 4227, 4235, 4850, 5164, 5242, 5263, 5284, 5305, 5360, 5383, 5407, 5433, 5752, 6956]@{}
http://www.comp.hkbu.edu.hk/v1/?page=job_vacancies?=sc?=tc?=tc?=tc?=tc?=tc?=tc@[88, 480, 488, 2282, 2347, 2732, 2740, 4139, 4165, 4183, 4219, 4227, 4235, 4847, 5161, 5239, 5260, 5281, 5302, 5357, 5380, 5404, 5430, 5749, 6976]@{}
http://www.comp.hkbu.edu.hk/v1/?page=sitemap?=tc?=tc?=tc?=tc?=tc?=tc?=tc@[88, 480, 488, 2282, 2347, 2732, 2740, 4138, 4164, 4182, 4218, 4226, 4234, 4849, 5163, 5241, 5262, 5283, 5304, 5359, 5382, 5406, 5432, 5751, 6956]@{}
http://www.comp.hkbu.edu.hk/v1/?page=sitemap?=sc?=tc?=tc?=tc?=tc?=tc?=tc@[88, 480, 488, 2282, 2347, 2732, 2740, 4138, 4164, 4182, 4218, 4226, 4234, 4851, 5165, 5243, 5264, 5285, 5306, 5361, 5384, 5408, 5434, 5753, 6977]@{}
http://www.comp.hkbu.edu.hk/v1/?page=home?=tc?=tc?=tc?=tc?=tc@[88, 480, 488, 2282, 2347, 2732, 2740, 4135, 4161, 4179, 4215, 4223, 4231, 4851, 5165, 5243, 5264, 5285, 5306, 5361, 5384, 5408, 5434, 5753, 6981]@{}
http://www.comp.hkbu.edu.hk/~alumni/news/../news/../news/../news/../news/../news/../news/../news/@[612]@{}
http://www.comp.hkbu.edu.hk/~alumni/news/../scholarship/../news/../news/../news/../news/../news/../news/@[612]@{}
http://www.comp.hkbu.edu.hk/~alumni/news/../donation/../news/../news/../news/../news/../news/../news/@[612]@{}
http://www.comp.hkbu.edu.hk/v1/?page=job_vacancies?=tc?=tc?=tc?=tc?=tc?=tc?=tc?=tc@[88, 480, 488, 2282, 2347, 2732, 2740, 4141, 4167, 4185, 4221, 4229, 4237, 4866, 5180, 5258, 5279, 5300, 5321, 5376, 5399, 5423, 5449, 5768, 6999]@{}
http://www.comp.hkbu.edu.hk/v1/?page=job_vacancies?=sc?=tc?=tc?=tc?=tc?=tc?=tc?=tc@[88, 480, 488, 2282, 2347, 2732, 2740, 4141, 4167, 4185, 4221, 4229, 4237, 4850, 5164, 5242, 5263, 5284, 5305, 5360, 5383, 5407, 5433, 5752, 6978]@{}
http://www.comp.hkbu.edu.hk/v1/?page=sitemap?=tc?=tc?=tc?=tc?=tc?=tc?=tc?=tc@[88, 480, 488, 2282, 2347, 2732, 2740, 4141, 4167, 4185, 4221, 4229, 4237, 4853, 5167, 5245, 5266, 5287, 5308, 5363, 5386, 5410, 5436, 5755, 6969]@{}
http://www.comp.hkbu.edu.hk/v1/?page=sitemap?=sc?=tc?=tc?=tc?=tc?=tc?=tc?=tc@[88, 480, 488, 2282, 2347, 2732, 2740, 4141, 4167, 4185, 4221, 4229, 4237, 4867, 5181, 5259, 5280, 5301, 5322, 5377, 5400, 5424, 5450, 5769, 6977]@{}
http://www.comp.hkbu.edu.hk/v1/?page=sitemap@[88, 1828, 1893, 2278, 2286, 3670, 3696, 3714, 3750, 3758, 3766, 5830]@{}
http://www.comp.hkbu.edu.hk/v1/?page=home?=tc?=tc?=tc?=tc?=tc?=tc@[88, 480, 488, 2282, 2347, 2732, 2740, 4136, 4162, 4180, 4216, 4224, 4232, 4852, 5166, 5244, 5265, 5286, 5307, 5362, 5385, 5409, 5435, 5754, 6977]@{}
http://www.comp.hkbu.edu.hk/~alumni/news/../news/../news/../news/../news/../news/../news/../news/../news/@[612]@{}
http://www.comp.hkbu.edu.hk/~alumni/news/../scholarship/../news/../news/../news/../news/../news/../news/../news/@[612]@{}
http://www.comp.hkbu.edu.hk/~alumni/news/../donation/../news/../news/../news/../news/../news/../news/../news/@[612]@{}
http://www.comp.hkbu.edu.hk/v1/?page=job_vacancies?=tc?=tc?=tc?=tc?=tc?=tc?=tc?=tc?=tc@[88, 480, 488, 2282, 2347, 2732, 2740, 4143, 4169, 4187, 4223, 4231, 4239, 4866, 5180, 5258, 5279, 5300, 5321, 5376, 5399, 5423, 5449, 5768, 6973]@{}
http://www.comp.hkbu.edu.hk/v1/?page=job_vacancies?=sc?=tc?=tc?=tc?=tc?=tc?=tc?=tc?=tc@[88, 480, 488, 2282, 2347, 2732, 2740, 4143, 4169, 4187, 4223, 4231, 4239, 4865, 5179, 5257, 5278, 5299, 5320, 5375, 5398, 5422, 5448, 5767, 6985]@{}
http://www.comp.hkbu.edu.hk/v1/?page=sitemap?=tc?=tc?=tc?=tc?=tc?=tc?=tc?=tc?=tc@[88, 480, 488, 2282, 2347, 2732, 2740, 4142, 4168, 4186, 4222, 4230, 4238, 4850, 5164, 5242, 5263, 5284, 5305, 5360, 5383, 5407, 5433, 5752, 6953]@{}
http://www.comp.hkbu.edu.hk/v1/?page=sitemap?=sc?=tc?=tc?=tc?=tc?=tc?=tc?=tc?=tc@[88, 480, 488, 2282, 2347, 2732, 2740, 4142, 4168, 4186, 4222, 4230, 4238, 4868, 5182, 5260, 5281, 5302, 5323, 5378, 5401, 5425, 5451, 5770, 6979]@{}
http://www.comp.hkbu.edu.hk/v1/?lang=tc@[88, 480, 488, 2282, 2347, 2732, 2740, 4120, 4146, 4164, 4200, 4208, 4216, 4850, 5164, 5242, 5263, 5284, 5305, 5360, 5383, 5407, 5433, 5752, 6981]@{}
http://www.comp.hkbu.edu.hk/~alumni/news/@[612]@{}
http://www.sci.hkbu.edu.hk/eng/page/?page=prospective-students@[245, 345, 361, 386, 391, 410, 555, 605, 2074, 2104, 2168, 2218, 2222, 2234, 2247, 2272, 2284, 2296, 2303, 2311, 2319, 3695, 3728, 3739, 3757]@{}
http://www.sci.hkbu.edu.hk/eng/page/?page=current-students@[245, 345, 361, 386, 391, 410, 555, 605, 2074, 2104, 2168, 2218, 2222, 2234, 2247, 2272, 2284, 2296, 2303, 2311, 2319, 3351, 3384, 3395, 3413]@{}
http://www.sci.hkbu.edu.hk/eng/page/@[245, 345, 361, 386, 391, 410, 555, 605, 2074, 2104, 2168, 2218, 2222, 2234, 2247, 2272, 2284, 2296, 2303, 2311, 2319, 3454, 3487, 3498, 3516]@{}
http://www.sci.hkbu.edu.hk/eng/about-us/honorary-doctorate@[245, 345, 361, 386, 391, 410, 555, 605, 2074, 2104, 2168, 2218, 2222, 2234, 2247, 2272, 2284, 2296, 2303, 2311, 2319, 3985, 4018, 4029, 4047]@{}
http://www.sci.hkbu.edu.hk/eng/about-us/distinguished-professorship/eng/page/?page=prospective-students@[245, 345, 361, 386, 391, 410, 555, 605, 2074, 2104, 2168, 2218, 2222, 2234, 2247, 2272, 2284, 2296, 2303, 2311, 2319, 4369, 4386, 4501, 4825, 4844, 4863, 4876, 4893, 5058, 5074, 5099, 5116, 5140, 5146, 5567, 5596, 5621, 5646, 5671, 6078, 6489, 7318, 7324, 7358, 7404, 7411, 7436, 7477, 7506, 7522, 7543, 7546, 7550, 7572, 7657, 7663, 7689, 8150, 8183, 8194, 8212]@{}
http://www.sci.hkbu.edu.hk/eng/about-us/honorary-doctorate/eng/page/?page=prospective-students@[245, 345, 361, 386, 391, 410, 555, 605, 2074, 2104, 2168, 2218, 2222, 2234, 2247, 2272, 2284, 2296, 2303, 2311, 2319, 4369, 4386, 4501, 4825, 4844, 4863, 4876, 4893, 5058, 5074, 5099, 5116, 5140, 5146, 5567, 5596, 5621, 5646, 5671, 6078, 6489, 7318, 7324, 7358, 7404, 7411, 7436, 7477, 7506, 7522, 7543, 7546, 7550, 7572, 7657, 7663, 7689, 8150, 8183, 8194, 8212]@{}
http://www.sci.hkbu.edu.hk/eng/about-us/distinguished-professor-of-science@[245, 345, 361, 386, 391, 410, 555, 605, 2074, 2104, 2168, 2218, 2222, 2234, 2247, 2272, 2284, 2296, 2303, 2311, 2319, 3801, 3834, 3845, 3863]@{}
http://www.sci.hkbu.edu.hk/eng/about-us/dr-kennedy-wong-distinguished-visiting-professorship-scheme@[245, 345, 361, 386, 391, 410, 555, 605, 2074, 2104, 2168, 2218, 2222, 2234, 2247, 2272, 2284, 2296, 2303, 2311, 2319, 3470, 3503, 3514, 3532]@{}
http://www.sci.hkbu.edu.hk/eng/about-us/distinguished-professor-of-science/eng/page/?page=prospective-students@[245, 345, 361, 386, 391, 410, 555, 605, 2074, 2104, 2168, 2218, 2222, 2234, 2247, 2272, 2284, 2296, 2303, 2311, 2319, 4369, 4386, 4501, 4825, 4844, 4863, 4876, 4893, 5058, 5074, 5099, 5116, 5140, 5146, 5567, 5596, 5621, 5646, 5671, 6078, 6489, 7318, 7324, 7358, 7404, 7411, 7436, 7477, 7506, 7522, 7543, 7546, 7550, 7572, 7657, 7663, 7689, 8150, 8183, 8194, 8212]@{}
http://www.sci.hkbu.edu.hk/eng/about-us/dr-kennedy-wong-distinguished-visiting-professorship-scheme/eng/page/?page=prospective-students@[245, 345, 361, 386, 391, 410, 555, 605, 2074, 2104, 2168, 2218, 2222, 2234, 2247, 2272, 2284, 2296, 2303, 2311, 2319, 4369, 4386, 4501, 4825, 4844, 4863, 4876, 4893, 5058, 5074, 5099, 5116, 5140, 5146, 5567, 5596, 5621, 5646, 5671, 6078, 6489, 7318, 7324, 7358, 7404, 7411, 7436, 7477, 7506, 7522, 7543, 7546, 7550, 7572, 7657, 7663, 7689, 8150, 8183, 8194, 8212]@{}
http://www.sci.hkbu.edu.hk/eng/page/eng/about-us/vision-mission@[245, 345, 361, 386, 391, 410, 555, 605, 2074, 2104, 2168, 2218, 2222, 2234, 2247, 2272, 2284, 2296, 2303, 2311, 2319, 4369, 4386, 4501, 4825, 4844, 4863, 4876, 4893, 5058, 5074, 5099, 5116, 5140, 5146, 5567, 5596, 5621, 5646, 5671, 6078, 6489, 7318, 7324, 7358, 7404, 7411, 7436, 7477, 7506, 7522, 7543, 7546, 7550, 7572, 7657, 7663, 7689, 8150, 8183, 8194, 8212]@{}
http://www.sci.hkbu.edu.hk/eng/page/eng/about-us/faculty-advisory-committee@[245, 345, 361, 386, 391, 410, 555, 605, 2074, 2104, 2168, 2218, 2222, 2234, 2247, 2272, 2284, 2296, 2303, 2311, 2319, 4369, 4386, 4501, 4825, 4844, 4863, 4876, 4893, 5058, 5074, 5099, 5116, 5140, 5146, 5567, 5596, 5621, 5646, 5671, 6078, 6489, 7318, 7324, 7358, 7404, 7411, 7436, 7477, 7506, 7522, 7543, 7546, 7550, 7572, 7657, 7663, 7689, 8150, 8183, 8194, 8212]@{}
http://www.sci.hkbu.edu.hk/eng@[245, 345, 361, 386, 391, 410, 555, 605, 2074, 2104, 2168, 2218, 2222, 2234, 2247, 2272, 2284, 2296, 2303, 2311, 2319, 4369, 4386, 4501, 4825, 4844, 4863, 4876, 4893, 5058, 5074, 5099, 5116, 5140, 5146, 5567, 5596, 5621, 5646, 5671, 6078, 6489, 7318, 7324, 7358, 7404, 7411, 7436, 7477, 7506, 7522, 7543, 7546, 7550, 7572, 7657, 7663, 7689, 8150, 8183, 8194, 8212]@{}
http://www.sci.hkbu.edu.hk/eng/about-us/vision-mission@[245, 345, 361, 386, 391, 410, 555, 605, 2074, 2104, 2168, 2218, 2222, 2234, 2247, 2272, 2284, 2296, 2303, 2311, 2319, 3374, 3407, 3418, 3436]@{}
http://www.sci.hkbu.edu.hk/eng/about-us/faculty-advisory-committee@[245, 345, 361, 386, 391, 410, 555, 605, 2074, 2104, 2168, 2218, 2222, 2234, 2247, 2272, 2284, 2296, 2303, 2311, 2319, 4128, 4161, 4172, 4190]@{}
http://www.sci.hkbu.edu.hk/eng/about-us/vision-mission/eng/page/?page=prospective-students@[245, 345, 361, 386, 391, 410, 555, 605, 2074, 2104, 2168, 2218, 2222, 2234, 2247, 2272, 2284, 2296, 2303, 2311, 2319, 4369, 4386, 4501, 4825, 4844, 4863, 4876, 4893, 5058, 5074, 5099, 5116, 5140, 5146, 5567, 5596, 5621, 5646, 5671, 6078, 6489, 7318, 7324, 7358, 7404, 7411, 7436, 7477, 7506, 7522, 7543, 7546, 7550, 7572, 7657, 7663, 7689, 8150, 8183, 8194, 8212]@{}
http://www.sci.hkbu.edu.hk/eng/about-us/faculty-advisory-committee/eng/page/?page=prospective-students@[245, 345, 361, 386, 391, 410, 555, 605, 2074, 2104, 2168, 2218, 2222, 2234, 2247, 2272, 2284, 2296, 2303, 2311, 2319, 4369, 4386, 4501, 4825, 4844, 4863, 4876, 4893, 5058, 5074, 5099, 5116, 5140, 5146, 5567, 5596, 5621, 5646, 5671, 6078, 6489, 7318, 7324, 7358, 7404, 7411, 7436, 7477, 7506, 7522, 7543, 7546, 7550, 7572, 7657, 7663, 7689, 8150, 8183, 8194, 8212]@{}
http://www.sci.hkbu.edu.hk/eng/about-us/distinguished-professorship@[245, 345, 361, 386, 391, 410, 555, 605, 2074, 2104, 2168, 2218, 2222, 2234, 2247, 2272, 2284, 2296, 2303, 2311, 2319, 3019, 3052, 3063, 3081]@{}
