https://www.comp.hkbu.edu.hk/v1/?page=job_vacancies@[125, 141]@[125, 141]
https://www.comp.hkbu.edu.hk/v1/?page=head@[473]@[473]
https://www.comp.hkbu.edu.hk/v1/?page=whats_new@[1434, 3788]@[1434, 3788]
https://iss.hkbu.edu.hk/buam/buam2/reset_pwd_alumni/verify_acct.seam@[68]@[68]
https://aao.hkbu.edu.hk/en/contact/index.php@[66, 75, 256]@[66, 75, 256]
https://www.hkbu.edu.hk@[32]@[]
https://www.hkbu.edu.hk/eng/about/privacy.jsp@[32]@[]
https://www.comp.hkbu.edu.hk/v1/?page=facilities_teaching@[142]@[142]
https://www.comp.hkbu.edu.hk/v1/?page=news@[1434, 3788]@[1434, 3788]
https://www.comp.hkbu.edu.hk/v1/?page=events@[6173, 7781, 8192]@[6173, 7781, 8192]
https://www.comp.hkbu.edu.hk/v1/?page=career_wt@[154, 222]@[154, 222]
https://www.comp.hkbu.edu.hk/v1/?page=dlecture@[581, 670, 2563, 3429, 4006, 4024, 4917]@[581, 670, 2563, 3429, 4006, 4024, 4917]
https://www.comp.hkbu.edu.hk/v1/?file=355@[3339, 3437, 3467]@[]
https://forms.gle/DjStXN8kEpUVwTW38@[70]@[]
https://www.hkstp.org/en/about-us/event-and-activities/hong-kong-science-park-career-expo-2020-18-april-2020@[462, 498]@[462, 498]
https://policies.google.com/terms@[80, 266, 272, 406, 420, 433, 501, 612, 707, 713, 724, 742, 783, 957, 960, 962, 964, 968, 978, 987, 1074, 1107, 1165, 1382, 1407, 1549, 1593, 1701, 1915, 2003, 2009, 2092, 2166, 2173, 2183, 2209, 2222, 2239, 2243, 2255, 2407, 2414, 2422, 2437, 2448, 2464, 2481, 2511, 2599, 2603, 2624, 2692, 2700, 2717, 2738, 2755, 2790, 2799, 2804, 2814, 2844, 2848, 2860, 2874, 2982, 2989, 2994, 3008, 3033, 3039, 3047, 3058, 3077, 3090, 3103, 3110, 3123, 3132, 3146, 3158, 3165, 3176, 3194, 3262, 3271, 3290, 3369, 3426, 3495, 3511, 3563, 3578, 3580, 3588, 3591, 3596, 3604, 3632, 3634, 3644, 3728, 3755, 3778, 3825, 3829, 3842, 3894, 3916, 3921, 3930, 3942, 3996, 4017, 4022, 4034, 4053]@[80, 266, 272, 406, 420, 433, 501, 612, 707, 713, 724, 742, 783, 957, 960, 962, 964, 968, 978, 987, 1074, 1107, 1165, 1382, 1407, 1549, 1593, 1701, 1915, 2003, 2009, 2092, 2166, 2173, 2183, 2209, 2222, 2239, 2243, 2255, 2407, 2414, 2422, 2437, 2448, 2464, 2481, 2511, 2599, 2603, 2624, 2692, 2700, 2717, 2738, 2755, 2790, 2799, 2804, 2814, 2844, 2848, 2860, 2874, 2982, 2989, 2994, 3008, 3033, 3039, 3047, 3058, 3077, 3090, 3103, 3110, 3123, 3132, 3146, 3158, 3165, 3176, 3194, 3262, 3271, 3290, 3369, 3426, 3495, 3511, 3563, 3578, 3580, 3588, 3591, 3596, 3604, 3632, 3634, 3644, 3728, 3755, 3778, 3825, 3829, 3842, 3894, 3916, 3921, 3930, 3942, 3996, 4017, 4022, 4034, 4053]
https://policies.google.com/privacy@[311, 329, 340, 472, 527, 570, 602, 645, 812, 927, 961, 1048, 1119, 1266, 1322, 1354, 1576, 1593, 1782, 1791, 1860, 1893, 2036, 2262, 2326, 2405, 2422, 2479, 2563, 2674, 2719, 2801, 2845, 2889, 2939, 2965, 3022, 3040, 3049, 3053, 3071, 3131, 3148, 3182, 3187, 3197, 3203, 3208, 3228, 3258, 3269, 3280, 3305, 3402, 3498, 3519, 3547, 3647, 3659, 3676, 3727, 3737, 3764, 3781, 4043, 4047, 4061, 4183, 4324, 4384, 4546, 4559, 4588, 4673, 4750, 4776, 4779, 4815, 4835, 4911, 4915, 4918, 4962, 5181, 5258, 5288, 5339, 5367, 5508, 5607, 5625, 5647, 5776, 5791, 5878, 5997, 6011, 6036, 6067, 6109, 6277, 6347, 6403, 6493, 6533, 6776, 6889, 6989, 6997, 7010, 7094, 7190, 7241, 7245, 7326, 7459, 7495, 7530, 7536, 7604]@[311, 329, 340, 472, 527, 570, 602, 645, 812, 927, 961, 1048, 1119, 1266, 1322, 1354, 1576, 1593, 1782, 1791, 1860, 1893, 2036, 2262, 2326, 2405, 2422, 2479, 2563, 2674, 2719, 2801, 2845, 2889, 2939, 2965, 3022, 3040, 3049, 3053, 3071, 3131, 3148, 3182, 3187, 3197, 3203, 3208, 3228, 3258, 3269, 3280, 3305, 3402, 3498, 3519, 3547, 3647, 3659, 3676, 3727, 3737, 3764, 3781, 4043, 4047, 4061, 4183, 4324, 4384, 4546, 4559, 4588, 4673, 4750, 4776, 4779, 4815, 4835, 4911, 4915, 4918, 4962, 5181, 5258, 5288, 5339, 5367, 5508, 5607, 5625, 5647, 5776, 5791, 5878, 5997, 6011, 6036, 6067, 6109, 6277, 6347, 6403, 6493, 6533, 6776, 6889, 6989, 6997, 7010, 7094, 7190, 7241, 7245, 7326, 7459, 7495, 7530, 7536, 7604]
https://www.hkstp.org/en@[861]@[861]
https://www.hkstp.org@[861]@[861]
https://www.hkstp.org/en/about-us/who-we-are@[676, 894, 1077, 1247]@[676, 894, 1077, 1247]
https://www.hkstp.org/about-us/who-we-are@[676, 894, 1077, 1247]@[676, 894, 1077, 1247]
https://news.google.com/?tab=wn@[1579]@[1579]
https://www.hkstp.org/en/about-us/our-milestones@[849]@[849]
https://www.hkstp.org/about-us/our-milestones@[849]@[849]
https://itunes.apple.com/app/google-search/id284815942?mt=8@[413, 783, 910, 927, 1102, 1107, 1116]@[413, 783, 910, 927, 1102, 1107, 1116]
https://play.google.com/store/apps/details?id=com.google.android.googlequicksearchbox@[421]@[421]
