http://www.comp.hkbu.edu.hk@[80, 100, 112, 132, 144, 164, 179, 429, 439, 565, 4596, 4622, 4629, 4664, 4671, 4700, 4707, 4736, 4743, 4770, 4777, 4801, 4808, 4830, 6965]@{}
http://www.comp.hkbu.edu.hk/v1/?page=sci@[2472, 4264, 4274, 4323, 4349, 4497, 4526, 4617, 4628, 4635, 4639, 4666]@{}
http://www.comp.hkbu.edu.hk/v1/?page=job_vacancies?=tc@[80, 100, 112, 132, 144, 164, 179, 429, 439, 565, 4602, 4628, 4635, 4656, 4663, 4696, 4703, 4732, 4739, 4766, 4773, 4797, 4804, 4826, 6941]@{}
http://www.comp.hkbu.edu.hk/v1/?page=job_vacancies?=sc@[80, 100, 112, 132, 144, 164, 179, 429, 439, 565, 4602, 4628, 4635, 4660, 4667, 4696, 4703, 4732, 4739, 4766, 4773, 4797, 4804, 4826, 6950]@{}
http://www.comp.hkbu.edu.hk/v1/?page=sitemap?=tc@[80, 100, 112, 132, 144, 164, 179, 429, 439, 565, 4601, 4627, 4634, 4659, 4666, 4692, 4699, 4728, 4735, 4762, 4769, 4793, 4800, 4822, 6953]@{}
http://www.comp.hkbu.edu.hk/v1/?page=sitemap?=sc@[80, 100, 112, 132, 144, 164, 179, 429, 439, 565, 4601, 4627, 4634, 4655, 4662, 4691, 4698, 4727, 4734, 4761, 4768, 4792, 4799, 4821, 6968]@{}
http://www.comp.hkbu.edu.hk/v1/?lang=sc@[80, 100, 112, 132, 144, 164, 179, 429, 439, 565, 4596, 4622, 4629, 4654, 4660, 4687, 4694, 4723, 4730, 4757, 4764, 4788, 4795, 4817, 6934]@{}
http://www.comp.hkbu.edu.hk/v1/?page=job_vacancies?=tc?=tc@[80, 100, 112, 132, 144, 164, 179, 429, 439, 565, 4603, 4629, 4636, 4657, 4664, 4693, 4700, 4729, 4736, 4763, 4770, 4794, 4801, 4823, 6955]@{}
http://www.comp.hkbu.edu.hk/v1/?page=job_vacancies?=sc?=tc@[80, 100, 112, 132, 144, 164, 179, 429, 439, 565, 4603, 4629, 4636, 4671, 4677, 4703, 4710, 4739, 4746, 4773, 4780, 4804, 4811, 4833, 6984]@{}
http://www.comp.hkbu.edu.hk/v1/?page=sitemap?=tc?=tc@[80, 100, 112, 132, 144, 164, 179, 429, 439, 565, 4603, 4629, 4636, 4657, 4664, 4693, 4700, 4729, 4736, 4763, 4770, 4794, 4801, 4823, 6946]@{}
http://www.comp.hkbu.edu.hk/v1/?page=sitemap?=sc?=tc@[80, 100, 112, 132, 144, 164, 179, 429, 439, 565, 4603, 4629, 4636, 4671, 4678, 4707, 4714, 4743, 4750, 4777, 4784, 4808, 4815, 4837, 6973]@{}
http://www.comp.hkbu.edu.hk/v1/?page=home@[80, 100, 112, 132, 144, 164, 179, 429, 439, 565, 4599, 4625, 4632, 4653, 4659, 4685, 4692, 4721, 4728, 4755, 4762, 4786, 4793, 4815, 6938]@{}
http://www.comp.hkbu.edu.hk/v1/?page=job_vacancies?=tc?=tc?=tc@[80, 100, 112, 132, 144, 164, 179, 429, 439, 565, 4606, 4632, 4639, 4674, 4681, 4707, 4714, 4743, 4750, 4777, 4784, 4808, 4815, 4837, 6981]@{}
http://www.comp.hkbu.edu.hk/v1/?page=job_vacancies?=sc?=tc?=tc@[80, 100, 112, 132, 144, 164, 179, 429, 439, 565, 4605, 4631, 4638, 4659, 4665, 4691, 4698, 4727, 4734, 4761, 4768, 4792, 4799, 4821, 6950]@{}
http://www.comp.hkbu.edu.hk/v1/?page=sitemap?=tc?=tc?=tc@[80, 100, 112, 132, 144, 164, 179, 429, 439, 565, 4606, 4632, 4639, 4664, 4670, 4697, 4704, 4733, 4740, 4767, 4774, 4798, 4805, 4827, 6978]@{}
http://www.comp.hkbu.edu.hk/v1/?page=sitemap?=sc?=tc?=tc@[80, 100, 112, 132, 144, 164, 179, 429, 439, 565, 4606, 4632, 4639, 4664, 4671, 4700, 4707, 4736, 4743, 4770, 4777, 4801, 4808, 4830, 6981]@{}
http://www.comp.hkbu.edu.hk/v1/?page=home?=tc@[80, 100, 112, 132, 144, 164, 179, 429, 439, 565, 4601, 4627, 4634, 4659, 4666, 4695, 4702, 4731, 4738, 4765, 4772, 4796, 4803, 4825, 6966]@{}
http://www.comp.hkbu.edu.hk/v1/?page=job_vacancies?=tc?=tc?=tc?=tc@[80, 100, 112, 132, 144, 164, 179, 429, 439, 565, 4608, 4634, 4641, 4676, 4682, 4708, 4715, 4744, 4751, 4778, 4785, 4809, 4816, 4838, 6961]@{}
http://www.comp.hkbu.edu.hk/v1/?page=job_vacancies?=sc?=tc?=tc?=tc@[80, 100, 112, 132, 144, 164, 179, 429, 439, 565, 4608, 4634, 4641, 4676, 4682, 4709, 4716, 4745, 4752, 4779, 4786, 4810, 4817, 4839, 6949]@{}
http://www.comp.hkbu.edu.hk/v1/?page=sitemap?=tc?=tc?=tc?=tc@[80, 100, 112, 132, 144, 164, 179, 429, 439, 565, 4607, 4633, 4640, 4665, 4671, 4697, 4704, 4733, 4740, 4767, 4774, 4798, 4805, 4827, 6967]@{}
http://www.comp.hkbu.edu.hk/v1/?page=sitemap?=sc?=tc?=tc?=tc@[80, 100, 112, 132, 144, 164, 179, 429, 439, 565, 4607, 4633, 4640, 4675, 4681, 4708, 4715, 4744, 4751, 4778, 4785, 4809, 4816, 4838, 6975]@{}
http://www.comp.hkbu.edu.hk/v1/?page=home?=tc?=tc@[80, 100, 112, 132, 144, 164, 179, 429, 439, 565, 4603, 4629, 4636, 4661, 4668, 4697, 4704, 4733, 4740, 4767, 4774, 4798, 4805, 4827, 6949]@{}
http://www.comp.hkbu.edu.hk/v1/?page=job_vacancies?=tc?=tc?=tc?=tc?=tc@[80, 100, 112, 132, 144, 164, 179, 429, 439, 565, 4610, 4636, 4643, 4678, 4684, 4711, 4718, 4747, 4754, 4781, 4788, 4812, 4819, 4841, 6956]@{}
http://www.comp.hkbu.edu.hk/v1/?page=job_vacancies?=sc?=tc?=tc?=tc?=tc@[80, 100, 112, 132, 144, 164, 179, 429, 439, 565, 4609, 4635, 4642, 4663, 4669, 4696, 4703, 4732, 4739, 4766, 4773, 4797, 4804, 4826, 6958]@{}
http://www.comp.hkbu.edu.hk/v1/?page=sitemap?=tc?=tc?=tc?=tc?=tc@[80, 100, 112, 132, 144, 164, 179, 429, 439, 565, 4610, 4636, 4643, 4664, 4671, 4704, 4711, 4740, 4747, 4774, 4781, 4805, 4812, 4834, 6978]@{}
http://www.comp.hkbu.edu.hk/v1/?page=sitemap?=sc?=tc?=tc?=tc?=tc@[80, 100, 112, 132, 144, 164, 179, 429, 439, 565, 4609, 4635, 4642, 4677, 4683, 4710, 4717, 4746, 4753, 4780, 4787, 4811, 4818, 4840, 6963]@{}
http://www.comp.hkbu.edu.hk/v1/?page=home?=tc?=tc?=tc@[80, 100, 112, 132, 144, 164, 179, 429, 439, 565, 4605, 4631, 4638, 4659, 4666, 4695, 4702, 4731, 4738, 4765, 4772, 4796, 4803, 4825, 6963]@{}
http://www.comp.hkbu.edu.hk/v1/?page=job_vacancies@[80, 100, 112]@{}
http://www.comp.hkbu.edu.hk/v1/?page=job_vacancies?=tc?=tc?=tc?=tc?=tc?=tc@[80, 100, 112, 132, 144, 164, 179, 429, 439, 565, 4612, 4638, 4645, 4666, 4673, 4699, 4706, 4735, 4742, 4769, 4776, 4800, 4807, 4829, 6953]@{}
http://www.comp.hkbu.edu.hk/v1/?page=job_vacancies?=sc?=tc?=tc?=tc?=tc?=tc@[80, 100, 112, 132, 144, 164, 179, 429, 439, 565, 4611, 4637, 4644, 4665, 4672, 4698, 4705, 4734, 4741, 4768, 4775, 4799, 4806, 4828, 6980]@{}
http://www.comp.hkbu.edu.hk/v1/?page=sitemap?=tc?=tc?=tc?=tc?=tc?=tc@[80, 100, 112, 132, 144, 164, 179, 429, 439, 565, 4611, 4637, 4644, 4669, 4675, 4702, 4709, 4738, 4745, 4772, 4779, 4803, 4810, 4832, 6970]@{}
http://www.comp.hkbu.edu.hk/v1/?page=sitemap?=sc?=tc?=tc?=tc?=tc?=tc@[80, 100, 112, 132, 144, 164, 179, 429, 439, 565, 4612, 4638, 4645, 4680, 4687, 4720, 4727, 4756, 4763, 4790, 4797, 4821, 4828, 4850, 6980]@{}
http://www.comp.hkbu.edu.hk/v1/?page=home?=tc?=tc?=tc?=tc@[80, 100, 112, 132, 144, 164, 179, 429, 439, 565, 4608, 4634, 4641, 4666, 4673, 4701, 4708, 4737, 4744, 4771, 4778, 4802, 4809, 4831, 6964]@{}
http://www.comp.hkbu.edu.hk/v1/?page=job_vacancies?=tc?=tc?=tc?=tc?=tc?=tc?=tc@[80, 100, 112, 132, 144, 164, 179, 429, 439, 565, 4614, 4640, 4647, 4668, 4675, 4703, 4710, 4739, 4746, 4773, 4780, 4804, 4811, 4833, 6952]@{}
http://www.comp.hkbu.edu.hk/v1/?page=job_vacancies?=sc?=tc?=tc?=tc?=tc?=tc?=tc@[80, 100, 112, 132, 144, 164, 179, 429, 439, 565, 4614, 4640, 4647, 4668, 4674, 4700, 4707, 4736, 4743, 4770, 4777, 4801, 4808, 4830, 6972]@{}
http://www.comp.hkbu.edu.hk/v1/?page=sitemap?=tc?=tc?=tc?=tc?=tc?=tc?=tc@[80, 100, 112, 132, 144, 164, 179, 429, 439, 565, 4613, 4639, 4646, 4667, 4674, 4702, 4709, 4738, 4745, 4772, 4779, 4803, 4810, 4832, 6952]@{}
http://www.comp.hkbu.edu.hk/v1/?page=sitemap?=sc?=tc?=tc?=tc?=tc?=tc?=tc@[80, 100, 112, 132, 144, 164, 179, 429, 439, 565, 4613, 4639, 4646, 4671, 4678, 4704, 4711, 4740, 4747, 4774, 4781, 4805, 4812, 4834, 6973]@{}
http://www.comp.hkbu.edu.hk/v1/?page=home?=tc?=tc?=tc?=tc?=tc@[80, 100, 112, 132, 144, 164, 179, 429, 439, 565, 4610, 4636, 4643, 4664, 4671, 4704, 4711, 4740, 4747, 4774, 4781, 4805, 4812, 4834, 6977]@{}
http://www.comp.hkbu.edu.hk/v1/?page=job_vacancies?=tc?=tc?=tc?=tc?=tc?=tc?=tc?=tc@[80, 100, 112, 132, 144, 164, 179, 429, 439, 565, 4616, 4642, 4649, 4684, 4691, 4719, 4726, 4755, 4762, 4789, 4796, 4820, 4827, 4849, 6995]@{}
http://www.comp.hkbu.edu.hk/v1/?page=job_vacancies?=sc?=tc?=tc?=tc?=tc?=tc?=tc?=tc@[80, 100, 112, 132, 144, 164, 179, 429, 439, 565, 4616, 4642, 4649, 4670, 4677, 4703, 4710, 4739, 4746, 4773, 4780, 4804, 4811, 4833, 6974]@{}
http://www.comp.hkbu.edu.hk/v1/?page=sitemap?=tc?=tc?=tc?=tc?=tc?=tc?=tc?=tc@[80, 100, 112, 132, 144, 164, 179, 429, 439, 565, 4616, 4642, 4649, 4670, 4677, 4706, 4713, 4742, 4749, 4776, 4783, 4807, 4814, 4836, 6965]@{}
http://www.comp.hkbu.edu.hk/v1/?page=sitemap?=sc?=tc?=tc?=tc?=tc?=tc?=tc?=tc@[80, 100, 112, 132, 144, 164, 179, 429, 439, 565, 4616, 4642, 4649, 4684, 4691, 4720, 4727, 4756, 4763, 4790, 4797, 4821, 4828, 4850, 6973]@{}
http://www.comp.hkbu.edu.hk/v1/?page=sitemap@[80, 100, 112]@{}
http://www.comp.hkbu.edu.hk/v1/?page=home?=tc?=tc?=tc?=tc?=tc?=tc@[80, 100, 112, 132, 144, 164, 179, 429, 439, 565, 4611, 4637, 4644, 4669, 4676, 4705, 4712, 4741, 4748, 4775, 4782, 4806, 4813, 4835, 6973]@{}
http://www.comp.hkbu.edu.hk/v1/?page=job_vacancies?=tc?=tc?=tc?=tc?=tc?=tc?=tc?=tc?=tc@[80, 100, 112, 132, 144, 164, 179, 429, 439, 565, 4618, 4644, 4651, 4686, 4693, 4719, 4726, 4755, 4762, 4789, 4796, 4820, 4827, 4849, 6969]@{}
http://www.comp.hkbu.edu.hk/v1/?page=job_vacancies?=sc?=tc?=tc?=tc?=tc?=tc?=tc?=tc?=tc@[80, 100, 112, 132, 144, 164, 179, 429, 439, 565, 4618, 4644, 4651, 4686, 4692, 4718, 4725, 4754, 4761, 4788, 4795, 4819, 4826, 4848, 6981]@{}
http://www.comp.hkbu.edu.hk/v1/?page=sitemap?=tc?=tc?=tc?=tc?=tc?=tc?=tc?=tc?=tc@[80, 100, 112, 132, 144, 164, 179, 429, 439, 565, 4617, 4643, 4650, 4671, 4677, 4703, 4710, 4739, 4746, 4773, 4780, 4804, 4811, 4833, 6949]@{}
http://www.comp.hkbu.edu.hk/v1/?page=sitemap?=sc?=tc?=tc?=tc?=tc?=tc?=tc?=tc?=tc@[80, 100, 112, 132, 144, 164, 179, 429, 439, 565, 4617, 4643, 4650, 4685, 4692, 4721, 4728, 4757, 4764, 4791, 4798, 4822, 4829, 4851, 6975]@{}
http://www.comp.hkbu.edu.hk/v1/?lang=tc@[80, 100, 112, 132, 144, 164, 179, 429, 439, 565, 4595, 4621, 4628, 4663, 4670, 4703, 4710, 4739, 4746, 4773, 4780, 4804, 4811, 4833, 6977]@{}
http://www.sci.hkbu.edu.hk/eng/about-us/distinguished-professorship/eng/page/?page=prospective-students@[2472, 4264, 4274, 4323, 4349, 4497, 4526, 4617, 4628, 4635, 4639, 4666]@{}
http://www.sci.hkbu.edu.hk/eng/about-us/honorary-doctorate/eng/page/?page=prospective-students@[2472, 4264, 4274, 4323, 4349, 4497, 4526, 4617, 4628, 4635, 4639, 4666]@{}
http://www.sci.hkbu.edu.hk/eng/about-us/distinguished-professor-of-science/eng/page/?page=prospective-students@[2472, 4264, 4274, 4323, 4349, 4497, 4526, 4617, 4628, 4635, 4639, 4666]@{}
http://www.sci.hkbu.edu.hk/eng/about-us/dr-kennedy-wong-distinguished-visiting-professorship-scheme/eng/page/?page=prospective-students@[2472, 4264, 4274, 4323, 4349, 4497, 4526, 4617, 4628, 4635, 4639, 4666]@{}
http://www.sci.hkbu.edu.hk/eng/page/eng/about-us/vision-mission@[2472, 4264, 4274, 4323, 4349, 4497, 4526, 4617, 4628, 4635, 4639, 4666]@{}
http://www.sci.hkbu.edu.hk/eng/page/eng/about-us/faculty-advisory-committee@[2472, 4264, 4274, 4323, 4349, 4497, 4526, 4617, 4628, 4635, 4639, 4666]@{}
http://www.sci.hkbu.edu.hk/eng@[2472, 4264, 4274, 4323, 4349, 4497, 4526, 4617, 4628, 4635, 4639, 4666]@{}
http://www.sci.hkbu.edu.hk/eng/about-us/vision-mission/eng/page/?page=prospective-students@[2472, 4264, 4274, 4323, 4349, 4497, 4526, 4617, 4628, 4635, 4639, 4666]@{}
http://www.sci.hkbu.edu.hk/eng/about-us/faculty-advisory-committee/eng/page/?page=prospective-students@[2472, 4264, 4274, 4323, 4349, 4497, 4526, 4617, 4628, 4635, 4639, 4666]@{}
