http://library.hkbu.edu.hk/@[21]@{}
http://www.comp.hkbu.edu.hk@[121, 152, 187, 2142, 2153, 2163, 2171, 2181, 2189, 2198, 4858, 5134, 5157, 5211, 6533]@{}
http://www.comp.hkbu.edu.hk/v1/?page=hkbu@[32, 59]@{}
http://www.comp.hkbu.edu.hk/v1/?page=sci@[428, 1710, 1715, 2477, 2505, 3343, 4351, 4366, 4370, 4496, 4502, 4509, 4515, 4533, 4592, 4596, 4642, 4663, 4830, 6109, 6710, 7468, 7472]@{}
http://www.comp.hkbu.edu.hk/v1/?page=job_vacancies?=tc@[121, 152, 187, 2142, 2153, 2163, 2171, 2181, 2189, 2198, 4854, 5130, 5153, 5207, 6512]@{}
http://www.comp.hkbu.edu.hk/v1/?page=job_vacancies?=sc@[121, 152, 187, 2142, 2153, 2163, 2171, 2181, 2189, 2198, 4854, 5130, 5153, 5207, 6362, 6523]@{}
http://www.comp.hkbu.edu.hk/v1/?page=sitemap?=tc@[121, 152, 187, 2142, 2153, 2163, 2171, 2181, 2189, 2198, 4850, 5126, 5149, 5203, 6515, 6698]@{}
http://www.comp.hkbu.edu.hk/v1/?page=sitemap?=sc@[121, 152, 187, 2142, 2153, 2163, 2171, 2181, 2189, 2198, 4849, 5125, 5148, 5202, 6522]@{}
http://www.comp.hkbu.edu.hk/v1/?lang=sc@[121, 152, 187, 2142, 2153, 2163, 2171, 2181, 2189, 2198, 4845, 5121, 5144, 5198, 6276, 6514]@{}
http://www.comp.hkbu.edu.hk/~alumni/news/../news/@[573, 782, 804, 853, 871, 880, 936, 939, 956, 962, 967, 993, 1136, 1140, 1145, 1215, 1238, 1247, 1317, 1322, 1423, 1442, 1451, 1552, 1571, 1579, 1690, 1710, 1719, 2011, 2016, 2066, 2092, 2101, 2208, 2228, 2237, 2336, 2353, 2361, 2372, 2504, 2667, 2694, 2705, 2755, 2764, 2767, 2775, 2778, 2942, 2955, 2959, 3019, 3031, 3049, 3056, 3063, 3069, 3075, 3152, 3161, 3164, 3219, 3244, 3260, 3319, 3341, 3407, 3415, 3423, 3428, 3501, 3522, 3541, 3673, 3689, 3699, 3712, 3782, 3809, 3882, 3901, 3913, 3989, 4006, 4012, 4018, 4084, 4100, 4115, 4124, 4209, 4222, 4234, 4237, 4242, 4250, 4336, 4344, 4428, 4514, 4576, 4798, 4871, 4952, 5000, 5004]@{}
http://www.comp.hkbu.edu.hk/~alumni/news/../scholarship/@[573, 790, 812, 820, 823, 834, 838]@{}
http://www.comp.hkbu.edu.hk/~alumni/news/../donation/@[573, 612, 616, 627, 1322, 1326]@{}
http://www.comp.hkbu.edu.hk/v1/?page=job_vacancies?=tc?=tc@[121, 152, 187, 2142, 2153, 2163, 2171, 2181, 2189, 2198, 4851, 5127, 5150, 5204, 6521, 6769]@{}
http://www.comp.hkbu.edu.hk/v1/?page=job_vacancies?=sc?=tc@[121, 152, 187, 2142, 2153, 2163, 2171, 2181, 2189, 2198, 4861, 5137, 5160, 5214, 6540, 6727]@{}
http://www.comp.hkbu.edu.hk/v1/?page=sitemap?=tc?=tc@[121, 152, 187, 2142, 2153, 2163, 2171, 2181, 2189, 2198, 4851, 5127, 5150, 5204, 6205, 6517]@{}
http://www.comp.hkbu.edu.hk/v1/?page=sitemap?=sc?=tc@[121, 152, 187, 2142, 2153, 2163, 2171, 2181, 2189, 2198, 4865, 5141, 5164, 5218, 6221, 6534]@{}
http://www.comp.hkbu.edu.hk/v1/?page=home@[121, 152, 187, 2142, 2153, 2163, 2171, 2181, 2189, 2198, 4843, 5119, 5142, 5196, 6272, 6510]@{}
http://www.comp.hkbu.edu.hk/~alumni/news/../news/../news/@[573, 782, 804, 853, 871, 880, 936, 939, 956, 962, 967, 993, 1136, 1140, 1145, 1215, 1238, 1247, 1317, 1322, 1423, 1442, 1451, 1552, 1571, 1579, 1690, 1710, 1719, 2011, 2016, 2066, 2092, 2101, 2208, 2228, 2237, 2336, 2353, 2361, 2372, 2504, 2667, 2694, 2705, 2755, 2764, 2767, 2775, 2778, 2942, 2955, 2959, 3019, 3031, 3049, 3056, 3063, 3069, 3075, 3152, 3161, 3164, 3219, 3244, 3260, 3319, 3341, 3407, 3415, 3423, 3428, 3501, 3522, 3541, 3673, 3689, 3699, 3712, 3782, 3809, 3882, 3901, 3913, 3989, 4006, 4012, 4018, 4084, 4100, 4115, 4124, 4209, 4222, 4234, 4237, 4242, 4250, 4336, 4344, 4428, 4514, 4576, 4798, 4871, 4952, 5000, 5004]@{}
http://www.comp.hkbu.edu.hk/~alumni/news/../scholarship/../news/@[573, 782, 804, 853, 871, 880, 936, 939, 956, 962, 967, 993, 1136, 1140, 1145, 1215, 1238, 1247, 1317, 1322, 1423, 1442, 1451, 1552, 1571, 1579, 1690, 1710, 1719, 2011, 2016, 2066, 2092, 2101, 2208, 2228, 2237, 2336, 2353, 2361, 2372, 2504, 2667, 2694, 2705, 2755, 2764, 2767, 2775, 2778, 2942, 2955, 2959, 3019, 3031, 3049, 3056, 3063, 3069, 3075, 3152, 3161, 3164, 3219, 3244, 3260, 3319, 3341, 3407, 3415, 3423, 3428, 3501, 3522, 3541, 3673, 3689, 3699, 3712, 3782, 3809, 3882, 3901, 3913, 3989, 4006, 4012, 4018, 4084, 4100, 4115, 4124, 4209, 4222, 4234, 4237, 4242, 4250, 4336, 4344, 4428, 4514, 4576, 4798, 4871, 4952, 5000, 5004]@{}
http://www.comp.hkbu.edu.hk/~alumni/news/../donation/../news/@[573, 782, 804, 853, 871, 880, 936, 939, 956, 962, 967, 993, 1136, 1140, 1145, 1215, 1238, 1247, 1317, 1322, 1423, 1442, 1451, 1552, 1571, 1579, 1690, 1710, 1719, 2011, 2016, 2066, 2092, 2101, 2208, 2228, 2237, 2336, 2353, 2361, 2372, 2504, 2667, 2694, 2705, 2755, 2764, 2767, 2775, 2778, 2942, 2955, 2959, 3019, 3031, 3049, 3056, 3063, 3069, 3075, 3152, 3161, 3164, 3219, 3244, 3260, 3319, 3341, 3407, 3415, 3423, 3428, 3501, 3522, 3541, 3673, 3689, 3699, 3712, 3782, 3809, 3882, 3901, 3913, 3989, 4006, 4012, 4018, 4084, 4100, 4115, 4124, 4209, 4222, 4234, 4237, 4242, 4250, 4336, 4344, 4428, 4514, 4576, 4798, 4871, 4952, 5000, 5004]@{}
http://www.comp.hkbu.edu.hk/v1/?page=job_vacancies?=tc?=tc?=tc@[121, 152, 187, 2142, 2153, 2163, 2171, 2181, 2189, 2198, 4865, 5141, 5164, 5218, 6299, 6537, 6800]@{}
http://www.comp.hkbu.edu.hk/v1/?page=job_vacancies?=sc?=tc?=tc@[121, 152, 187, 2142, 2153, 2163, 2171, 2181, 2189, 2198, 4849, 5125, 5148, 5202, 6357, 6522, 6769]@{}
http://www.comp.hkbu.edu.hk/v1/?page=sitemap?=tc?=tc?=tc@[121, 152, 187, 2142, 2153, 2163, 2171, 2181, 2189, 2198, 4855, 5131, 5154, 5208, 6215, 6292, 6529]@{}
http://www.comp.hkbu.edu.hk/v1/?page=sitemap?=sc?=tc?=tc@[121, 152, 187, 2142, 2153, 2163, 2171, 2181, 2189, 2198, 4858, 5134, 5157, 5211, 6214, 6530]@{}
http://www.comp.hkbu.edu.hk/v1/?page=library@[21]@{}
http://www.comp.hkbu.edu.hk/v1/?page=home?=tc@[121, 152, 187, 2142, 2153, 2163, 2171, 2181, 2189, 2198, 4853, 5129, 5152, 5206, 6285, 6526, 6713]@{}
http://www.comp.hkbu.edu.hk/~alumni/news/../news/../news/../news/@[573, 782, 804, 853, 871, 880, 936, 939, 956, 962, 967, 993, 1136, 1140, 1145, 1215, 1238, 1247, 1317, 1322, 1423, 1442, 1451, 1552, 1571, 1579, 1690, 1710, 1719, 2011, 2016, 2066, 2092, 2101, 2208, 2228, 2237, 2336, 2353, 2361, 2372, 2504, 2667, 2694, 2705, 2755, 2764, 2767, 2775, 2778, 2942, 2955, 2959, 3019, 3031, 3049, 3056, 3063, 3069, 3075, 3152, 3161, 3164, 3219, 3244, 3260, 3319, 3341, 3407, 3415, 3423, 3428, 3501, 3522, 3541, 3673, 3689, 3699, 3712, 3782, 3809, 3882, 3901, 3913, 3989, 4006, 4012, 4018, 4084, 4100, 4115, 4124, 4209, 4222, 4234, 4237, 4242, 4250, 4336, 4344, 4428, 4514, 4576, 4798, 4871, 4952, 5000, 5004]@{}
http://www.comp.hkbu.edu.hk/~alumni/news/../scholarship/../news/../news/@[573, 782, 804, 853, 871, 880, 936, 939, 956, 962, 967, 993, 1136, 1140, 1145, 1215, 1238, 1247, 1317, 1322, 1423, 1442, 1451, 1552, 1571, 1579, 1690, 1710, 1719, 2011, 2016, 2066, 2092, 2101, 2208, 2228, 2237, 2336, 2353, 2361, 2372, 2504, 2667, 2694, 2705, 2755, 2764, 2767, 2775, 2778, 2942, 2955, 2959, 3019, 3031, 3049, 3056, 3063, 3069, 3075, 3152, 3161, 3164, 3219, 3244, 3260, 3319, 3341, 3407, 3415, 3423, 3428, 3501, 3522, 3541, 3673, 3689, 3699, 3712, 3782, 3809, 3882, 3901, 3913, 3989, 4006, 4012, 4018, 4084, 4100, 4115, 4124, 4209, 4222, 4234, 4237, 4242, 4250, 4336, 4344, 4428, 4514, 4576, 4798, 4871, 4952, 5000, 5004]@{}
http://www.comp.hkbu.edu.hk/~alumni/news/../donation/../news/../news/@[573, 782, 804, 853, 871, 880, 936, 939, 956, 962, 967, 993, 1136, 1140, 1145, 1215, 1238, 1247, 1317, 1322, 1423, 1442, 1451, 1552, 1571, 1579, 1690, 1710, 1719, 2011, 2016, 2066, 2092, 2101, 2208, 2228, 2237, 2336, 2353, 2361, 2372, 2504, 2667, 2694, 2705, 2755, 2764, 2767, 2775, 2778, 2942, 2955, 2959, 3019, 3031, 3049, 3056, 3063, 3069, 3075, 3152, 3161, 3164, 3219, 3244, 3260, 3319, 3341, 3407, 3415, 3423, 3428, 3501, 3522, 3541, 3673, 3689, 3699, 3712, 3782, 3809, 3882, 3901, 3913, 3989, 4006, 4012, 4018, 4084, 4100, 4115, 4124, 4209, 4222, 4234, 4237, 4242, 4250, 4336, 4344, 4428, 4514, 4576, 4798, 4871, 4952, 5000, 5004]@{}
http://www.comp.hkbu.edu.hk/v1/?page=job_vacancies?=tc?=tc?=tc?=tc@[121, 152, 187, 2142, 2153, 2163, 2171, 2181, 2189, 2198, 4866, 5142, 5165, 5219, 6534]@{}
http://www.comp.hkbu.edu.hk/v1/?page=job_vacancies?=sc?=tc?=tc?=tc@[121, 152, 187, 2142, 2153, 2163, 2171, 2181, 2189, 2198, 4867, 5143, 5166, 5220, 6527]@{}
http://www.comp.hkbu.edu.hk/v1/?page=sitemap?=tc?=tc?=tc?=tc@[121, 152, 187, 2142, 2153, 2163, 2171, 2181, 2189, 2198, 4855, 5131, 5154, 5208, 6212, 6528]@{}
http://www.comp.hkbu.edu.hk/v1/?page=sitemap?=sc?=tc?=tc?=tc@[121, 152, 187, 2142, 2153, 2163, 2171, 2181, 2189, 2198, 4866, 5142, 5165, 5219, 6223, 6539]@{}
http://www.comp.hkbu.edu.hk/v1/?page=home?=tc?=tc@[121, 152, 187, 2142, 2153, 2163, 2171, 2181, 2189, 2198, 4855, 5131, 5154, 5208, 6211, 6297, 6532]@{}
http://www.comp.hkbu.edu.hk/~alumni/news/../news/../news/../news/../news/@[573, 782, 804, 853, 871, 880, 936, 939, 956, 962, 967, 993, 1136, 1140, 1145, 1215, 1238, 1247, 1317, 1322, 1423, 1442, 1451, 1552, 1571, 1579, 1690, 1710, 1719, 2011, 2016, 2066, 2092, 2101, 2208, 2228, 2237, 2336, 2353, 2361, 2372, 2504, 2667, 2694, 2705, 2755, 2764, 2767, 2775, 2778, 2942, 2955, 2959, 3019, 3031, 3049, 3056, 3063, 3069, 3075, 3152, 3161, 3164, 3219, 3244, 3260, 3319, 3341, 3407, 3415, 3423, 3428, 3501, 3522, 3541, 3673, 3689, 3699, 3712, 3782, 3809, 3882, 3901, 3913, 3989, 4006, 4012, 4018, 4084, 4100, 4115, 4124, 4209, 4222, 4234, 4237, 4242, 4250, 4336, 4344, 4428, 4514, 4576, 4798, 4871, 4952, 5000, 5004]@{}
http://www.comp.hkbu.edu.hk/~alumni/news/../scholarship/../news/../news/../news/@[573, 782, 804, 853, 871, 880, 936, 939, 956, 962, 967, 993, 1136, 1140, 1145, 1215, 1238, 1247, 1317, 1322, 1423, 1442, 1451, 1552, 1571, 1579, 1690, 1710, 1719, 2011, 2016, 2066, 2092, 2101, 2208, 2228, 2237, 2336, 2353, 2361, 2372, 2504, 2667, 2694, 2705, 2755, 2764, 2767, 2775, 2778, 2942, 2955, 2959, 3019, 3031, 3049, 3056, 3063, 3069, 3075, 3152, 3161, 3164, 3219, 3244, 3260, 3319, 3341, 3407, 3415, 3423, 3428, 3501, 3522, 3541, 3673, 3689, 3699, 3712, 3782, 3809, 3882, 3901, 3913, 3989, 4006, 4012, 4018, 4084, 4100, 4115, 4124, 4209, 4222, 4234, 4237, 4242, 4250, 4336, 4344, 4428, 4514, 4576, 4798, 4871, 4952, 5000, 5004]@{}
http://www.comp.hkbu.edu.hk/~alumni/news/../donation/../news/../news/../news/@[573, 782, 804, 853, 871, 880, 936, 939, 956, 962, 967, 993, 1136, 1140, 1145, 1215, 1238, 1247, 1317, 1322, 1423, 1442, 1451, 1552, 1571, 1579, 1690, 1710, 1719, 2011, 2016, 2066, 2092, 2101, 2208, 2228, 2237, 2336, 2353, 2361, 2372, 2504, 2667, 2694, 2705, 2755, 2764, 2767, 2775, 2778, 2942, 2955, 2959, 3019, 3031, 3049, 3056, 3063, 3069, 3075, 3152, 3161, 3164, 3219, 3244, 3260, 3319, 3341, 3407, 3415, 3423, 3428, 3501, 3522, 3541, 3673, 3689, 3699, 3712, 3782, 3809, 3882, 3901, 3913, 3989, 4006, 4012, 4018, 4084, 4100, 4115, 4124, 4209, 4222, 4234, 4237, 4242, 4250, 4336, 4344, 4428, 4514, 4576, 4798, 4871, 4952, 5000, 5004]@{}
http://www.comp.hkbu.edu.hk/v1/?page=job_vacancies?=tc?=tc?=tc?=tc?=tc@[121, 152, 187, 2142, 2153, 2163, 2171, 2181, 2189, 2198, 4869, 5145, 5168, 5222, 6536]@{}
http://www.comp.hkbu.edu.hk/v1/?page=job_vacancies?=sc?=tc?=tc?=tc?=tc@[121, 152, 187, 2142, 2153, 2163, 2171, 2181, 2189, 2198, 4854, 5130, 5153, 5207, 6211, 6293, 6532]@{}
http://www.comp.hkbu.edu.hk/v1/?page=sitemap?=tc?=tc?=tc?=tc?=tc@[121, 152, 187, 2142, 2153, 2163, 2171, 2181, 2189, 2198, 4862, 5138, 5161, 5215, 6295, 6532, 6713]@{}
http://www.comp.hkbu.edu.hk/v1/?page=sitemap?=sc?=tc?=tc?=tc?=tc@[121, 152, 187, 2142, 2153, 2163, 2171, 2181, 2189, 2198, 4868, 5144, 5167, 5221, 6228, 6540]@{}
http://www.comp.hkbu.edu.hk/v1/?page=home?=tc?=tc?=tc@[121, 152, 187, 2142, 2153, 2163, 2171, 2181, 2189, 2198, 4853, 5129, 5152, 5206, 6213, 6530]@{}
http://www.comp.hkbu.edu.hk/~alumni/news/../news/../news/../news/../news/../news/@[573, 782, 804, 853, 871, 880, 936, 939, 956, 962, 967, 993, 1136, 1140, 1145, 1215, 1238, 1247, 1317, 1322, 1423, 1442, 1451, 1552, 1571, 1579, 1690, 1710, 1719, 2011, 2016, 2066, 2092, 2101, 2208, 2228, 2237, 2336, 2353, 2361, 2372, 2504, 2667, 2694, 2705, 2755, 2764, 2767, 2775, 2778, 2942, 2955, 2959, 3019, 3031, 3049, 3056, 3063, 3069, 3075, 3152, 3161, 3164, 3219, 3244, 3260, 3319, 3341, 3407, 3415, 3423, 3428, 3501, 3522, 3541, 3673, 3689, 3699, 3712, 3782, 3809, 3882, 3901, 3913, 3989, 4006, 4012, 4018, 4084, 4100, 4115, 4124, 4209, 4222, 4234, 4237, 4242, 4250, 4336, 4344, 4428, 4514, 4576, 4798, 4871, 4952, 5000, 5004]@{}
http://www.comp.hkbu.edu.hk/~alumni/news/../scholarship/../news/../news/../news/../news/@[573, 782, 804, 853, 871, 880, 936, 939, 956, 962, 967, 993, 1136, 1140, 1145, 1215, 1238, 1247, 1317, 1322, 1423, 1442, 1451, 1552, 1571, 1579, 1690, 1710, 1719, 2011, 2016, 2066, 2092, 2101, 2208, 2228, 2237, 2336, 2353, 2361, 2372, 2504, 2667, 2694, 2705, 2755, 2764, 2767, 2775, 2778, 2942, 2955, 2959, 3019, 3031, 3049, 3056, 3063, 3069, 3075, 3152, 3161, 3164, 3219, 3244, 3260, 3319, 3341, 3407, 3415, 3423, 3428, 3501, 3522, 3541, 3673, 3689, 3699, 3712, 3782, 3809, 3882, 3901, 3913, 3989, 4006, 4012, 4018, 4084, 4100, 4115, 4124, 4209, 4222, 4234, 4237, 4242, 4250, 4336, 4344, 4428, 4514, 4576, 4798, 4871, 4952, 5000, 5004]@{}
http://www.comp.hkbu.edu.hk/~alumni/news/../donation/../news/../news/../news/../news/@[573, 782, 804, 853, 871, 880, 936, 939, 956, 962, 967, 993, 1136, 1140, 1145, 1215, 1238, 1247, 1317, 1322, 1423, 1442, 1451, 1552, 1571, 1579, 1690, 1710, 1719, 2011, 2016, 2066, 2092, 2101, 2208, 2228, 2237, 2336, 2353, 2361, 2372, 2504, 2667, 2694, 2705, 2755, 2764, 2767, 2775, 2778, 2942, 2955, 2959, 3019, 3031, 3049, 3056, 3063, 3069, 3075, 3152, 3161, 3164, 3219, 3244, 3260, 3319, 3341, 3407, 3415, 3423, 3428, 3501, 3522, 3541, 3673, 3689, 3699, 3712, 3782, 3809, 3882, 3901, 3913, 3989, 4006, 4012, 4018, 4084, 4100, 4115, 4124, 4209, 4222, 4234, 4237, 4242, 4250, 4336, 4344, 4428, 4514, 4576, 4798, 4871, 4952, 5000, 5004]@{}
http://www.comp.hkbu.edu.hk/v1/?page=job_vacancies@[1690, 1701, 1711, 1719, 1729, 1737, 1746, 4163, 4189, 4248]@{}
http://www.comp.hkbu.edu.hk/v1/?page=job_vacancies?=tc?=tc?=tc?=tc?=tc?=tc@[121, 152, 187, 2142, 2153, 2163, 2171, 2181, 2189, 2198, 4857, 5133, 5156, 5210, 6217, 6530]@{}
http://www.comp.hkbu.edu.hk/v1/?page=job_vacancies?=sc?=tc?=tc?=tc?=tc?=tc@[121, 152, 187, 2142, 2153, 2163, 2171, 2181, 2189, 2198, 4856, 5132, 5155, 5209, 6210, 6373, 6538]@{}
http://www.comp.hkbu.edu.hk/v1/?page=sitemap?=tc?=tc?=tc?=tc?=tc?=tc@[121, 152, 187, 2142, 2153, 2163, 2171, 2181, 2189, 2198, 4860, 5136, 5159, 5213, 6527, 6780]@{}
http://www.comp.hkbu.edu.hk/v1/?page=sitemap?=sc?=tc?=tc?=tc?=tc?=tc@[121, 152, 187, 2142, 2153, 2163, 2171, 2181, 2189, 2198, 4878, 5154, 5177, 5231, 6546, 6799]@{}
http://www.comp.hkbu.edu.hk/v1/?page=home?=tc?=tc?=tc?=tc@[121, 152, 187, 2142, 2153, 2163, 2171, 2181, 2189, 2198, 4859, 5135, 5158, 5212, 6216, 6528]@{}
http://www.comp.hkbu.edu.hk/~alumni/news/../news/../news/../news/../news/../news/../news/@[573, 782, 804, 853, 871, 880, 936, 939, 956, 962, 967, 993, 1136, 1140, 1145, 1215, 1238, 1247, 1317, 1322, 1423, 1442, 1451, 1552, 1571, 1579, 1690, 1710, 1719, 2011, 2016, 2066, 2092, 2101, 2208, 2228, 2237, 2336, 2353, 2361, 2372, 2504, 2667, 2694, 2705, 2755, 2764, 2767, 2775, 2778, 2942, 2955, 2959, 3019, 3031, 3049, 3056, 3063, 3069, 3075, 3152, 3161, 3164, 3219, 3244, 3260, 3319, 3341, 3407, 3415, 3423, 3428, 3501, 3522, 3541, 3673, 3689, 3699, 3712, 3782, 3809, 3882, 3901, 3913, 3989, 4006, 4012, 4018, 4084, 4100, 4115, 4124, 4209, 4222, 4234, 4237, 4242, 4250, 4336, 4344, 4428, 4514, 4576, 4798, 4871, 4952, 5000, 5004]@{}
http://www.comp.hkbu.edu.hk/~alumni/news/../scholarship/../news/../news/../news/../news/../news/@[573, 782, 804, 853, 871, 880, 936, 939, 956, 962, 967, 993, 1136, 1140, 1145, 1215, 1238, 1247, 1317, 1322, 1423, 1442, 1451, 1552, 1571, 1579, 1690, 1710, 1719, 2011, 2016, 2066, 2092, 2101, 2208, 2228, 2237, 2336, 2353, 2361, 2372, 2504, 2667, 2694, 2705, 2755, 2764, 2767, 2775, 2778, 2942, 2955, 2959, 3019, 3031, 3049, 3056, 3063, 3069, 3075, 3152, 3161, 3164, 3219, 3244, 3260, 3319, 3341, 3407, 3415, 3423, 3428, 3501, 3522, 3541, 3673, 3689, 3699, 3712, 3782, 3809, 3882, 3901, 3913, 3989, 4006, 4012, 4018, 4084, 4100, 4115, 4124, 4209, 4222, 4234, 4237, 4242, 4250, 4336, 4344, 4428, 4514, 4576, 4798, 4871, 4952, 5000, 5004]@{}
http://www.comp.hkbu.edu.hk/~alumni/news/../donation/../news/../news/../news/../news/../news/@[573, 782, 804, 853, 871, 880, 936, 939, 956, 962, 967, 993, 1136, 1140, 1145, 1215, 1238, 1247, 1317, 1322, 1423, 1442, 1451, 1552, 1571, 1579, 1690, 1710, 1719, 2011, 2016, 2066, 2092, 2101, 2208, 2228, 2237, 2336, 2353, 2361, 2372, 2504, 2667, 2694, 2705, 2755, 2764, 2767, 2775, 2778, 2942, 2955, 2959, 3019, 3031, 3049, 3056, 3063, 3069, 3075, 3152, 3161, 3164, 3219, 3244, 3260, 3319, 3341, 3407, 3415, 3423, 3428, 3501, 3522, 3541, 3673, 3689, 3699, 3712, 3782, 3809, 3882, 3901, 3913, 3989, 4006, 4012, 4018, 4084, 4100, 4115, 4124, 4209, 4222, 4234, 4237, 4242, 4250, 4336, 4344, 4428, 4514, 4576, 4798, 4871, 4952, 5000, 5004]@{}
http://www.comp.hkbu.edu.hk/v1/?page=job_vacancies?=tc?=tc?=tc?=tc?=tc?=tc?=tc@[121, 152, 187, 2142, 2153, 2163, 2171, 2181, 2189, 2198, 4861, 5137, 5160, 5214, 6526]@{}
http://www.comp.hkbu.edu.hk/v1/?page=job_vacancies?=sc?=tc?=tc?=tc?=tc?=tc?=tc@[121, 152, 187, 2142, 2153, 2163, 2171, 2181, 2189, 2198, 4858, 5134, 5157, 5211, 6526]@{}
http://www.comp.hkbu.edu.hk/v1/?page=sitemap?=tc?=tc?=tc?=tc?=tc?=tc?=tc@[121, 152, 187, 2142, 2153, 2163, 2171, 2181, 2189, 2198, 4860, 5136, 5159, 5213, 6523]@{}
http://www.comp.hkbu.edu.hk/v1/?page=sitemap?=sc?=tc?=tc?=tc?=tc?=tc?=tc@[121, 152, 187, 2142, 2153, 2163, 2171, 2181, 2189, 2198, 4862, 5138, 5161, 5215, 6373, 6538]@{}
http://www.comp.hkbu.edu.hk/v1/?page=home?=tc?=tc?=tc?=tc?=tc@[121, 152, 187, 2142, 2153, 2163, 2171, 2181, 2189, 2198, 4862, 5138, 5161, 5215, 6219, 6532]@{}
http://www.comp.hkbu.edu.hk/~alumni/news/../news/../news/../news/../news/../news/../news/../news/@[573, 782, 804, 853, 871, 880, 936, 939, 956, 962, 967, 993, 1136, 1140, 1145, 1215, 1238, 1247, 1317, 1322, 1423, 1442, 1451, 1552, 1571, 1579, 1690, 1710, 1719, 2011, 2016, 2066, 2092, 2101, 2208, 2228, 2237, 2336, 2353, 2361, 2372, 2504, 2667, 2694, 2705, 2755, 2764, 2767, 2775, 2778, 2942, 2955, 2959, 3019, 3031, 3049, 3056, 3063, 3069, 3075, 3152, 3161, 3164, 3219, 3244, 3260, 3319, 3341, 3407, 3415, 3423, 3428, 3501, 3522, 3541, 3673, 3689, 3699, 3712, 3782, 3809, 3882, 3901, 3913, 3989, 4006, 4012, 4018, 4084, 4100, 4115, 4124, 4209, 4222, 4234, 4237, 4242, 4250, 4336, 4344, 4428, 4514, 4576, 4798, 4871, 4952, 5000, 5004]@{}
http://www.comp.hkbu.edu.hk/~alumni/news/../scholarship/../news/../news/../news/../news/../news/../news/@[573, 782, 804, 853, 871, 880, 936, 939, 956, 962, 967, 993, 1136, 1140, 1145, 1215, 1238, 1247, 1317, 1322, 1423, 1442, 1451, 1552, 1571, 1579, 1690, 1710, 1719, 2011, 2016, 2066, 2092, 2101, 2208, 2228, 2237, 2336, 2353, 2361, 2372, 2504, 2667, 2694, 2705, 2755, 2764, 2767, 2775, 2778, 2942, 2955, 2959, 3019, 3031, 3049, 3056, 3063, 3069, 3075, 3152, 3161, 3164, 3219, 3244, 3260, 3319, 3341, 3407, 3415, 3423, 3428, 3501, 3522, 3541, 3673, 3689, 3699, 3712, 3782, 3809, 3882, 3901, 3913, 3989, 4006, 4012, 4018, 4084, 4100, 4115, 4124, 4209, 4222, 4234, 4237, 4242, 4250, 4336, 4344, 4428, 4514, 4576, 4798, 4871, 4952, 5000, 5004]@{}
http://www.comp.hkbu.edu.hk/~alumni/news/../donation/../news/../news/../news/../news/../news/../news/@[573, 782, 804, 853, 871, 880, 936, 939, 956, 962, 967, 993, 1136, 1140, 1145, 1215, 1238, 1247, 1317, 1322, 1423, 1442, 1451, 1552, 1571, 1579, 1690, 1710, 1719, 2011, 2016, 2066, 2092, 2101, 2208, 2228, 2237, 2336, 2353, 2361, 2372, 2504, 2667, 2694, 2705, 2755, 2764, 2767, 2775, 2778, 2942, 2955, 2959, 3019, 3031, 3049, 3056, 3063, 3069, 3075, 3152, 3161, 3164, 3219, 3244, 3260, 3319, 3341, 3407, 3415, 3423, 3428, 3501, 3522, 3541, 3673, 3689, 3699, 3712, 3782, 3809, 3882, 3901, 3913, 3989, 4006, 4012, 4018, 4084, 4100, 4115, 4124, 4209, 4222, 4234, 4237, 4242, 4250, 4336, 4344, 4428, 4514, 4576, 4798, 4871, 4952, 5000, 5004]@{}
http://www.comp.hkbu.edu.hk/v1/?page=job_vacancies?=tc?=tc?=tc?=tc?=tc?=tc?=tc?=tc@[121, 152, 187, 2142, 2153, 2163, 2171, 2181, 2189, 2198, 4877, 5153, 5176, 5230, 6234, 6316, 6546, 6727]@{}
http://www.comp.hkbu.edu.hk/v1/?page=job_vacancies?=sc?=tc?=tc?=tc?=tc?=tc?=tc?=tc@[121, 152, 187, 2142, 2153, 2163, 2171, 2181, 2189, 2198, 4861, 5137, 5160, 5214, 6381, 6542]@{}
http://www.comp.hkbu.edu.hk/v1/?page=sitemap?=tc?=tc?=tc?=tc?=tc?=tc?=tc?=tc@[121, 152, 187, 2142, 2153, 2163, 2171, 2181, 2189, 2198, 4864, 5140, 5163, 5217, 6527]@{}
http://www.comp.hkbu.edu.hk/v1/?page=sitemap?=sc?=tc?=tc?=tc?=tc?=tc?=tc?=tc@[121, 152, 187, 2142, 2153, 2163, 2171, 2181, 2189, 2198, 4878, 5154, 5177, 5231, 6234, 6393, 6553]@{}
http://www.comp.hkbu.edu.hk/v1/?page=sitemap@[1688, 1699, 1709, 1717, 1727, 1735, 1744]@{}
http://www.comp.hkbu.edu.hk/v1/?page=home?=tc?=tc?=tc?=tc?=tc?=tc@[121, 152, 187, 2142, 2153, 2163, 2171, 2181, 2189, 2198, 4863, 5139, 5162, 5216, 6219, 6374, 6539]@{}
http://www.comp.hkbu.edu.hk/~alumni/news/../news/../news/../news/../news/../news/../news/../news/../news/@[573, 782, 804, 853, 871, 880, 936, 939, 956, 962, 967, 993, 1136, 1140, 1145, 1215, 1238, 1247, 1317, 1322, 1423, 1442, 1451, 1552, 1571, 1579, 1690, 1710, 1719, 2011, 2016, 2066, 2092, 2101, 2208, 2228, 2237, 2336, 2353, 2361, 2372, 2504, 2667, 2694, 2705, 2755, 2764, 2767, 2775, 2778, 2942, 2955, 2959, 3019, 3031, 3049, 3056, 3063, 3069, 3075, 3152, 3161, 3164, 3219, 3244, 3260, 3319, 3341, 3407, 3415, 3423, 3428, 3501, 3522, 3541, 3673, 3689, 3699, 3712, 3782, 3809, 3882, 3901, 3913, 3989, 4006, 4012, 4018, 4084, 4100, 4115, 4124, 4209, 4222, 4234, 4237, 4242, 4250, 4336, 4344, 4428, 4514, 4576, 4798, 4871, 4952, 5000, 5004]@{}
http://www.comp.hkbu.edu.hk/~alumni/news/../scholarship/../news/../news/../news/../news/../news/../news/../news/@[573, 782, 804, 853, 871, 880, 936, 939, 956, 962, 967, 993, 1136, 1140, 1145, 1215, 1238, 1247, 1317, 1322, 1423, 1442, 1451, 1552, 1571, 1579, 1690, 1710, 1719, 2011, 2016, 2066, 2092, 2101, 2208, 2228, 2237, 2336, 2353, 2361, 2372, 2504, 2667, 2694, 2705, 2755, 2764, 2767, 2775, 2778, 2942, 2955, 2959, 3019, 3031, 3049, 3056, 3063, 3069, 3075, 3152, 3161, 3164, 3219, 3244, 3260, 3319, 3341, 3407, 3415, 3423, 3428, 3501, 3522, 3541, 3673, 3689, 3699, 3712, 3782, 3809, 3882, 3901, 3913, 3989, 4006, 4012, 4018, 4084, 4100, 4115, 4124, 4209, 4222, 4234, 4237, 4242, 4250, 4336, 4344, 4428, 4514, 4576, 4798, 4871, 4952, 5000, 5004]@{}
http://www.comp.hkbu.edu.hk/~alumni/news/../donation/../news/../news/../news/../news/../news/../news/../news/@[573, 782, 804, 853, 871, 880, 936, 939, 956, 962, 967, 993, 1136, 1140, 1145, 1215, 1238, 1247, 1317, 1322, 1423, 1442, 1451, 1552, 1571, 1579, 1690, 1710, 1719, 2011, 2016, 2066, 2092, 2101, 2208, 2228, 2237, 2336, 2353, 2361, 2372, 2504, 2667, 2694, 2705, 2755, 2764, 2767, 2775, 2778, 2942, 2955, 2959, 3019, 3031, 3049, 3056, 3063, 3069, 3075, 3152, 3161, 3164, 3219, 3244, 3260, 3319, 3341, 3407, 3415, 3423, 3428, 3501, 3522, 3541, 3673, 3689, 3699, 3712, 3782, 3809, 3882, 3901, 3913, 3989, 4006, 4012, 4018, 4084, 4100, 4115, 4124, 4209, 4222, 4234, 4237, 4242, 4250, 4336, 4344, 4428, 4514, 4576, 4798, 4871, 4952, 5000, 5004]@{}
http://www.comp.hkbu.edu.hk/v1/?page=job_vacancies?=tc?=tc?=tc?=tc?=tc?=tc?=tc?=tc?=tc@[121, 152, 187, 2142, 2153, 2163, 2171, 2181, 2189, 2198, 4877, 5153, 5176, 5230, 6545]@{}
http://www.comp.hkbu.edu.hk/v1/?page=job_vacancies?=sc?=tc?=tc?=tc?=tc?=tc?=tc?=tc?=tc@[121, 152, 187, 2142, 2153, 2163, 2171, 2181, 2189, 2198, 4876, 5152, 5175, 5229, 6549]@{}
http://www.comp.hkbu.edu.hk/v1/?page=sitemap?=tc?=tc?=tc?=tc?=tc?=tc?=tc?=tc?=tc@[121, 152, 187, 2142, 2153, 2163, 2171, 2181, 2189, 2198, 4861, 5137, 5160, 5214, 6527]@{}
http://www.comp.hkbu.edu.hk/v1/?page=sitemap?=sc?=tc?=tc?=tc?=tc?=tc?=tc?=tc?=tc@[121, 152, 187, 2142, 2153, 2163, 2171, 2181, 2189, 2198, 4879, 5155, 5178, 5232, 6551]@{}
http://www.comp.hkbu.edu.hk/v1/?lang=tc@[121, 152, 187, 2142, 2153, 2163, 2171, 2181, 2189, 2198, 4861, 5137, 5160, 5214, 6539, 6791]@{}
http://www.comp.hkbu.edu.hk/~alumni/news/@[573, 782, 804, 853, 871, 880, 936, 939, 956, 962, 967, 993, 1136, 1140, 1145, 1215, 1238, 1247, 1317, 1322, 1423, 1442, 1451, 1552, 1571, 1579, 1690, 1710, 1719, 2011, 2016, 2066, 2092, 2101, 2208, 2228, 2237, 2336, 2353, 2361, 2372, 2504, 2667, 2694, 2705, 2755, 2764, 2767, 2775, 2778, 2942, 2955, 2959, 3019, 3031, 3049, 3056, 3063, 3069, 3075, 3152, 3161, 3164, 3219, 3244, 3260, 3319, 3341, 3407, 3415, 3423, 3428, 3501, 3522, 3541, 3673, 3689, 3699, 3712, 3782, 3809, 3882, 3901, 3913, 3989, 4006, 4012, 4018, 4084, 4100, 4115, 4124, 4209, 4222, 4234, 4237, 4242, 4250, 4336, 4344, 4428, 4514, 4576, 4798, 4871, 4952, 5000, 5004]@{}
http://www.sci.hkbu.edu.hk/eng/page/?page=prospective-students@[428, 1710, 1715, 3039]@{}
http://www.sci.hkbu.edu.hk/eng/page/?page=current-students@[428, 1710, 1715, 2849]@{}
http://www.sci.hkbu.edu.hk/eng/page/@[428, 1710, 1715, 2391, 2405, 2411, 2416, 2430, 2437, 2453]@{}
http://www.sci.hkbu.edu.hk/eng/about-us/honorary-doctorate@[428, 1710, 1715]@{}
http://www.sci.hkbu.edu.hk/eng/about-us/distinguished-professorship/eng/page/?page=prospective-students@[428, 1710, 1715, 2477, 2505, 3343, 4351, 4366, 4370, 4496, 4502, 4509, 4515, 4533, 4592, 4596, 4642, 4663, 4830, 6109, 6710, 7468, 7472]@{}
http://www.sci.hkbu.edu.hk/eng/about-us/honorary-doctorate/eng/page/?page=prospective-students@[428, 1710, 1715, 2477, 2505, 3343, 4351, 4366, 4370, 4496, 4502, 4509, 4515, 4533, 4592, 4596, 4642, 4663, 4830, 6109, 6710, 7468, 7472]@{}
http://www.sci.hkbu.edu.hk/eng/about-us/distinguished-professor-of-science@[428, 1710, 1715, 2635, 2659, 2675, 2677, 2680, 2693, 3055, 3145, 3225, 3399]@{}
http://www.sci.hkbu.edu.hk/eng/about-us/dr-kennedy-wong-distinguished-visiting-professorship-scheme@[428, 1710, 1715, 2742, 2834, 2851]@{}
http://www.sci.hkbu.edu.hk/eng/about-us/distinguished-professor-of-science/eng/page/?page=prospective-students@[428, 1710, 1715, 2477, 2505, 3343, 4351, 4366, 4370, 4496, 4502, 4509, 4515, 4533, 4592, 4596, 4642, 4663, 4830, 6109, 6710, 7468, 7472]@{}
http://www.sci.hkbu.edu.hk/eng/about-us/dr-kennedy-wong-distinguished-visiting-professorship-scheme/eng/page/?page=prospective-students@[428, 1710, 1715, 2477, 2505, 3343, 4351, 4366, 4370, 4496, 4502, 4509, 4515, 4533, 4592, 4596, 4642, 4663, 4830, 6109, 6710, 7468, 7472]@{}
http://www.sci.hkbu.edu.hk/eng/page/eng/about-us/vision-mission@[428, 1710, 1715, 2477, 2505, 3343, 4351, 4366, 4370, 4496, 4502, 4509, 4515, 4533, 4592, 4596, 4642, 4663, 4830, 6109, 6710, 7468, 7472]@{}
http://www.sci.hkbu.edu.hk/eng/page/eng/about-us/faculty-advisory-committee@[428, 1710, 1715, 2477, 2505, 3343, 4351, 4366, 4370, 4496, 4502, 4509, 4515, 4533, 4592, 4596, 4642, 4663, 4830, 6109, 6710, 7468, 7472]@{}
http://www.sci.hkbu.edu.hk/eng@[428, 1710, 1715, 2477, 2505, 3343, 4351, 4366, 4370, 4496, 4502, 4509, 4515, 4533, 4592, 4596, 4642, 4663, 4830, 6109, 6710, 7468, 7472]@{}
http://www.sci.hkbu.edu.hk/eng/about-us/vision-mission@[428, 1710, 1715, 2690, 2719, 2917, 2927, 2965, 2969]@{}
http://www.sci.hkbu.edu.hk/eng/about-us/faculty-advisory-committee@[428, 1710, 1715, 2622, 2632, 2643, 2654, 2659, 2661, 2676, 2716, 2720, 2723, 2727, 2731, 2737, 2749, 2754, 2766, 2854, 2857, 3089, 3170, 3173]@{}
http://www.sci.hkbu.edu.hk/eng/about-us/vision-mission/eng/page/?page=prospective-students@[428, 1710, 1715, 2477, 2505, 3343, 4351, 4366, 4370, 4496, 4502, 4509, 4515, 4533, 4592, 4596, 4642, 4663, 4830, 6109, 6710, 7468, 7472]@{}
http://www.sci.hkbu.edu.hk/eng/about-us/faculty-advisory-committee/eng/page/?page=prospective-students@[428, 1710, 1715, 2477, 2505, 3343, 4351, 4366, 4370, 4496, 4502, 4509, 4515, 4533, 4592, 4596, 4642, 4663, 4830, 6109, 6710, 7468, 7472]@{}
http://www.sci.hkbu.edu.hk/eng/about-us/distinguished-professorship@[428, 1710, 1715]@{}
