http://www.comp.hkbu.edu.hk@[340, 499, 1401, 1772, 1790, 1966, 2461, 2465, 2475, 2477, 2498, 2516, 2565, 2597, 2628, 2659, 2800, 3820, 4282, 4869, 4896, 5562, 5715, 5765, 5820, 5937, 5965, 6025, 6052, 6404, 6451, 6499, 6558]@{}
http://www.comp.hkbu.edu.hk/v1/?page=sci@[646, 715, 811, 2586, 2616, 2645, 2674, 2703, 2719, 2729, 2760, 2776, 2930, 2950, 2964, 3029, 3088, 3100, 3105, 3160, 3172, 3177, 3233, 3245, 3250, 3310, 3322, 3327, 3382, 3394, 3399, 3456, 3468, 3473, 3528, 3540, 3545, 3595, 3607, 3612, 3667, 3679, 3684, 3743, 3755, 3760, 3829, 3844, 3998, 4018, 4032, 4093, 4661, 5264, 5298, 5332, 5366, 5400, 7907, 7933, 8008, 8096]@{}
http://www.comp.hkbu.edu.hk/v1/?page=job_vacancies?=tc@[340, 499, 1401, 1772, 1790, 1966, 2461, 2465, 2475, 2477, 2498, 2516, 2565, 2597, 2628, 2659, 2800, 3826, 4288, 4865, 4892, 5558, 5711, 5761, 5816, 5933, 5961, 6021, 6048, 6383, 6430, 6478, 6537]@{}
http://www.comp.hkbu.edu.hk/v1/?page=job_vacancies?=sc@[340, 499, 1401, 1772, 1790, 1966, 2461, 2465, 2475, 2477, 2498, 2516, 2565, 2597, 2628, 2659, 2800, 3826, 4288, 4865, 4892, 5558, 5711, 5761, 5816, 5933, 5961, 6021, 6048, 6394, 6441, 6489, 6548]@{}
http://www.comp.hkbu.edu.hk/v1/?page=sitemap?=tc@[340, 499, 1401, 1772, 1790, 1966, 2461, 2465, 2475, 2477, 2498, 2516, 2565, 2597, 2628, 2659, 2800, 3826, 4287, 4861, 4888, 5554, 5707, 5757, 5812, 5929, 5957, 6017, 6044, 6386, 6433, 6481, 6540]@{}
http://www.comp.hkbu.edu.hk/v1/?page=sitemap?=sc@[340, 499, 1401, 1772, 1790, 1966, 2461, 2465, 2475, 2477, 2498, 2516, 2565, 2597, 2628, 2659, 2800, 3826, 4287, 4860, 4887, 5553, 5706, 5756, 5811, 5928, 5956, 6016, 6043, 6393, 6440, 6488, 6547]@{}
http://www.comp.hkbu.edu.hk/v1/?lang=sc@[340, 499, 1401, 1772, 1790, 1966, 2461, 2465, 2475, 2477, 2498, 2516, 2565, 2597, 2628, 2659, 2800, 3820, 4282, 4856, 4883, 5549, 5702, 5752, 5807, 5924, 5952, 6012, 6039, 6385, 6432, 6480, 6539]@{}
http://www.comp.hkbu.edu.hk/~alumni/news/../news/@[147, 579, 653, 676]@{}
http://www.comp.hkbu.edu.hk/~alumni/news/../scholarship/@[147, 579]@{}
http://www.comp.hkbu.edu.hk/~alumni/news/../donation/@[147, 579]@{}
http://www.comp.hkbu.edu.hk/v1/?page=job_vacancies?=tc?=tc@[340, 499, 1401, 1772, 1790, 1966, 2461, 2465, 2475, 2477, 2498, 2516, 2565, 2597, 2628, 2659, 2800, 3828, 4289, 4862, 4889, 5555, 5708, 5758, 5813, 5930, 5958, 6018, 6045, 6392, 6439, 6487, 6546]@{}
http://www.comp.hkbu.edu.hk/v1/?page=job_vacancies?=sc?=tc@[340, 499, 1401, 1772, 1790, 1966, 2461, 2465, 2475, 2477, 2498, 2516, 2565, 2597, 2628, 2659, 2800, 3828, 4289, 4872, 4899, 5565, 5718, 5768, 5823, 5940, 5968, 6028, 6055, 6411, 6458, 6506, 6565]@{}
http://www.comp.hkbu.edu.hk/v1/?page=sitemap?=tc?=tc@[340, 499, 1401, 1772, 1790, 1966, 2461, 2465, 2475, 2477, 2498, 2516, 2565, 2597, 2628, 2659, 2800, 3828, 4289, 4862, 4889, 5555, 5708, 5758, 5813, 5930, 5958, 6018, 6045, 6388, 6435, 6483, 6542]@{}
http://www.comp.hkbu.edu.hk/v1/?page=sitemap?=sc?=tc@[340, 499, 1401, 1772, 1790, 1966, 2461, 2465, 2475, 2477, 2498, 2516, 2565, 2597, 2628, 2659, 2800, 3828, 4289, 4876, 4903, 5569, 5722, 5772, 5827, 5944, 5972, 6032, 6059, 6405, 6452, 6500, 6559]@{}
http://www.comp.hkbu.edu.hk/v1/?page=home@[340, 499, 1401, 1772, 1790, 1966, 2461, 2465, 2475, 2477, 2498, 2516, 2565, 2597, 2628, 2659, 2800, 3824, 4285, 4854, 4881, 5547, 5700, 5750, 5805, 5922, 5950, 6010, 6037, 6381, 6428, 6476, 6535]@{}
http://www.comp.hkbu.edu.hk/~alumni/news/../news/../news/@[147, 579, 653, 676]@{}
http://www.comp.hkbu.edu.hk/~alumni/news/../scholarship/../news/@[147, 579, 653, 676]@{}
http://www.comp.hkbu.edu.hk/~alumni/news/../donation/../news/@[147, 579, 653, 676]@{}
http://www.comp.hkbu.edu.hk/v1/?page=job_vacancies?=tc?=tc?=tc@[340, 499, 1401, 1772, 1790, 1966, 2461, 2465, 2475, 2477, 2498, 2516, 2565, 2597, 2628, 2659, 2800, 3830, 4292, 4876, 4903, 5569, 5722, 5772, 5827, 5944, 5972, 6032, 6059, 6408, 6455, 6503, 6562]@{}
http://www.comp.hkbu.edu.hk/v1/?page=job_vacancies?=sc?=tc?=tc@[340, 499, 1401, 1772, 1790, 1966, 2461, 2465, 2475, 2477, 2498, 2516, 2565, 2597, 2628, 2659, 2800, 3830, 4291, 4860, 4887, 5553, 5706, 5756, 5811, 5928, 5956, 6016, 6043, 6393, 6440, 6488, 6547]@{}
http://www.comp.hkbu.edu.hk/v1/?page=sitemap?=tc?=tc?=tc@[340, 499, 1401, 1772, 1790, 1966, 2461, 2465, 2475, 2477, 2498, 2516, 2565, 2597, 2628, 2659, 2800, 3830, 4292, 4866, 4893, 5559, 5712, 5762, 5817, 5934, 5962, 6022, 6049, 6400, 6447, 6495, 6554]@{}
http://www.comp.hkbu.edu.hk/v1/?page=sitemap?=sc?=tc?=tc@[340, 499, 1401, 1772, 1790, 1966, 2461, 2465, 2475, 2477, 2498, 2516, 2565, 2597, 2628, 2659, 2800, 3830, 4292, 4869, 4896, 5562, 5715, 5765, 5820, 5937, 5965, 6025, 6052, 6401, 6448, 6496, 6555]@{}
http://www.comp.hkbu.edu.hk/v1/?page=home?=tc@[340, 499, 1401, 1772, 1790, 1966, 2461, 2465, 2475, 2477, 2498, 2516, 2565, 2597, 2628, 2659, 2800, 3826, 4287, 4864, 4891, 5557, 5710, 5760, 5815, 5932, 5960, 6020, 6047, 6397, 6444, 6492, 6551]@{}
http://www.comp.hkbu.edu.hk/~alumni/news/../news/../news/../news/@[147, 579, 653, 676]@{}
http://www.comp.hkbu.edu.hk/~alumni/news/../scholarship/../news/../news/@[147, 579, 653, 676]@{}
http://www.comp.hkbu.edu.hk/~alumni/news/../donation/../news/../news/@[147, 579, 653, 676]@{}
http://www.comp.hkbu.edu.hk/v1/?page=job_vacancies?=tc?=tc?=tc?=tc@[340, 499, 1401, 1772, 1790, 1966, 2461, 2465, 2475, 2477, 2498, 2516, 2565, 2597, 2628, 2659, 2800, 3832, 4294, 4877, 4904, 5570, 5723, 5773, 5828, 5945, 5973, 6033, 6060, 6405, 6452, 6500, 6559]@{}
http://www.comp.hkbu.edu.hk/v1/?page=job_vacancies?=sc?=tc?=tc?=tc@[340, 499, 1401, 1772, 1790, 1966, 2461, 2465, 2475, 2477, 2498, 2516, 2565, 2597, 2628, 2659, 2800, 3832, 4294, 4878, 4905, 5571, 5724, 5774, 5829, 5946, 5974, 6034, 6061, 6398, 6445, 6493, 6552]@{}
http://www.comp.hkbu.edu.hk/v1/?page=sitemap?=tc?=tc?=tc?=tc@[340, 499, 1401, 1772, 1790, 1966, 2461, 2465, 2475, 2477, 2498, 2516, 2565, 2597, 2628, 2659, 2800, 3832, 4293, 4866, 4893, 5559, 5712, 5762, 5817, 5934, 5962, 6022, 6049, 6399, 6446, 6494, 6553]@{}
http://www.comp.hkbu.edu.hk/v1/?page=sitemap?=sc?=tc?=tc?=tc@[340, 499, 1401, 1772, 1790, 1966, 2461, 2465, 2475, 2477, 2498, 2516, 2565, 2597, 2628, 2659, 2800, 3832, 4293, 4877, 4904, 5570, 5723, 5773, 5828, 5945, 5973, 6033, 6060, 6410, 6457, 6505, 6564]@{}
http://www.comp.hkbu.edu.hk/v1/?page=home?=tc?=tc@[340, 499, 1401, 1772, 1790, 1966, 2461, 2465, 2475, 2477, 2498, 2516, 2565, 2597, 2628, 2659, 2800, 3828, 4289, 4866, 4893, 5559, 5712, 5762, 5817, 5934, 5962, 6022, 6049, 6403, 6450, 6498, 6557]@{}
http://www.comp.hkbu.edu.hk/~alumni/news/../news/../news/../news/../news/@[147, 579, 653, 676]@{}
http://www.comp.hkbu.edu.hk/~alumni/news/../scholarship/../news/../news/../news/@[147, 579, 653, 676]@{}
http://www.comp.hkbu.edu.hk/~alumni/news/../donation/../news/../news/../news/@[147, 579, 653, 676]@{}
http://www.comp.hkbu.edu.hk/v1/?page=job_vacancies?=tc?=tc?=tc?=tc?=tc@[340, 499, 1401, 1772, 1790, 1966, 2461, 2465, 2475, 2477, 2498, 2516, 2565, 2597, 2628, 2659, 2800, 3834, 4296, 4880, 4907, 5573, 5726, 5776, 5831, 5948, 5976, 6036, 6063, 6407, 6454, 6502, 6561]@{}
http://www.comp.hkbu.edu.hk/v1/?page=job_vacancies?=sc?=tc?=tc?=tc?=tc@[340, 499, 1401, 1772, 1790, 1966, 2461, 2465, 2475, 2477, 2498, 2516, 2565, 2597, 2628, 2659, 2800, 3834, 4295, 4865, 4892, 5558, 5711, 5761, 5816, 5933, 5961, 6021, 6048, 6403, 6450, 6498, 6557]@{}
http://www.comp.hkbu.edu.hk/v1/?page=sitemap?=tc?=tc?=tc?=tc?=tc@[340, 499, 1401, 1772, 1790, 1966, 2461, 2465, 2475, 2477, 2498, 2516, 2565, 2597, 2628, 2659, 2800, 3834, 4296, 4873, 4900, 5566, 5719, 5769, 5824, 5941, 5969, 6029, 6056, 6403, 6450, 6498, 6557]@{}
http://www.comp.hkbu.edu.hk/v1/?page=sitemap?=sc?=tc?=tc?=tc?=tc@[340, 499, 1401, 1772, 1790, 1966, 2461, 2465, 2475, 2477, 2498, 2516, 2565, 2597, 2628, 2659, 2800, 3834, 4295, 4879, 4906, 5572, 5725, 5775, 5830, 5947, 5975, 6035, 6062, 6411, 6458, 6506, 6565]@{}
http://www.comp.hkbu.edu.hk/v1/?page=home?=tc?=tc?=tc@[340, 499, 1401, 1772, 1790, 1966, 2461, 2465, 2475, 2477, 2498, 2516, 2565, 2597, 2628, 2659, 2800, 3830, 4291, 4864, 4891, 5557, 5710, 5760, 5815, 5932, 5960, 6020, 6047, 6401, 6448, 6496, 6555]@{}
http://www.comp.hkbu.edu.hk/~alumni/news/../news/../news/../news/../news/../news/@[147, 579, 653, 676]@{}
http://www.comp.hkbu.edu.hk/~alumni/news/../scholarship/../news/../news/../news/../news/@[147, 579, 653, 676]@{}
http://www.comp.hkbu.edu.hk/~alumni/news/../donation/../news/../news/../news/../news/@[147, 579, 653, 676]@{}
http://www.comp.hkbu.edu.hk/v1/?page=job_vacancies@[949, 1320, 1338, 1514, 2009, 2013, 2023, 2025, 2046, 2064, 2113, 2145, 2176, 2207, 2348, 3372, 3834, 4320]@{}
http://www.comp.hkbu.edu.hk/v1/?page=job_vacancies?=tc?=tc?=tc?=tc?=tc?=tc@[340, 499, 1401, 1772, 1790, 1966, 2461, 2465, 2475, 2477, 2498, 2516, 2565, 2597, 2628, 2659, 2800, 3836, 4298, 4868, 4895, 5561, 5714, 5764, 5819, 5936, 5964, 6024, 6051, 6401, 6448, 6496, 6555]@{}
http://www.comp.hkbu.edu.hk/v1/?page=job_vacancies?=sc?=tc?=tc?=tc?=tc?=tc@[340, 499, 1401, 1772, 1790, 1966, 2461, 2465, 2475, 2477, 2498, 2516, 2565, 2597, 2628, 2659, 2800, 3836, 4297, 4867, 4894, 5560, 5713, 5763, 5818, 5935, 5963, 6023, 6050, 6409, 6456, 6504, 6563]@{}
http://www.comp.hkbu.edu.hk/v1/?page=sitemap?=tc?=tc?=tc?=tc?=tc?=tc@[340, 499, 1401, 1772, 1790, 1966, 2461, 2465, 2475, 2477, 2498, 2516, 2565, 2597, 2628, 2659, 2800, 3836, 4297, 4871, 4898, 5564, 5717, 5767, 5822, 5939, 5967, 6027, 6054, 6398, 6445, 6493, 6552]@{}
http://www.comp.hkbu.edu.hk/v1/?page=sitemap?=sc?=tc?=tc?=tc?=tc?=tc@[340, 499, 1401, 1772, 1790, 1966, 2461, 2465, 2475, 2477, 2498, 2516, 2565, 2597, 2628, 2659, 2800, 3836, 4298, 4889, 4916, 5582, 5735, 5785, 5840, 5957, 5985, 6045, 6072, 6417, 6464, 6512, 6571]@{}
http://www.comp.hkbu.edu.hk/v1/?page=home?=tc?=tc?=tc?=tc@[340, 499, 1401, 1772, 1790, 1966, 2461, 2465, 2475, 2477, 2498, 2516, 2565, 2597, 2628, 2659, 2800, 3832, 4294, 4870, 4897, 5563, 5716, 5766, 5821, 5938, 5966, 6026, 6053, 6399, 6446, 6494, 6553]@{}
http://www.comp.hkbu.edu.hk/~alumni/news/../news/../news/../news/../news/../news/../news/@[147, 579, 653, 676]@{}
http://www.comp.hkbu.edu.hk/~alumni/news/../scholarship/../news/../news/../news/../news/../news/@[147, 579, 653, 676]@{}
http://www.comp.hkbu.edu.hk/~alumni/news/../donation/../news/../news/../news/../news/../news/@[147, 579, 653, 676]@{}
http://www.comp.hkbu.edu.hk/v1/?page=job_vacancies?=tc?=tc?=tc?=tc?=tc?=tc?=tc@[340, 499, 1401, 1772, 1790, 1966, 2461, 2465, 2475, 2477, 2498, 2516, 2565, 2597, 2628, 2659, 2800, 3838, 4300, 4872, 4899, 5565, 5718, 5768, 5823, 5940, 5968, 6028, 6055, 6397, 6444, 6492, 6551]@{}
http://www.comp.hkbu.edu.hk/v1/?page=job_vacancies?=sc?=tc?=tc?=tc?=tc?=tc?=tc@[340, 499, 1401, 1772, 1790, 1966, 2461, 2465, 2475, 2477, 2498, 2516, 2565, 2597, 2628, 2659, 2800, 3838, 4300, 4869, 4896, 5562, 5715, 5765, 5820, 5937, 5965, 6025, 6052, 6397, 6444, 6492, 6551]@{}
http://www.comp.hkbu.edu.hk/v1/?page=sitemap?=tc?=tc?=tc?=tc?=tc?=tc?=tc@[340, 499, 1401, 1772, 1790, 1966, 2461, 2465, 2475, 2477, 2498, 2516, 2565, 2597, 2628, 2659, 2800, 3838, 4299, 4871, 4898, 5564, 5717, 5767, 5822, 5939, 5967, 6027, 6054, 6394, 6441, 6489, 6548]@{}
http://www.comp.hkbu.edu.hk/v1/?page=sitemap?=sc?=tc?=tc?=tc?=tc?=tc?=tc@[340, 499, 1401, 1772, 1790, 1966, 2461, 2465, 2475, 2477, 2498, 2516, 2565, 2597, 2628, 2659, 2800, 3838, 4299, 4873, 4900, 5566, 5719, 5769, 5824, 5941, 5969, 6029, 6056, 6409, 6456, 6504, 6563]@{}
http://www.comp.hkbu.edu.hk/v1/?page=home?=tc?=tc?=tc?=tc?=tc@[340, 499, 1401, 1772, 1790, 1966, 2461, 2465, 2475, 2477, 2498, 2516, 2565, 2597, 2628, 2659, 2800, 3834, 4296, 4873, 4900, 5566, 5719, 5769, 5824, 5941, 5969, 6029, 6056, 6403, 6450, 6498, 6557]@{}
http://www.comp.hkbu.edu.hk/~alumni/news/../news/../news/../news/../news/../news/../news/../news/@[147, 579, 653, 676]@{}
http://www.comp.hkbu.edu.hk/~alumni/news/../scholarship/../news/../news/../news/../news/../news/../news/@[147, 579, 653, 676]@{}
http://www.comp.hkbu.edu.hk/~alumni/news/../donation/../news/../news/../news/../news/../news/../news/@[147, 579, 653, 676]@{}
http://www.comp.hkbu.edu.hk/v1/?page=job_vacancies?=tc?=tc?=tc?=tc?=tc?=tc?=tc?=tc@[340, 499, 1401, 1772, 1790, 1966, 2461, 2465, 2475, 2477, 2498, 2516, 2565, 2597, 2628, 2659, 2800, 3840, 4302, 4888, 4915, 5581, 5734, 5784, 5839, 5956, 5984, 6044, 6071, 6417, 6464, 6512, 6571]@{}
http://www.comp.hkbu.edu.hk/v1/?page=job_vacancies?=sc?=tc?=tc?=tc?=tc?=tc?=tc?=tc@[340, 499, 1401, 1772, 1790, 1966, 2461, 2465, 2475, 2477, 2498, 2516, 2565, 2597, 2628, 2659, 2800, 3840, 4302, 4872, 4899, 5565, 5718, 5768, 5823, 5940, 5968, 6028, 6055, 6413, 6460, 6508, 6567]@{}
http://www.comp.hkbu.edu.hk/v1/?page=sitemap?=tc?=tc?=tc?=tc?=tc?=tc?=tc?=tc@[340, 499, 1401, 1772, 1790, 1966, 2461, 2465, 2475, 2477, 2498, 2516, 2565, 2597, 2628, 2659, 2800, 3840, 4302, 4875, 4902, 5568, 5721, 5771, 5826, 5943, 5971, 6031, 6058, 6398, 6445, 6493, 6552]@{}
http://www.comp.hkbu.edu.hk/v1/?page=sitemap?=sc?=tc?=tc?=tc?=tc?=tc?=tc?=tc@[340, 499, 1401, 1772, 1790, 1966, 2461, 2465, 2475, 2477, 2498, 2516, 2565, 2597, 2628, 2659, 2800, 3840, 4302, 4889, 4916, 5582, 5735, 5785, 5840, 5957, 5985, 6045, 6072, 6424, 6471, 6519, 6578]@{}
http://www.comp.hkbu.edu.hk/v1/?page=sitemap@[947, 1318, 1336, 1512, 2007, 2011, 2021, 2023, 2044, 2062, 2111, 2143, 2174, 2205, 2346, 3370, 3831, 5680]@{}
http://www.comp.hkbu.edu.hk/v1/?page=home?=tc?=tc?=tc?=tc?=tc?=tc@[340, 499, 1401, 1772, 1790, 1966, 2461, 2465, 2475, 2477, 2498, 2516, 2565, 2597, 2628, 2659, 2800, 3836, 4297, 4874, 4901, 5567, 5720, 5770, 5825, 5942, 5970, 6030, 6057, 6410, 6457, 6505, 6564]@{}
http://www.comp.hkbu.edu.hk/~alumni/news/../news/../news/../news/../news/../news/../news/../news/../news/@[147, 579, 653, 676]@{}
http://www.comp.hkbu.edu.hk/~alumni/news/../scholarship/../news/../news/../news/../news/../news/../news/../news/@[147, 579, 653, 676]@{}
http://www.comp.hkbu.edu.hk/~alumni/news/../donation/../news/../news/../news/../news/../news/../news/../news/@[147, 579, 653, 676]@{}
http://www.comp.hkbu.edu.hk/v1/?page=job_vacancies?=tc?=tc?=tc?=tc?=tc?=tc?=tc?=tc?=tc@[340, 499, 1401, 1772, 1790, 1966, 2461, 2465, 2475, 2477, 2498, 2516, 2565, 2597, 2628, 2659, 2800, 3842, 4304, 4888, 4915, 5581, 5734, 5784, 5839, 5956, 5984, 6044, 6071, 6416, 6463, 6511, 6570]@{}
http://www.comp.hkbu.edu.hk/v1/?page=job_vacancies?=sc?=tc?=tc?=tc?=tc?=tc?=tc?=tc?=tc@[340, 499, 1401, 1772, 1790, 1966, 2461, 2465, 2475, 2477, 2498, 2516, 2565, 2597, 2628, 2659, 2800, 3842, 4304, 4887, 4914, 5580, 5733, 5783, 5838, 5955, 5983, 6043, 6070, 6420, 6467, 6515, 6574]@{}
http://www.comp.hkbu.edu.hk/v1/?page=sitemap?=tc?=tc?=tc?=tc?=tc?=tc?=tc?=tc?=tc@[340, 499, 1401, 1772, 1790, 1966, 2461, 2465, 2475, 2477, 2498, 2516, 2565, 2597, 2628, 2659, 2800, 3842, 4303, 4872, 4899, 5565, 5718, 5768, 5823, 5940, 5968, 6028, 6055, 6398, 6445, 6493, 6552]@{}
http://www.comp.hkbu.edu.hk/v1/?page=sitemap?=sc?=tc?=tc?=tc?=tc?=tc?=tc?=tc?=tc@[340, 499, 1401, 1772, 1790, 1966, 2461, 2465, 2475, 2477, 2498, 2516, 2565, 2597, 2628, 2659, 2800, 3842, 4303, 4890, 4917, 5583, 5736, 5786, 5841, 5958, 5986, 6046, 6073, 6422, 6469, 6517, 6576]@{}
http://www.comp.hkbu.edu.hk/v1/?lang=tc@[340, 499, 1401, 1772, 1790, 1966, 2461, 2465, 2475, 2477, 2498, 2516, 2565, 2597, 2628, 2659, 2800, 3820, 4281, 4872, 4899, 5565, 5718, 5768, 5823, 5940, 5968, 6028, 6055, 6410, 6457, 6505, 6564]@{}
http://www.comp.hkbu.edu.hk/~alumni/news/@[147, 579, 653, 676]@{}
http://www.sci.hkbu.edu.hk/eng/page/?page=prospective-students@[646, 715, 811, 2373, 2394, 2397, 3139, 3452, 3478, 3553, 3641]@{}
http://www.sci.hkbu.edu.hk/eng/page/?page=current-students@[646, 715, 811, 2373, 2387, 2390, 2407, 2426, 2448, 2475, 2482, 2505, 2535, 2541, 2563, 2586, 2612, 2647, 2667, 2688, 2726, 2740, 2766, 2792, 2825, 2838, 2864, 2909, 2924, 3108, 3134, 3209, 3297]@{}
http://www.sci.hkbu.edu.hk/eng/page/@[646, 715, 811, 2384, 2531, 3211, 3237, 3312, 3400]@{}
http://www.sci.hkbu.edu.hk/eng/about-us/honorary-doctorate@[646, 715, 811, 2364, 2624, 2636, 2671, 2681, 2735, 2745, 2780, 2815, 2825, 2859, 2894, 2904, 2940, 2975, 2985, 3019, 3054, 3064, 3099, 3134, 3144, 3178, 3213, 3223, 3257, 3292, 3302, 3337, 3352, 3364, 3380, 3393, 3406, 3420, 3436, 3454, 3474, 3490, 3507, 3525, 3540, 3557, 3569, 3582, 3742, 3768, 3843, 3931]@{}
http://www.sci.hkbu.edu.hk/eng/about-us/distinguished-professorship/eng/page/?page=prospective-students@[646, 715, 811, 2586, 2616, 2645, 2674, 2703, 2719, 2729, 2760, 2776, 2930, 2950, 2964, 3029, 3088, 3100, 3105, 3160, 3172, 3177, 3233, 3245, 3250, 3310, 3322, 3327, 3382, 3394, 3399, 3456, 3468, 3473, 3528, 3540, 3545, 3595, 3607, 3612, 3667, 3679, 3684, 3743, 3755, 3760, 3829, 3844, 3998, 4018, 4032, 4093, 4661, 5264, 5298, 5332, 5366, 5400, 7907, 7933, 8008, 8096]@{}
http://www.sci.hkbu.edu.hk/eng/about-us/honorary-doctorate/eng/page/?page=prospective-students@[646, 715, 811, 2586, 2616, 2645, 2674, 2703, 2719, 2729, 2760, 2776, 2930, 2950, 2964, 3029, 3088, 3100, 3105, 3160, 3172, 3177, 3233, 3245, 3250, 3310, 3322, 3327, 3382, 3394, 3399, 3456, 3468, 3473, 3528, 3540, 3545, 3595, 3607, 3612, 3667, 3679, 3684, 3743, 3755, 3760, 3829, 3844, 3998, 4018, 4032, 4093, 4661, 5264, 5298, 5332, 5366, 5400, 7907, 7933, 8008, 8096]@{}
http://www.sci.hkbu.edu.hk/eng/about-us/distinguished-professor-of-science@[646, 715, 811, 2364, 2628, 2723, 2733, 2749, 2768, 2819, 2835, 2852, 2910, 2935, 2954, 3013, 3032, 3079, 3104, 3123, 3184, 3203, 3251, 3282, 3301, 3358, 3377, 3558, 3584, 3659, 3747]@{}
http://www.sci.hkbu.edu.hk/eng/about-us/dr-kennedy-wong-distinguished-visiting-professorship-scheme@[646, 715, 811, 2364, 2634, 2639, 2658, 2683, 2700, 2751, 2770, 2795, 2812, 2860, 2879, 2904, 2921, 2960, 2979, 3004, 3024, 3227, 3253, 3328, 3416]@{}
http://www.sci.hkbu.edu.hk/eng/about-us/distinguished-professor-of-science/eng/page/?page=prospective-students@[646, 715, 811, 2586, 2616, 2645, 2674, 2703, 2719, 2729, 2760, 2776, 2930, 2950, 2964, 3029, 3088, 3100, 3105, 3160, 3172, 3177, 3233, 3245, 3250, 3310, 3322, 3327, 3382, 3394, 3399, 3456, 3468, 3473, 3528, 3540, 3545, 3595, 3607, 3612, 3667, 3679, 3684, 3743, 3755, 3760, 3829, 3844, 3998, 4018, 4032, 4093, 4661, 5264, 5298, 5332, 5366, 5400, 7907, 7933, 8008, 8096]@{}
http://www.sci.hkbu.edu.hk/eng/about-us/dr-kennedy-wong-distinguished-visiting-professorship-scheme/eng/page/?page=prospective-students@[646, 715, 811, 2586, 2616, 2645, 2674, 2703, 2719, 2729, 2760, 2776, 2930, 2950, 2964, 3029, 3088, 3100, 3105, 3160, 3172, 3177, 3233, 3245, 3250, 3310, 3322, 3327, 3382, 3394, 3399, 3456, 3468, 3473, 3528, 3540, 3545, 3595, 3607, 3612, 3667, 3679, 3684, 3743, 3755, 3760, 3829, 3844, 3998, 4018, 4032, 4093, 4661, 5264, 5298, 5332, 5366, 5400, 7907, 7933, 8008, 8096]@{}
http://www.sci.hkbu.edu.hk/eng/page/eng/about-us/vision-mission@[646, 715, 811, 2586, 2616, 2645, 2674, 2703, 2719, 2729, 2760, 2776, 2930, 2950, 2964, 3029, 3088, 3100, 3105, 3160, 3172, 3177, 3233, 3245, 3250, 3310, 3322, 3327, 3382, 3394, 3399, 3456, 3468, 3473, 3528, 3540, 3545, 3595, 3607, 3612, 3667, 3679, 3684, 3743, 3755, 3760, 3829, 3844, 3998, 4018, 4032, 4093, 4661, 5264, 5298, 5332, 5366, 5400, 7907, 7933, 8008, 8096]@{}
http://www.sci.hkbu.edu.hk/eng/page/eng/about-us/faculty-advisory-committee@[646, 715, 811, 2586, 2616, 2645, 2674, 2703, 2719, 2729, 2760, 2776, 2930, 2950, 2964, 3029, 3088, 3100, 3105, 3160, 3172, 3177, 3233, 3245, 3250, 3310, 3322, 3327, 3382, 3394, 3399, 3456, 3468, 3473, 3528, 3540, 3545, 3595, 3607, 3612, 3667, 3679, 3684, 3743, 3755, 3760, 3829, 3844, 3998, 4018, 4032, 4093, 4661, 5264, 5298, 5332, 5366, 5400, 7907, 7933, 8008, 8096]@{}
http://www.sci.hkbu.edu.hk/eng@[646, 715, 811, 2586, 2616, 2645, 2674, 2703, 2719, 2729, 2760, 2776, 2930, 2950, 2964, 3029, 3088, 3100, 3105, 3160, 3172, 3177, 3233, 3245, 3250, 3310, 3322, 3327, 3382, 3394, 3399, 3456, 3468, 3473, 3528, 3540, 3545, 3595, 3607, 3612, 3667, 3679, 3684, 3743, 3755, 3760, 3829, 3844, 3998, 4018, 4032, 4093, 4661, 5264, 5298, 5332, 5366, 5400, 7907, 7933, 8008, 8096]@{}
http://www.sci.hkbu.edu.hk/eng/about-us/vision-mission@[646, 715, 811, 2364, 2624, 2633, 2685, 2789, 2839, 2890, 2911, 3131, 3157, 3232, 3320]@{}
http://www.sci.hkbu.edu.hk/eng/about-us/faculty-advisory-committee@[646, 715, 811, 2364, 2619, 2692, 2802, 3885, 3911, 3986, 4074]@{}
http://www.sci.hkbu.edu.hk/eng/about-us/vision-mission/eng/page/?page=prospective-students@[646, 715, 811, 2586, 2616, 2645, 2674, 2703, 2719, 2729, 2760, 2776, 2930, 2950, 2964, 3029, 3088, 3100, 3105, 3160, 3172, 3177, 3233, 3245, 3250, 3310, 3322, 3327, 3382, 3394, 3399, 3456, 3468, 3473, 3528, 3540, 3545, 3595, 3607, 3612, 3667, 3679, 3684, 3743, 3755, 3760, 3829, 3844, 3998, 4018, 4032, 4093, 4661, 5264, 5298, 5332, 5366, 5400, 7907, 7933, 8008, 8096]@{}
http://www.sci.hkbu.edu.hk/eng/about-us/faculty-advisory-committee/eng/page/?page=prospective-students@[646, 715, 811, 2586, 2616, 2645, 2674, 2703, 2719, 2729, 2760, 2776, 2930, 2950, 2964, 3029, 3088, 3100, 3105, 3160, 3172, 3177, 3233, 3245, 3250, 3310, 3322, 3327, 3382, 3394, 3399, 3456, 3468, 3473, 3528, 3540, 3545, 3595, 3607, 3612, 3667, 3679, 3684, 3743, 3755, 3760, 3829, 3844, 3998, 4018, 4032, 4093, 4661, 5264, 5298, 5332, 5366, 5400, 7907, 7933, 8008, 8096]@{}
http://www.sci.hkbu.edu.hk/eng/about-us/distinguished-professorship@[646, 715, 811, 2364, 2617, 2776, 2802, 2877, 2965]@{}
