https://iss.hkbu.edu.hk/buam/buam2/reset_pwd/verify_acct.seam@[29, 36]@[29, 36]
https://iss.hkbu.edu.hk/buam/buam2/change_pwd/index.seam@[35, 61, 136, 144]@[35, 61, 136, 144]
https://iss.hkbu.edu.hk/buam/buam2/reset_pwd_alumni/verify_acct.seam@[26, 33, 72]@[26, 33, 72]
https://aao.hkbu.edu.hk/en/contact/index.php@[81]@[81]
https://www.comp.hkbu.edu.hk/v1/?pid=174@[117, 150]@[117, 150]
https://www.comp.hkbu.edu.hk/v1/?pid=175@[123, 156]@[123, 156]
https://www.comp.hkbu.edu.hk/v1/?page=events@[3671, 5304, 5685, 6253, 6828, 7178, 7488]@[3671, 5304, 5685, 6253, 6828, 7178, 7488]
https://www.comp.hkbu.edu.hk/v1/?page=dlecture@[4185]@[4185]
https://hugefiles.comp.hkbu.edu.hk/album/web/video/hkbu_cn_introduction.html@[0]@[]
https://www.comp.hkbu.edu.hk/v1/?page=driving_direction@[153]@[153]
https://www.hkstp.org/en/about-us/event-and-activities/hong-kong-science-park-career-expo-2020-18-april-2020@[75, 97, 131, 144, 148, 183, 205, 508]@[75, 97, 131, 144, 148, 183, 205, 508]
https://policies.google.com/terms@[61, 344, 397, 404, 418, 439, 456, 482, 506, 652, 737, 762, 765, 817, 1058, 1076, 1128, 1145, 1187, 1190, 1198, 1215, 1235, 1242, 1333, 1360, 1366, 1385, 1402, 1498, 1631, 1677, 1713, 1724, 1730, 1752, 1763, 1779, 1814, 1824, 1833, 1889, 1917, 1970, 1980, 1992, 2024, 2030, 2033, 2037, 2047, 2070, 2458, 2473, 2607, 2793, 3014, 3023, 3092, 3105, 3112, 3154, 3188, 3334, 3343, 3366, 3464, 3661, 3672, 3681, 4042]@[61, 344, 397, 404, 418, 439, 456, 482, 506, 652, 737, 762, 765, 817, 1058, 1076, 1128, 1145, 1187, 1190, 1198, 1215, 1235, 1242, 1333, 1360, 1366, 1385, 1402, 1498, 1631, 1677, 1713, 1724, 1730, 1752, 1763, 1779, 1814, 1824, 1833, 1889, 1917, 1970, 1980, 1992, 2024, 2030, 2033, 2037, 2047, 2070, 2458, 2473, 2607, 2793, 3014, 3023, 3092, 3105, 3112, 3154, 3188, 3334, 3343, 3366, 3464, 3661, 3672, 3681, 4042]
https://policies.google.com/privacy@[54, 58, 61, 68, 71, 105, 119, 152, 159, 183, 187, 190, 197, 200, 287, 365, 375, 500, 539, 558, 588, 606, 687, 717, 720, 762, 785, 796, 830, 840, 852, 865, 871, 948, 973, 1003, 1016, 1022, 1029, 1045, 1055, 1072, 1078, 1103, 1113, 1147, 1167, 1171, 1192, 1304, 1331, 1340, 1365, 1502, 1513, 1556, 1591, 1622, 1627, 1660, 1723, 1747, 1775, 1807, 1869, 1880, 1906, 1962, 1998, 2001, 2012, 2033, 2046, 2054, 2073, 2077, 2090, 2113, 2167, 2222, 2225, 2243, 2259, 2266, 2282, 2307, 2311, 2354, 2361, 2379, 2406, 2425, 2447, 2451, 2456, 2477, 2488, 2506, 2511, 2518, 2543, 2553, 2573, 2592, 2597, 2611, 2621, 2628, 2633, 2650, 2661, 2692, 2703, 2709, 2737, 2743, 2762, 2766, 2771, 2807, 2816, 2851, 2858, 2870, 2877, 2883, 2900, 2913, 2933, 2937, 2949, 2974, 2981, 2987, 3001, 3004, 3009, 3018, 3024, 3028, 3045, 3051, 3054, 3256, 3292, 3314, 3325, 3339, 3414, 3440, 3509, 3517, 3523, 3537, 3557, 3561, 3566, 3580, 3590, 3597, 3602, 3605, 3631, 3657, 3699, 3754, 3825, 3843, 3860, 3891, 3953, 4084, 4091, 4112, 4187, 4221, 4236, 4247, 4274, 4507, 4527, 4540, 4641, 4663, 4675, 4681, 4772, 4798, 4943, 4958, 4969, 5221, 5225, 5243, 5246, 5252, 5317, 5365, 5411, 5416, 5538, 5576, 5618, 5626, 5707, 5717, 5733, 5739, 5746, 5750, 5756, 5773, 5778, 5788, 5798, 5813, 5835, 5893, 5907, 5930, 5945, 5991, 6008, 6025, 6065, 6092, 6126, 6194, 6215, 6227, 6260, 6265, 6538, 6572, 6583, 6669, 6673, 6687, 6691, 6701, 6706, 6744, 6760, 6844, 6918, 6921, 6940, 6975, 7026, 7028, 7040, 7053, 7061, 7186, 7278, 7282, 7285, 7293, 7302, 7353, 7375, 7381, 7454, 7471, 7483, 7491, 7496, 7553, 7560, 7588]@[54, 58, 61, 68, 71, 105, 119, 152, 159, 183, 187, 190, 197, 200, 287, 365, 375, 500, 539, 558, 588, 606, 687, 717, 720, 762, 785, 796, 830, 840, 852, 865, 871, 948, 973, 1003, 1016, 1022, 1029, 1045, 1055, 1072, 1078, 1103, 1113, 1147, 1167, 1171, 1192, 1304, 1331, 1340, 1365, 1502, 1513, 1556, 1591, 1622, 1627, 1660, 1723, 1747, 1775, 1807, 1869, 1880, 1906, 1962, 1998, 2001, 2012, 2033, 2046, 2054, 2073, 2077, 2090, 2113, 2167, 2222, 2225, 2243, 2259, 2266, 2282, 2307, 2311, 2354, 2361, 2379, 2406, 2425, 2447, 2451, 2456, 2477, 2488, 2506, 2511, 2518, 2543, 2553, 2573, 2592, 2597, 2611, 2621, 2628, 2633, 2650, 2661, 2692, 2703, 2709, 2737, 2743, 2762, 2766, 2771, 2807, 2816, 2851, 2858, 2870, 2877, 2883, 2900, 2913, 2933, 2937, 2949, 2974, 2981, 2987, 3001, 3004, 3009, 3018, 3024, 3028, 3045, 3051, 3054, 3256, 3292, 3314, 3325, 3339, 3414, 3440, 3509, 3517, 3523, 3537, 3557, 3561, 3566, 3580, 3590, 3597, 3602, 3605, 3631, 3657, 3699, 3754, 3825, 3843, 3860, 3891, 3953, 4084, 4091, 4112, 4187, 4221, 4236, 4247, 4274, 4507, 4527, 4540, 4641, 4663, 4675, 4681, 4772, 4798, 4943, 4958, 4969, 5221, 5225, 5243, 5246, 5252, 5317, 5365, 5411, 5416, 5538, 5576, 5618, 5626, 5707, 5717, 5733, 5739, 5746, 5750, 5756, 5773, 5778, 5788, 5798, 5813, 5835, 5893, 5907, 5930, 5945, 5991, 6008, 6025, 6065, 6092, 6126, 6194, 6215, 6227, 6260, 6265, 6538, 6572, 6583, 6669, 6673, 6687, 6691, 6701, 6706, 6744, 6760, 6844, 6918, 6921, 6940, 6975, 7026, 7028, 7040, 7053, 7061, 7186, 7278, 7282, 7285, 7293, 7302, 7353, 7375, 7381, 7454, 7471, 7483, 7491, 7496, 7553, 7560, 7588]
https://www.hkstp.org/en@[71, 93, 127, 140, 144, 179, 201, 711, 733, 762, 775, 779, 814, 836, 871]@[71, 93, 127, 140, 144, 179, 201, 711, 733, 762, 775, 779, 814, 836, 871]
https://www.hkstp.org@[71, 93, 127, 140, 144, 179, 201, 711, 733, 762, 775, 779, 814, 836, 871]@[71, 93, 127, 140, 144, 179, 201, 711, 733, 762, 775, 779, 814, 836, 871]
https://www.hkstp.org/en/about-us/who-we-are@[77, 99, 133, 146, 150, 185, 207, 725, 746, 792, 869, 879, 899, 1216, 1257]@[77, 99, 133, 146, 150, 185, 207, 725, 746, 792, 869, 879, 899, 1216, 1257]
https://www.hkstp.org/about-us/who-we-are@[77, 99, 133, 146, 150, 185, 207, 725, 746, 792, 869, 879, 899, 1216, 1257]@[77, 99, 133, 146, 150, 185, 207, 725, 746, 792, 869, 879, 899, 1216, 1257]
https://news.google.com/?tab=wn@[64, 589, 1204]@[589, 1204]
https://www.hkstp.org/en/about-us/our-milestones@[76, 98, 132, 145, 149, 184, 206, 859]@[76, 98, 132, 145, 149, 184, 206, 859]
https://www.hkstp.org/en/about-us/our-footprint@[76, 98, 132, 145, 149, 184, 206, 477, 483, 584, 612, 625, 707, 723, 796]@[76, 98, 132, 145, 149, 184, 206, 477, 483, 584, 612, 625, 707, 723, 796]
https://www.hkstp.org/about-us/our-milestones@[76, 98, 132, 145, 149, 184, 206, 859]@[76, 98, 132, 145, 149, 184, 206, 859]
https://news.google.com/?tab=nn@[64, 1363]@[1363]
https://itunes.apple.com/app/google-search/id284815942?mt=8@[87, 154, 174, 183, 206, 235, 288, 307, 315, 331, 356, 848, 1007, 1114]@[87, 154, 174, 183, 206, 235, 288, 307, 315, 331, 356, 848, 1007, 1114]
https://play.google.com/store/apps/details?id=com.google.android.googlequicksearchbox@[214, 281, 299, 308, 407, 430, 453, 457, 473, 612]@[214, 281, 299, 308, 407, 430, 453, 457, 473, 612]
