https://www.comp.hkbu.edu.hk/v1/?page=library@[148, 188, 192, 394, 397, 425, 592, 673, 812, 965, 1118, 1235, 1248, 1251]@[148, 188, 192, 394, 397, 425, 592, 673, 812, 965, 1118, 1235, 1248, 1251]
https://www.comp.hkbu.edu.hk/v1/?page=sitemap@[182, 244]@[182, 244]
https://library.hkbu.edu.hk/happenings/news/service-arrangements-7-sep-2020@[154, 194, 198, 400, 403, 535, 544, 555, 564, 575, 609, 620, 629, 640, 657, 668, 677, 688, 782, 808, 838, 1024, 1046, 1150, 1153]@[154, 194, 198, 400, 403, 535, 544, 555, 564, 575, 609, 620, 629, 640, 657, 668, 677, 688, 782, 808, 838, 1024, 1046, 1150, 1153]
https://www.comp.hkbu.edu.hk/v1/?page=prospective_students@[117, 137]@[117, 137]
https://www.comp.hkbu.edu.hk/v1/?page=head@[191, 482]@[191, 482]
https://iss.hkbu.edu.hk/buam/buam2/reset_pwd_alumni/verify_acct.seam@[67]@[67]
https://www.hkbu.edu.hk/eng/main/index.jsp@[179]@[179]
https://www.comp.hkbu.edu.hk/v1/?page=whats_new@[708, 1417, 1431, 1762, 2770, 3811, 4107, 4154]@[708, 1417, 1431, 1762, 2770, 3811, 4107, 4154]
https://aao.hkbu.edu.hk/en/contact/index.php@[94, 107]@[94, 107]
https://www.comp.hkbu.edu.hk/v1/?page=research_areas@[146]@[146]
https://www.comp.hkbu.edu.hk/v1/?page=centres@[148, 169, 276]@[148, 169, 276]
https://www.hkbu.edu.hk/eng/about/privacy.jsp@[176, 225, 273, 287, 311, 480, 511, 562, 607, 632, 655, 667, 735, 769, 837, 979, 1012, 1029, 1034, 1054, 1089, 1092, 1104, 1139, 1143, 1250, 1442, 1840]@[176, 225, 273, 287, 311, 480, 511, 562, 607, 632, 655, 667, 735, 769, 837, 979, 1012, 1029, 1034, 1054, 1089, 1092, 1104, 1139, 1143, 1250, 1442, 1840]
https://www.comp.hkbu.edu.hk/v1/?page=funded_projects@[169, 264, 402, 465, 507, 767, 880, 1019, 1101, 1130, 1218, 1256, 1465, 1515, 1532, 1547, 1596, 1632, 1703, 1846, 1921, 2001, 2146, 2256, 2363, 2453, 2515, 2532, 2583, 2737, 2785, 2965, 3003, 3153, 3191, 3262, 3469, 3564, 3585, 3682, 3816, 3842, 3885]@[169, 264, 402, 465, 507, 767, 880, 1019, 1101, 1130, 1218, 1256, 1465, 1515, 1532, 1547, 1596, 1632, 1703, 1846, 1921, 2001, 2146, 2256, 2363, 2453, 2515, 2532, 2583, 2737, 2785, 2965, 3003, 3153, 3191, 3262, 3469, 3564, 3585, 3682, 3816, 3842, 3885]
https://www.comp.hkbu.edu.hk/v1/?page=technical_reports@[132]@[132]
https://www.comp.hkbu.edu.hk/v1/?page=4_prospective_stud_ug_prog@[132]@[132]
https://www.comp.hkbu.edu.hk/v1/?page=4_prospective_stud_ug_prog_nj@[128]@[128]
https://www.comp.hkbu.edu.hk/v1/?page=mscais@[8]@[8]
https://www.comp.hkbu.edu.hk/v1/?pid=273@[8]@[8]
https://www.comp.hkbu.edu.hk/v1/?pid=128@[141, 159, 175]@[141, 159, 175]
https://www.comp.hkbu.edu.hk@[155, 167]@[155, 167]
https://www.comp.hkbu.edu.hk/v1/?page=facilities_teaching@[122, 171, 324, 332]@[122, 171, 324, 332]
https://www.comp.hkbu.edu.hk/v1/?page=facilities_research@[172]@[172]
https://www.comp.hkbu.edu.hk/msc@[14]@[]
https://www.hkbu.edu.hk/eng/media/media1.jsp@[131]@[131]
https://www.comp.hkbu.edu.hk/v1/?page=news@[708, 1417, 1431, 1762, 2770, 3811, 4107, 4154]@[708, 1417, 1431, 1762, 2770, 3811, 4107, 4154]
https://www.comp.hkbu.edu.hk/v1/?page=events@[482, 542, 692, 816, 1784, 1788, 2126, 2151, 2287, 2298, 2644, 2897, 2987, 3381, 3559, 3595, 3625, 4026, 4049, 4241, 4260, 4360, 4553, 4583, 4666, 4669, 4880, 4928, 5815, 5888, 6057, 6325, 6368, 6447, 6551, 6831, 6846, 6937, 6960, 6971, 7066, 7307, 7414, 7462, 7697, 7702, 7769, 8111]@[482, 542, 692, 816, 1784, 1788, 2126, 2151, 2287, 2298, 2644, 2897, 2987, 3381, 3559, 3595, 3625, 4026, 4049, 4241, 4260, 4360, 4553, 4583, 4666, 4669, 4880, 4928, 5815, 5888, 6057, 6325, 6368, 6447, 6551, 6831, 6846, 6937, 6960, 6971, 7066, 7307, 7414, 7462, 7697, 7702, 7769, 8111]
https://www.comp.hkbu.edu.hk/v1/?page=highlights@[157, 233, 431, 871, 875, 916, 957, 1006, 1061, 1068, 1305, 1344, 1389, 1408, 1455, 1497, 1520, 1543, 1567, 1591, 1614, 1644, 1694, 1699, 1792]@[157, 233, 431, 871, 875, 916, 957, 1006, 1061, 1068, 1305, 1344, 1389, 1408, 1455, 1497, 1520, 1543, 1567, 1591, 1614, 1644, 1694, 1699, 1792]
https://foundation.hkbu.edu.hk/en/ways-to-give@[476, 477, 478, 584, 607]@[476, 477, 478, 584, 607]
https://www.comp.hkbu.edu.hk/v1/?pid=77@[127, 169, 177]@[127, 169, 177]
https://foundation.hkbu.edu.hk/en@[493, 494, 495, 673, 731, 751, 1042, 1063]@[493, 494, 495, 673, 731, 751, 1042, 1063]
https://www.comp.hkbu.edu.hk/v1/?pid=124@[165]@[165]
https://www.comp.hkbu.edu.hk/v1/?pid=125@[166, 169]@[166, 169]
https://foundation.hkbu.edu.hk/en/contact-us@[476, 477, 478]@[476, 477, 478]
https://foundation.hkbu.edu.hk/en/user/login@[476, 477, 478, 592]@[476, 477, 478, 592]
https://foundation.hkbu.edu.hk/zh@[489, 490, 491]@[489, 490, 491]
https://ito.hkbu.edu.hk/index.php/services-2/account-password/#tab-3@[0, 1, 2, 251, 263, 327, 351, 356, 409, 571, 704, 730]@[0, 1, 2, 251, 263, 327, 351, 356, 409, 571, 704, 730]
https://policies.google.com/terms@[185, 313, 413, 431, 572, 580, 747, 916, 1034, 1041, 1269, 1277, 1517, 1583, 1589, 1601, 1664, 1689, 1692, 1697, 1775, 1787, 1801, 1808, 1895, 2001, 2013, 2213, 2223, 2445, 2461, 2491, 2523, 2660, 2752, 2985, 2995, 3143, 3147, 3161, 3220, 3324, 3389, 3489, 3629, 3733, 3761, 3774, 3794, 3860, 3911, 3933, 3938, 4032, 4039]@[185, 313, 413, 431, 572, 580, 747, 916, 1034, 1041, 1269, 1277, 1517, 1583, 1589, 1601, 1664, 1689, 1692, 1697, 1775, 1787, 1801, 1808, 1895, 2001, 2013, 2213, 2223, 2445, 2461, 2491, 2523, 2660, 2752, 2985, 2995, 3143, 3147, 3161, 3220, 3324, 3389, 3489, 3629, 3733, 3761, 3774, 3794, 3860, 3911, 3933, 3938, 4032, 4039]
https://policies.google.com/privacy@[111, 216, 281, 296, 510, 577, 591, 599, 616, 792, 814, 884, 1139, 1535, 1608, 1695, 1715, 1761, 1804, 1989, 2080, 2211, 2548, 2567, 2681, 2700, 2716, 2842, 2924, 2927, 2964, 3123, 3277, 3309, 3422, 3514, 3532, 3551, 3667, 3680, 3747, 4121, 4382, 4390, 4405, 4409, 4416, 4450, 4453, 4475, 4492, 4495, 4499, 4512, 4550, 4591, 4594, 4630, 4646, 4695, 4725, 4803, 4807, 4813, 4833, 4852, 4862, 4866, 4873, 4896, 4971, 4976, 5033, 5163, 5167, 5178, 5262, 5285, 5295, 5328, 5335, 5347, 5352, 5427, 5644, 5919, 5973, 5984, 6111, 6172, 6340, 6400, 6530, 6565, 6623, 6804, 6894, 7056, 7126, 7163, 7191, 7431, 7441, 7521, 7571]@[111, 216, 281, 296, 510, 577, 591, 599, 616, 792, 814, 884, 1139, 1535, 1608, 1695, 1715, 1761, 1804, 1989, 2080, 2211, 2548, 2567, 2681, 2700, 2716, 2842, 2924, 2927, 2964, 3123, 3277, 3309, 3422, 3514, 3532, 3551, 3667, 3680, 3747, 4121, 4382, 4390, 4405, 4409, 4416, 4450, 4453, 4475, 4492, 4495, 4499, 4512, 4550, 4591, 4594, 4630, 4646, 4695, 4725, 4803, 4807, 4813, 4833, 4852, 4862, 4866, 4873, 4896, 4971, 4976, 5033, 5163, 5167, 5178, 5262, 5285, 5295, 5328, 5335, 5347, 5352, 5427, 5644, 5919, 5973, 5984, 6111, 6172, 6340, 6400, 6530, 6565, 6623, 6804, 6894, 7056, 7126, 7163, 7191, 7431, 7441, 7521, 7571]
https://foundation.hkbu.edu.hk/zh/contact-us@[474, 475, 476]@[474, 475, 476]
https://foundation.hkbu.edu.hk/zh/user/login@[474, 475, 476, 494]@[474, 475, 476, 494]
