http://www.comp.hkbu.edu.hk@[4488, 4959, 4967, 4985, 5021, 5029, 5031, 5049, 6169, 6195, 6210, 6251, 6277, 6292, 6328, 6354, 6370, 6477, 6586, 6675, 6697, 6711, 6745, 6767, 6782]@{}
http://www.comp.hkbu.edu.hk/v1/?page=sci@[1245, 1727]@{}
http://www.comp.hkbu.edu.hk/v1/?page=job_vacancies?=tc@[4494, 4955, 4963, 4981, 5017, 5025, 5027, 5045, 6165, 6191, 6205, 6235, 6261, 6277, 6312, 6338, 6352, 6456, 6565, 6654, 6676, 6692]@{}
http://www.comp.hkbu.edu.hk/v1/?page=job_vacancies?=sc@[4494, 4955, 4963, 4981, 5017, 5025, 5027, 5045, 6165, 6191, 6205, 6242, 6268, 6282, 6316, 6342, 6356, 6467, 6576, 6665, 6687, 6701]@{}
http://www.comp.hkbu.edu.hk/v1/?page=sitemap?=tc@[4493, 4951, 4959, 4977, 5013, 5021, 5023, 5041, 6161, 6187, 6201, 6237, 6263, 6278, 6315, 6341, 6355, 6459, 6568, 6657, 6679, 6695, 6735, 6757, 6771]@{}
http://www.comp.hkbu.edu.hk/v1/?page=sitemap?=sc@[4493, 4950, 4958, 4976, 5012, 5020, 5022, 5040, 6160, 6186, 6200, 6241, 6267, 6281, 6317, 6343, 6358, 6466, 6575, 6664, 6686, 6700, 6746, 6768, 6783]@{}
http://www.comp.hkbu.edu.hk/v1/?lang=sc@[4488, 4946, 4954, 4972, 5008, 5016, 5018, 5036, 6156, 6182, 6197, 6231, 6257, 6273, 6313, 6339, 6353, 6458, 6567, 6716, 6738, 6752]@{}
http://www.comp.hkbu.edu.hk/v1/?page=job_vacancies?=tc?=tc@[4495, 4952, 4960, 4978, 5014, 5022, 5024, 5042, 6162, 6188, 6204, 6243, 6269, 6284, 6318, 6344, 6359, 6465, 6574, 6663, 6685, 6699, 6728, 6750, 6766]@{}
http://www.comp.hkbu.edu.hk/v1/?page=job_vacancies?=sc?=tc@[4495, 4962, 4970, 4988, 5024, 5032, 5034, 5052, 6172, 6198, 6212, 6249, 6275, 6291, 6330, 6356, 6371, 6484, 6593, 6682, 6704, 6720, 6759, 6781, 6795]@{}
http://www.comp.hkbu.edu.hk/v1/?page=sitemap?=tc?=tc@[4495, 4952, 4960, 4978, 5014, 5022, 5024, 5042, 6162, 6188, 6202, 6242, 6268, 6282, 6314, 6340, 6355, 6461, 6570, 6719, 6741, 6757]@{}
http://www.comp.hkbu.edu.hk/v1/?page=sitemap?=sc?=tc@[4495, 4966, 4974, 4992, 5028, 5036, 5038, 5056, 6176, 6202, 6218, 6258, 6284, 6298, 6328, 6354, 6369, 6478, 6587, 6676, 6698, 6714, 6751, 6773, 6789]@{}
http://www.comp.hkbu.edu.hk/v1/?page=home@[4491, 4944, 4952, 4970, 5006, 5014, 5016, 5034, 6154, 6180, 6195, 6229, 6255, 6269, 6309, 6335, 6349, 6454, 6563, 6652, 6674, 6689, 6724, 6746, 6760]@{}
http://www.comp.hkbu.edu.hk/v1/?page=job_vacancies?=tc?=tc?=tc@[4498, 4966, 4974, 4992, 5028, 5036, 5038, 5056, 6176, 6202, 6217, 6253, 6279, 6293, 6332, 6358, 6374, 6481, 6590, 6679, 6701, 6715, 6755, 6777, 6793]@{}
http://www.comp.hkbu.edu.hk/v1/?page=job_vacancies?=sc?=tc?=tc@[4497, 4950, 4958, 4976, 5012, 5020, 5022, 5040, 6160, 6186, 6202, 6241, 6267, 6281, 6314, 6340, 6354, 6466, 6575, 6724, 6746, 6762]@{}
http://www.comp.hkbu.edu.hk/v1/?page=sitemap?=tc?=tc?=tc@[4498, 4956, 4964, 4982, 5018, 5026, 5028, 5046, 6166, 6192, 6208, 6247, 6273, 6289, 6329, 6355, 6369, 6473, 6582, 6671, 6693, 6707, 6747, 6769, 6783]@{}
http://www.comp.hkbu.edu.hk/v1/?page=sitemap?=sc?=tc?=tc@[4498, 4959, 4967, 4985, 5021, 5029, 5031, 5049, 6169, 6195, 6211, 6251, 6277, 6292, 6327, 6353, 6368, 6474, 6583, 6672, 6694, 6708, 6754, 6776, 6791]@{}
http://www.comp.hkbu.edu.hk/v1/?page=home?=tc@[4493, 4954, 4962, 4980, 5016, 5024, 5026, 5044, 6164, 6190, 6204, 6240, 6266, 6282, 6322, 6348, 6364, 6470, 6579, 6668, 6690, 6706, 6745, 6767, 6782]@{}
http://www.comp.hkbu.edu.hk/v1/?page=job_vacancies?=tc?=tc?=tc?=tc@[4500, 4967, 4975, 4993, 5029, 5037, 5039, 5057, 6177, 6203, 6219, 6256, 6282, 6296, 6333, 6359, 6373, 6478, 6587, 6676, 6698, 6712, 6742, 6764, 6778]@{}
http://www.comp.hkbu.edu.hk/v1/?page=job_vacancies?=sc?=tc?=tc?=tc@[4500, 4968, 4976, 4994, 5030, 5038, 5040, 5058, 6178, 6204, 6219, 6253, 6279, 6293, 6323, 6349, 6364, 6471, 6580, 6669, 6691, 6706]@{}
http://www.comp.hkbu.edu.hk/v1/?page=sitemap?=tc?=tc?=tc?=tc@[4499, 4956, 4964, 4982, 5018, 5026, 5028, 5046, 6166, 6192, 6206, 6245, 6271, 6285, 6321, 6347, 6363, 6472, 6581, 6670, 6692, 6706, 6740, 6762, 6778]@{}
http://www.comp.hkbu.edu.hk/v1/?page=sitemap?=sc?=tc?=tc?=tc@[4499, 4967, 4975, 4993, 5029, 5037, 5039, 5057, 6177, 6203, 6217, 6256, 6282, 6298, 6337, 6363, 6377, 6483, 6592, 6681, 6703, 6719, 6754, 6776, 6792]@{}
http://www.comp.hkbu.edu.hk/v1/?page=home?=tc?=tc@[4495, 4956, 4964, 4982, 5018, 5026, 5028, 5046, 6166, 6192, 6208, 6248, 6274, 6290, 6329, 6355, 6370, 6476, 6585, 6734, 6756, 6770]@{}
http://www.comp.hkbu.edu.hk/v1/?page=job_vacancies?=tc?=tc?=tc?=tc?=tc@[4502, 4970, 4978, 4996, 5032, 5040, 5042, 5060, 6180, 6206, 6220, 6257, 6283, 6297, 6333, 6359, 6374, 6480, 6589, 6678, 6700, 6714]@{}
http://www.comp.hkbu.edu.hk/v1/?page=job_vacancies?=sc?=tc?=tc?=tc?=tc@[4501, 4955, 4963, 4981, 5017, 5025, 5027, 5045, 6165, 6191, 6205, 6244, 6270, 6286, 6325, 6351, 6367, 6476, 6585, 6674, 6696, 6710, 6740, 6762, 6776]@{}
http://www.comp.hkbu.edu.hk/v1/?page=sitemap?=tc?=tc?=tc?=tc?=tc@[4502, 4963, 4971, 4989, 5025, 5033, 5035, 5053, 6173, 6199, 6213, 6246, 6272, 6288, 6327, 6353, 6367, 6476, 6585, 6674, 6696, 6710, 6754, 6776, 6790]@{}
http://www.comp.hkbu.edu.hk/v1/?page=sitemap?=sc?=tc?=tc?=tc?=tc@[4501, 4969, 4977, 4995, 5031, 5039, 5041, 5059, 6179, 6205, 6221, 6260, 6286, 6300, 6334, 6360, 6375, 6484, 6593, 6742, 6764, 6778]@{}
http://www.comp.hkbu.edu.hk/v1/?page=home?=tc?=tc?=tc@[4497, 4954, 4962, 4980, 5016, 5024, 5026, 5044, 6164, 6190, 6206, 6245, 6271, 6285, 6321, 6347, 6361, 6474, 6583, 6732, 6754, 6768]@{}
http://www.comp.hkbu.edu.hk/v1/?page=job_vacancies@[4040]@{}
http://www.comp.hkbu.edu.hk/v1/?page=job_vacancies?=tc?=tc?=tc?=tc?=tc?=tc@[4504, 4958, 4966, 4984, 5020, 5028, 5030, 5048, 6168, 6194, 6210, 6249, 6275, 6290, 6326, 6352, 6366, 6474, 6583, 6732, 6754, 6768]@{}
http://www.comp.hkbu.edu.hk/v1/?page=job_vacancies?=sc?=tc?=tc?=tc?=tc?=tc@[4503, 4957, 4965, 4983, 5019, 5027, 5029, 5047, 6167, 6193, 6207, 6247, 6273, 6287, 6328, 6354, 6370, 6482, 6591, 6680, 6702, 6716, 6749, 6771, 6785]@{}
http://www.comp.hkbu.edu.hk/v1/?page=sitemap?=tc?=tc?=tc?=tc?=tc?=tc@[4503, 4961, 4969, 4987, 5023, 5031, 5033, 5051, 6171, 6197, 6213, 6250, 6276, 6290, 6322, 6348, 6362, 6471, 6580, 6669, 6691, 6706, 6741, 6763, 6777]@{}
http://www.comp.hkbu.edu.hk/v1/?page=sitemap?=sc?=tc?=tc?=tc?=tc?=tc@[4504, 4979, 4987, 5005, 5041, 5049, 5051, 5069, 6189, 6215, 6230, 6271, 6297, 6311, 6341, 6367, 6381, 6490, 6599, 6688, 6710, 6724, 6754, 6776, 6792]@{}
http://www.comp.hkbu.edu.hk/v1/?page=home?=tc?=tc?=tc?=tc@[4500, 4960, 4968, 4986, 5022, 5030, 5032, 5050, 6170, 6196, 6210, 6249, 6275, 6290, 6324, 6350, 6364, 6472, 6581, 6670, 6692, 6706, 6743, 6765, 6780]@{}
http://www.comp.hkbu.edu.hk/v1/?page=job_vacancies?=tc?=tc?=tc?=tc?=tc?=tc?=tc@[4506, 4962, 4970, 4988, 5024, 5032, 5034, 5052, 6172, 6198, 6214, 6253, 6279, 6294, 6328, 6354, 6368, 6470, 6579, 6728, 6750, 6764]@{}
http://www.comp.hkbu.edu.hk/v1/?page=job_vacancies?=sc?=tc?=tc?=tc?=tc?=tc?=tc@[4506, 4959, 4967, 4985, 5021, 5029, 5031, 5049, 6169, 6195, 6211, 6248, 6274, 6288, 6321, 6347, 6362, 6470, 6579, 6668, 6690, 6704, 6750, 6772, 6787]@{}
http://www.comp.hkbu.edu.hk/v1/?page=sitemap?=tc?=tc?=tc?=tc?=tc?=tc?=tc@[4505, 4961, 4969, 4987, 5023, 5031, 5033, 5051, 6171, 6197, 6212, 6246, 6272, 6286, 6319, 6345, 6359, 6467, 6576, 6725, 6747, 6763]@{}
http://www.comp.hkbu.edu.hk/v1/?page=sitemap?=sc?=tc?=tc?=tc?=tc?=tc?=tc@[4505, 4963, 4971, 4989, 5025, 5033, 5035, 5053, 6173, 6199, 6213, 6247, 6273, 6289, 6328, 6354, 6370, 6482, 6591, 6680, 6702, 6718, 6755, 6777, 6791]@{}
http://www.comp.hkbu.edu.hk/v1/?page=home?=tc?=tc?=tc?=tc?=tc@[4502, 4963, 4971, 4989, 5025, 5033, 5035, 5053, 6173, 6199, 6213, 6252, 6278, 6292, 6328, 6354, 6370, 6476, 6585, 6674, 6696, 6710, 6756, 6778, 6794]@{}
http://www.comp.hkbu.edu.hk/v1/?page=job_vacancies?=tc?=tc?=tc?=tc?=tc?=tc?=tc?=tc@[4508, 4978, 4986, 5004, 5040, 5048, 5050, 5068, 6188, 6214, 6228, 6267, 6293, 6309, 6348, 6374, 6388, 6490, 6599, 6688, 6710, 6724, 6768, 6790, 6806]@{}
http://www.comp.hkbu.edu.hk/v1/?page=job_vacancies?=sc?=tc?=tc?=tc?=tc?=tc?=tc?=tc@[4508, 4962, 4970, 4988, 5024, 5032, 5034, 5052, 6172, 6198, 6214, 6253, 6279, 6294, 6335, 6361, 6375, 6486, 6595, 6684, 6706, 6720, 6750, 6772, 6786]@{}
http://www.comp.hkbu.edu.hk/v1/?page=sitemap?=tc?=tc?=tc?=tc?=tc?=tc?=tc?=tc@[4508, 4965, 4973, 4991, 5027, 5035, 5037, 5055, 6175, 6201, 6215, 6248, 6274, 6288, 6321, 6347, 6362, 6471, 6580, 6669, 6691, 6707, 6747, 6769, 6783]@{}
http://www.comp.hkbu.edu.hk/v1/?page=sitemap?=sc?=tc?=tc?=tc?=tc?=tc?=tc?=tc@[4508, 4979, 4987, 5005, 5041, 5049, 5051, 5069, 6189, 6215, 6231, 6271, 6297, 6311, 6344, 6370, 6386, 6497, 6606, 6755, 6777, 6791]@{}
http://www.comp.hkbu.edu.hk/v1/?page=sitemap@[4037]@{}
http://www.comp.hkbu.edu.hk/v1/?page=home?=tc?=tc?=tc?=tc?=tc?=tc@[4503, 4964, 4972, 4990, 5026, 5034, 5036, 5054, 6174, 6200, 6216, 6256, 6282, 6297, 6331, 6357, 6371, 6483, 6592, 6681, 6703, 6719, 6756, 6778, 6792]@{}
http://www.comp.hkbu.edu.hk/v1/?page=job_vacancies?=tc?=tc?=tc?=tc?=tc?=tc?=tc?=tc?=tc@[4510, 4978, 4986, 5004, 5040, 5048, 5050, 5068, 6188, 6214, 6228, 6264, 6290, 6305, 6341, 6367, 6381, 6489, 6598, 6687, 6709, 6724]@{}
http://www.comp.hkbu.edu.hk/v1/?page=job_vacancies?=sc?=tc?=tc?=tc?=tc?=tc?=tc?=tc?=tc@[4510, 4977, 4985, 5003, 5039, 5047, 5049, 5067, 6187, 6213, 6227, 6263, 6289, 6305, 6344, 6370, 6385, 6493, 6602, 6691, 6713, 6727, 6766, 6788, 6802]@{}
http://www.comp.hkbu.edu.hk/v1/?page=sitemap?=tc?=tc?=tc?=tc?=tc?=tc?=tc?=tc?=tc@[4509, 4962, 4970, 4988, 5024, 5032, 5034, 5052, 6172, 6198, 6214, 6253, 6279, 6294, 6329, 6355, 6369, 6471, 6580, 6729, 6751, 6766]@{}
http://www.comp.hkbu.edu.hk/v1/?page=sitemap?=sc?=tc?=tc?=tc?=tc?=tc?=tc?=tc?=tc@[4509, 4980, 4988, 5006, 5042, 5050, 5052, 5070, 6190, 6216, 6232, 6267, 6293, 6307, 6344, 6370, 6386, 6495, 6604, 6693, 6715, 6730]@{}
http://www.comp.hkbu.edu.hk/v1/?lang=tc@[4487, 4962, 4970, 4988, 5024, 5032, 5034, 5052, 6172, 6198, 6214, 6253, 6279, 6293, 6329, 6355, 6370, 6483, 6592, 6681, 6703, 6717, 6750, 6772, 6788]@{}
http://www.sci.hkbu.edu.hk/eng/page/?page=prospective-students@[1245, 1727, 3143, 3266]@{}
http://www.sci.hkbu.edu.hk/eng/page/?page=current-students@[1245, 1727, 2639, 2729, 2884]@{}
http://www.sci.hkbu.edu.hk/eng/page/@[1245, 1727]@{}
http://www.sci.hkbu.edu.hk/eng/about-us/honorary-doctorate@[1245, 1727, 2382]@{}
http://www.sci.hkbu.edu.hk/eng/about-us/distinguished-professorship/eng/page/?page=prospective-students@[1245, 1727]@{}
http://www.sci.hkbu.edu.hk/eng/about-us/honorary-doctorate/eng/page/?page=prospective-students@[1245, 1727]@{}
http://www.sci.hkbu.edu.hk/eng/about-us/distinguished-professor-of-science@[1245, 1727, 2382]@{}
http://www.sci.hkbu.edu.hk/eng/about-us/dr-kennedy-wong-distinguished-visiting-professorship-scheme@[1245, 1727, 2382]@{}
http://www.sci.hkbu.edu.hk/eng/about-us/distinguished-professor-of-science/eng/page/?page=prospective-students@[1245, 1727]@{}
http://www.sci.hkbu.edu.hk/eng/about-us/dr-kennedy-wong-distinguished-visiting-professorship-scheme/eng/page/?page=prospective-students@[1245, 1727]@{}
http://www.sci.hkbu.edu.hk/eng/page/eng/about-us/vision-mission@[1245, 1727]@{}
http://www.sci.hkbu.edu.hk/eng/page/eng/about-us/faculty-advisory-committee@[1245, 1727]@{}
http://www.sci.hkbu.edu.hk/eng@[1245, 1727]@{}
http://www.sci.hkbu.edu.hk/eng/about-us/vision-mission@[1245, 1727, 2382, 2591, 2610]@{}
http://www.sci.hkbu.edu.hk/eng/about-us/faculty-advisory-committee@[1245, 1727, 2382, 3251, 3369]@{}
http://www.sci.hkbu.edu.hk/eng/about-us/vision-mission/eng/page/?page=prospective-students@[1245, 1727]@{}
http://www.sci.hkbu.edu.hk/eng/about-us/faculty-advisory-committee/eng/page/?page=prospective-students@[1245, 1727]@{}
http://www.sci.hkbu.edu.hk/eng/about-us/distinguished-professorship@[1245, 1727, 2382]@{}
