http://www.comp.hkbu.edu.hk@[85, 123, 155, 314, 322, 327, 363, 2108, 2136, 3761, 4526, 4532, 4650, 4724, 4821, 5207, 6216, 6378, 6540]@{}
http://www.comp.hkbu.edu.hk/v1/?page=hkbu@[53]@{}
http://www.comp.hkbu.edu.hk/v1/?page=sci@[405, 3786, 4404, 4615, 4678, 6106, 6120, 6153, 6170, 7874]@{}
http://www.comp.hkbu.edu.hk/v1/?page=job_vacancies?=tc@[85, 123, 155, 314, 322, 327, 363, 2108, 2136, 3767, 4532, 4538, 4720, 4817, 5203, 6209, 6285, 6519, 6699]@{}
http://www.comp.hkbu.edu.hk/v1/?page=job_vacancies?=sc@[85, 123, 155, 314, 322, 327, 363, 2108, 2136, 3767, 4532, 4538, 4685, 4720, 4817, 5203, 6359, 6530, 6715]@{}
http://www.comp.hkbu.edu.hk/v1/?page=sitemap?=tc@[85, 123, 155, 314, 322, 327, 363, 2108, 2136, 3767, 4531, 4537, 4680, 4716, 4813, 5199, 6289, 6522]@{}
http://www.comp.hkbu.edu.hk/v1/?page=sitemap?=sc@[85, 123, 155, 314, 322, 327, 363, 2108, 2136, 3767, 4531, 4537, 4680, 4715, 4812, 5198, 6204, 6529, 6704, 6720]@{}
http://www.comp.hkbu.edu.hk/v1/?lang=sc@[85, 123, 155, 314, 322, 327, 363, 2108, 2136, 3761, 4526, 4532, 4711, 4808, 5194, 6521]@{}
http://www.comp.hkbu.edu.hk/~alumni/news/../news/@[798, 873, 938, 953, 974, 986, 1012, 1018, 1161, 1232, 1240, 1444, 1573, 1583, 1712, 1876, 2084, 2094, 2230, 2356, 2377, 2687, 2696, 2863, 3081, 3238, 3246, 3253, 3329, 3344, 3426, 3524, 3618, 3797, 3812, 3917, 3981, 3993, 4129, 4133, 4135, 4143, 4263, 4354, 4365, 4366, 4447, 4453]@{}
http://www.comp.hkbu.edu.hk/~alumni/news/../scholarship/@[674, 698, 800, 825]@{}
http://www.comp.hkbu.edu.hk/v1/?page=job_vacancies?=tc?=tc@[85, 123, 155, 314, 322, 327, 363, 2108, 2136, 3769, 4533, 4539, 4717, 4814, 5200, 6211, 6528]@{}
http://www.comp.hkbu.edu.hk/v1/?page=job_vacancies?=sc?=tc@[85, 123, 155, 314, 322, 327, 363, 2108, 2136, 3769, 4533, 4539, 4657, 4727, 4824, 5210, 6298, 6377, 6547, 6730, 6809]@{}
http://www.comp.hkbu.edu.hk/v1/?page=sitemap?=tc?=tc@[85, 123, 155, 314, 322, 327, 363, 2108, 2136, 3769, 4533, 4539, 4717, 4814, 5200, 6524, 6764]@{}
http://www.comp.hkbu.edu.hk/v1/?page=sitemap?=sc?=tc@[85, 123, 155, 314, 322, 327, 363, 2108, 2136, 3769, 4533, 4539, 4657, 4731, 4828, 5214, 6302, 6380, 6541, 6797]@{}
http://www.comp.hkbu.edu.hk/v1/?page=home@[85, 123, 155, 314, 322, 327, 363, 2108, 2136, 3765, 4529, 4535, 4709, 4806, 5192, 6517]@{}
http://www.comp.hkbu.edu.hk/~alumni/news/../news/../news/@[798, 873, 938, 953, 974, 986, 1012, 1018, 1161, 1232, 1240, 1444, 1573, 1583, 1712, 1876, 2084, 2094, 2230, 2356, 2377, 2687, 2696, 2863, 3081, 3238, 3246, 3253, 3329, 3344, 3426, 3524, 3618, 3797, 3812, 3917, 3981, 3993, 4129, 4133, 4135, 4143, 4263, 4354, 4365, 4366, 4447, 4453]@{}
http://www.comp.hkbu.edu.hk/~alumni/news/../scholarship/../news/@[798, 873, 938, 953, 974, 986, 1012, 1018, 1161, 1232, 1240, 1444, 1573, 1583, 1712, 1876, 2084, 2094, 2230, 2356, 2377, 2687, 2696, 2863, 3081, 3238, 3246, 3253, 3329, 3344, 3426, 3524, 3618, 3797, 3812, 3917, 3981, 3993, 4129, 4133, 4135, 4143, 4263, 4354, 4365, 4366, 4447, 4453]@{}
http://www.comp.hkbu.edu.hk/~alumni/news/../donation/../news/@[798, 873, 938, 953, 974, 986, 1012, 1018, 1161, 1232, 1240, 1444, 1573, 1583, 1712, 1876, 2084, 2094, 2230, 2356, 2377, 2687, 2696, 2863, 3081, 3238, 3246, 3253, 3329, 3344, 3426, 3524, 3618, 3797, 3812, 3917, 3981, 3993, 4129, 4133, 4135, 4143, 4263, 4354, 4365, 4366, 4447, 4453]@{}
http://www.comp.hkbu.edu.hk/v1/?page=job_vacancies?=tc?=tc?=tc@[85, 123, 155, 314, 322, 327, 363, 2108, 2136, 3771, 4536, 4542, 4660, 4695, 4731, 4828, 5214, 6296, 6382, 6544, 6729, 6803]@{}
http://www.comp.hkbu.edu.hk/v1/?page=job_vacancies?=sc?=tc?=tc@[85, 123, 155, 314, 322, 327, 363, 2108, 2136, 3771, 4535, 4541, 4715, 4812, 5198, 6209, 6529, 6772]@{}
http://www.comp.hkbu.edu.hk/v1/?page=sitemap?=tc?=tc?=tc@[85, 123, 155, 314, 322, 327, 363, 2108, 2136, 3771, 4536, 4542, 4721, 4818, 5204, 6218, 6536, 6721, 6787, 6803]@{}
http://www.comp.hkbu.edu.hk/v1/?page=sitemap?=sc?=tc?=tc@[85, 123, 155, 314, 322, 327, 363, 2108, 2136, 3771, 4536, 4542, 4689, 4724, 4821, 5207, 6537, 6712, 6728, 6797]@{}
http://www.comp.hkbu.edu.hk/v1/?page=home?=tc@[85, 123, 155, 314, 322, 327, 363, 2108, 2136, 3767, 4531, 4537, 4719, 4816, 5202, 6533, 6716]@{}
http://www.comp.hkbu.edu.hk/~alumni/news/../news/../news/../news/@[798, 873, 938, 953, 974, 986, 1012, 1018, 1161, 1232, 1240, 1444, 1573, 1583, 1712, 1876, 2084, 2094, 2230, 2356, 2377, 2687, 2696, 2863, 3081, 3238, 3246, 3253, 3329, 3344, 3426, 3524, 3618, 3797, 3812, 3917, 3981, 3993, 4129, 4133, 4135, 4143, 4263, 4354, 4365, 4366, 4447, 4453]@{}
http://www.comp.hkbu.edu.hk/~alumni/news/../scholarship/../news/../news/@[798, 873, 938, 953, 974, 986, 1012, 1018, 1161, 1232, 1240, 1444, 1573, 1583, 1712, 1876, 2084, 2094, 2230, 2356, 2377, 2687, 2696, 2863, 3081, 3238, 3246, 3253, 3329, 3344, 3426, 3524, 3618, 3797, 3812, 3917, 3981, 3993, 4129, 4133, 4135, 4143, 4263, 4354, 4365, 4366, 4447, 4453]@{}
http://www.comp.hkbu.edu.hk/~alumni/news/../donation/../news/../news/@[798, 873, 938, 953, 974, 986, 1012, 1018, 1161, 1232, 1240, 1444, 1573, 1583, 1712, 1876, 2084, 2094, 2230, 2356, 2377, 2687, 2696, 2863, 3081, 3238, 3246, 3253, 3329, 3344, 3426, 3524, 3618, 3797, 3812, 3917, 3981, 3993, 4129, 4133, 4135, 4143, 4263, 4354, 4365, 4366, 4447, 4453]@{}
http://www.comp.hkbu.edu.hk/v1/?page=job_vacancies?=tc?=tc?=tc?=tc@[85, 123, 155, 314, 322, 327, 363, 2108, 2136, 3773, 4538, 4544, 4662, 4732, 4829, 5215, 6541, 6716]@{}
http://www.comp.hkbu.edu.hk/v1/?page=job_vacancies?=sc?=tc?=tc?=tc@[85, 123, 155, 314, 322, 327, 363, 2108, 2136, 3773, 4538, 4544, 4662, 4733, 4830, 5216, 6297, 6534]@{}
http://www.comp.hkbu.edu.hk/v1/?page=sitemap?=tc?=tc?=tc?=tc@[85, 123, 155, 314, 322, 327, 363, 2108, 2136, 3773, 4537, 4543, 4721, 4818, 5204, 6209, 6292, 6535, 6785]@{}
http://www.comp.hkbu.edu.hk/v1/?page=sitemap?=sc?=tc?=tc?=tc@[85, 123, 155, 314, 322, 327, 363, 2108, 2136, 3773, 4537, 4543, 4661, 4732, 4829, 5215, 6220, 6305, 6546, 6727]@{}
http://www.comp.hkbu.edu.hk/v1/?page=home?=tc?=tc@[85, 123, 155, 314, 322, 327, 363, 2108, 2136, 3769, 4533, 4539, 4686, 4721, 4818, 5204, 6300, 6539, 6774]@{}
http://www.comp.hkbu.edu.hk/~alumni/news/../news/../news/../news/../news/@[798, 873, 938, 953, 974, 986, 1012, 1018, 1161, 1232, 1240, 1444, 1573, 1583, 1712, 1876, 2084, 2094, 2230, 2356, 2377, 2687, 2696, 2863, 3081, 3238, 3246, 3253, 3329, 3344, 3426, 3524, 3618, 3797, 3812, 3917, 3981, 3993, 4129, 4133, 4135, 4143, 4263, 4354, 4365, 4366, 4447, 4453]@{}
http://www.comp.hkbu.edu.hk/~alumni/news/../scholarship/../news/../news/../news/@[798, 873, 938, 953, 974, 986, 1012, 1018, 1161, 1232, 1240, 1444, 1573, 1583, 1712, 1876, 2084, 2094, 2230, 2356, 2377, 2687, 2696, 2863, 3081, 3238, 3246, 3253, 3329, 3344, 3426, 3524, 3618, 3797, 3812, 3917, 3981, 3993, 4129, 4133, 4135, 4143, 4263, 4354, 4365, 4366, 4447, 4453]@{}
http://www.comp.hkbu.edu.hk/~alumni/news/../donation/../news/../news/../news/@[798, 873, 938, 953, 974, 986, 1012, 1018, 1161, 1232, 1240, 1444, 1573, 1583, 1712, 1876, 2084, 2094, 2230, 2356, 2377, 2687, 2696, 2863, 3081, 3238, 3246, 3253, 3329, 3344, 3426, 3524, 3618, 3797, 3812, 3917, 3981, 3993, 4129, 4133, 4135, 4143, 4263, 4354, 4365, 4366, 4447, 4453]@{}
http://www.comp.hkbu.edu.hk/v1/?page=job_vacancies?=tc?=tc?=tc?=tc?=tc@[85, 123, 155, 314, 322, 327, 363, 2108, 2136, 3775, 4540, 4546, 4664, 4735, 4832, 5218, 6543]@{}
http://www.comp.hkbu.edu.hk/v1/?page=job_vacancies?=sc?=tc?=tc?=tc?=tc@[85, 123, 155, 314, 322, 327, 363, 2108, 2136, 3775, 4539, 4545, 4720, 4817, 5203, 6208, 6296, 6539, 6714]@{}
http://www.comp.hkbu.edu.hk/v1/?page=sitemap?=tc?=tc?=tc?=tc?=tc@[85, 123, 155, 314, 322, 327, 363, 2108, 2136, 3775, 4540, 4546, 4728, 4825, 5211, 6298, 6539, 6797, 6804]@{}
http://www.comp.hkbu.edu.hk/v1/?page=sitemap?=sc?=tc?=tc?=tc?=tc@[85, 123, 155, 314, 322, 327, 363, 2108, 2136, 3775, 4539, 4545, 4663, 4734, 4831, 5217, 6231, 6386, 6547]@{}
http://www.comp.hkbu.edu.hk/v1/?page=home?=tc?=tc?=tc@[85, 123, 155, 314, 322, 327, 363, 2108, 2136, 3771, 4535, 4541, 4684, 4719, 4816, 5202, 6216, 6292, 6365, 6537, 6772, 6788]@{}
http://www.comp.hkbu.edu.hk/~alumni/news/../news/../news/../news/../news/../news/@[798, 873, 938, 953, 974, 986, 1012, 1018, 1161, 1232, 1240, 1444, 1573, 1583, 1712, 1876, 2084, 2094, 2230, 2356, 2377, 2687, 2696, 2863, 3081, 3238, 3246, 3253, 3329, 3344, 3426, 3524, 3618, 3797, 3812, 3917, 3981, 3993, 4129, 4133, 4135, 4143, 4263, 4354, 4365, 4366, 4447, 4453]@{}
http://www.comp.hkbu.edu.hk/~alumni/news/../scholarship/../news/../news/../news/../news/@[798, 873, 938, 953, 974, 986, 1012, 1018, 1161, 1232, 1240, 1444, 1573, 1583, 1712, 1876, 2084, 2094, 2230, 2356, 2377, 2687, 2696, 2863, 3081, 3238, 3246, 3253, 3329, 3344, 3426, 3524, 3618, 3797, 3812, 3917, 3981, 3993, 4129, 4133, 4135, 4143, 4263, 4354, 4365, 4366, 4447, 4453]@{}
http://www.comp.hkbu.edu.hk/~alumni/news/../donation/../news/../news/../news/../news/@[798, 873, 938, 953, 974, 986, 1012, 1018, 1161, 1232, 1240, 1444, 1573, 1583, 1712, 1876, 2084, 2094, 2230, 2356, 2377, 2687, 2696, 2863, 3081, 3238, 3246, 3253, 3329, 3344, 3426, 3524, 3618, 3797, 3812, 3917, 3981, 3993, 4129, 4133, 4135, 4143, 4263, 4354, 4365, 4366, 4447, 4453]@{}
http://www.comp.hkbu.edu.hk/v1/?page=job_vacancies@[85, 1656, 1684, 3313, 4078, 4084, 4203, 4217, 4241, 4257, 4274]@{}
http://www.comp.hkbu.edu.hk/v1/?page=job_vacancies?=tc?=tc?=tc?=tc?=tc?=tc@[85, 123, 155, 314, 322, 327, 363, 2108, 2136, 3777, 4542, 4548, 4687, 4723, 4820, 5206, 6220, 6537]@{}
http://www.comp.hkbu.edu.hk/v1/?page=job_vacancies?=sc?=tc?=tc?=tc?=tc?=tc@[85, 123, 155, 314, 322, 327, 363, 2108, 2136, 3777, 4541, 4547, 4686, 4722, 4819, 5205, 6291, 6545, 6789, 6805]@{}
http://www.comp.hkbu.edu.hk/v1/?page=sitemap?=tc?=tc?=tc?=tc?=tc?=tc@[85, 123, 155, 314, 322, 327, 363, 2108, 2136, 3777, 4541, 4547, 4726, 4823, 5209, 6534]@{}
http://www.comp.hkbu.edu.hk/v1/?page=sitemap?=sc?=tc?=tc?=tc?=tc?=tc@[85, 123, 155, 314, 322, 327, 363, 2108, 2136, 3777, 4542, 4548, 4666, 4744, 4841, 5227, 6236, 6315, 6553, 6728, 6802]@{}
http://www.comp.hkbu.edu.hk/v1/?page=home?=tc?=tc?=tc?=tc@[85, 123, 155, 314, 322, 327, 363, 2108, 2136, 3773, 4538, 4544, 4725, 4822, 5208, 6213, 6535]@{}
http://www.comp.hkbu.edu.hk/~alumni/news/../news/../news/../news/../news/../news/../news/@[798, 873, 938, 953, 974, 986, 1012, 1018, 1161, 1232, 1240, 1444, 1573, 1583, 1712, 1876, 2084, 2094, 2230, 2356, 2377, 2687, 2696, 2863, 3081, 3238, 3246, 3253, 3329, 3344, 3426, 3524, 3618, 3797, 3812, 3917, 3981, 3993, 4129, 4133, 4135, 4143, 4263, 4354, 4365, 4366, 4447, 4453]@{}
http://www.comp.hkbu.edu.hk/~alumni/news/../scholarship/../news/../news/../news/../news/../news/@[798, 873, 938, 953, 974, 986, 1012, 1018, 1161, 1232, 1240, 1444, 1573, 1583, 1712, 1876, 2084, 2094, 2230, 2356, 2377, 2687, 2696, 2863, 3081, 3238, 3246, 3253, 3329, 3344, 3426, 3524, 3618, 3797, 3812, 3917, 3981, 3993, 4129, 4133, 4135, 4143, 4263, 4354, 4365, 4366, 4447, 4453]@{}
http://www.comp.hkbu.edu.hk/~alumni/news/../donation/../news/../news/../news/../news/../news/@[798, 873, 938, 953, 974, 986, 1012, 1018, 1161, 1232, 1240, 1444, 1573, 1583, 1712, 1876, 2084, 2094, 2230, 2356, 2377, 2687, 2696, 2863, 3081, 3238, 3246, 3253, 3329, 3344, 3426, 3524, 3618, 3797, 3812, 3917, 3981, 3993, 4129, 4133, 4135, 4143, 4263, 4354, 4365, 4366, 4447, 4453]@{}
http://www.comp.hkbu.edu.hk/v1/?page=job_vacancies?=tc?=tc?=tc?=tc?=tc?=tc?=tc@[85, 123, 155, 314, 322, 327, 363, 2108, 2136, 3779, 4544, 4550, 4727, 4824, 5210, 6221, 6372, 6533, 6771, 6778]@{}
http://www.comp.hkbu.edu.hk/v1/?page=job_vacancies?=sc?=tc?=tc?=tc?=tc?=tc?=tc@[85, 123, 155, 314, 322, 327, 363, 2108, 2136, 3779, 4544, 4550, 4724, 4821, 5207, 6533, 6708, 6724]@{}
http://www.comp.hkbu.edu.hk/v1/?page=sitemap?=tc?=tc?=tc?=tc?=tc?=tc?=tc@[85, 123, 155, 314, 322, 327, 363, 2108, 2136, 3779, 4543, 4549, 4726, 4823, 5209, 6366, 6530, 6770]@{}
http://www.comp.hkbu.edu.hk/v1/?page=sitemap?=sc?=tc?=tc?=tc?=tc?=tc?=tc@[85, 123, 155, 314, 322, 327, 363, 2108, 2136, 3779, 4543, 4549, 4692, 4728, 4825, 5211, 6296, 6545]@{}
http://www.comp.hkbu.edu.hk/v1/?page=home?=tc?=tc?=tc?=tc?=tc@[85, 123, 155, 314, 322, 327, 363, 2108, 2136, 3775, 4540, 4546, 4728, 4825, 5211, 6216, 6539, 6714, 6730]@{}
http://www.comp.hkbu.edu.hk/~alumni/news/../news/../news/../news/../news/../news/../news/../news/@[798, 873, 938, 953, 974, 986, 1012, 1018, 1161, 1232, 1240, 1444, 1573, 1583, 1712, 1876, 2084, 2094, 2230, 2356, 2377, 2687, 2696, 2863, 3081, 3238, 3246, 3253, 3329, 3344, 3426, 3524, 3618, 3797, 3812, 3917, 3981, 3993, 4129, 4133, 4135, 4143, 4263, 4354, 4365, 4366, 4447, 4453]@{}
http://www.comp.hkbu.edu.hk/~alumni/news/../scholarship/../news/../news/../news/../news/../news/../news/@[798, 873, 938, 953, 974, 986, 1012, 1018, 1161, 1232, 1240, 1444, 1573, 1583, 1712, 1876, 2084, 2094, 2230, 2356, 2377, 2687, 2696, 2863, 3081, 3238, 3246, 3253, 3329, 3344, 3426, 3524, 3618, 3797, 3812, 3917, 3981, 3993, 4129, 4133, 4135, 4143, 4263, 4354, 4365, 4366, 4447, 4453]@{}
http://www.comp.hkbu.edu.hk/~alumni/news/../donation/../news/../news/../news/../news/../news/../news/@[798, 873, 938, 953, 974, 986, 1012, 1018, 1161, 1232, 1240, 1444, 1573, 1583, 1712, 1876, 2084, 2094, 2230, 2356, 2377, 2687, 2696, 2863, 3081, 3238, 3246, 3253, 3329, 3344, 3426, 3524, 3618, 3797, 3812, 3917, 3981, 3993, 4129, 4133, 4135, 4143, 4263, 4354, 4365, 4366, 4447, 4453]@{}
http://www.comp.hkbu.edu.hk/v1/?page=job_vacancies?=tc?=tc?=tc?=tc?=tc?=tc?=tc?=tc@[85, 123, 155, 314, 322, 327, 363, 2108, 2136, 3781, 4546, 4552, 4670, 4743, 4840, 5226, 6231, 6319, 6392, 6553, 6813]@{}
http://www.comp.hkbu.edu.hk/v1/?page=job_vacancies?=sc?=tc?=tc?=tc?=tc?=tc?=tc?=tc@[85, 123, 155, 314, 322, 327, 363, 2108, 2136, 3781, 4546, 4552, 4691, 4727, 4824, 5210, 6221, 6300, 6378, 6549, 6724, 6793, 6800]@{}
http://www.comp.hkbu.edu.hk/v1/?page=sitemap?=tc?=tc?=tc?=tc?=tc?=tc?=tc?=tc@[85, 123, 155, 314, 322, 327, 363, 2108, 2136, 3781, 4546, 4552, 4695, 4730, 4827, 5213, 6373, 6534, 6714]@{}
http://www.comp.hkbu.edu.hk/v1/?page=sitemap?=sc?=tc?=tc?=tc?=tc?=tc?=tc?=tc@[85, 123, 155, 314, 322, 327, 363, 2108, 2136, 3781, 4546, 4552, 4670, 4744, 4841, 5227, 6396, 6560]@{}
http://www.comp.hkbu.edu.hk/v1/?page=sitemap@[85, 1654, 1682, 3311, 4075, 4081, 4473, 4613, 4663, 4975, 5017, 5031, 5056, 5070, 5079, 5092, 5115, 5197, 5242, 5251, 5269, 5439, 5536, 5555, 5650, 5655, 5661, 5667]@{}
http://www.comp.hkbu.edu.hk/v1/?page=home?=tc?=tc?=tc?=tc?=tc?=tc@[85, 123, 155, 314, 322, 327, 363, 2108, 2136, 3777, 4541, 4547, 4729, 4826, 5212, 6546]@{}
http://www.comp.hkbu.edu.hk/~alumni/news/../news/../news/../news/../news/../news/../news/../news/../news/@[798, 873, 938, 953, 974, 986, 1012, 1018, 1161, 1232, 1240, 1444, 1573, 1583, 1712, 1876, 2084, 2094, 2230, 2356, 2377, 2687, 2696, 2863, 3081, 3238, 3246, 3253, 3329, 3344, 3426, 3524, 3618, 3797, 3812, 3917, 3981, 3993, 4129, 4133, 4135, 4143, 4263, 4354, 4365, 4366, 4447, 4453]@{}
http://www.comp.hkbu.edu.hk/~alumni/news/../scholarship/../news/../news/../news/../news/../news/../news/../news/@[798, 873, 938, 953, 974, 986, 1012, 1018, 1161, 1232, 1240, 1444, 1573, 1583, 1712, 1876, 2084, 2094, 2230, 2356, 2377, 2687, 2696, 2863, 3081, 3238, 3246, 3253, 3329, 3344, 3426, 3524, 3618, 3797, 3812, 3917, 3981, 3993, 4129, 4133, 4135, 4143, 4263, 4354, 4365, 4366, 4447, 4453]@{}
http://www.comp.hkbu.edu.hk/~alumni/news/../donation/../news/../news/../news/../news/../news/../news/../news/@[798, 873, 938, 953, 974, 986, 1012, 1018, 1161, 1232, 1240, 1444, 1573, 1583, 1712, 1876, 2084, 2094, 2230, 2356, 2377, 2687, 2696, 2863, 3081, 3238, 3246, 3253, 3329, 3344, 3426, 3524, 3618, 3797, 3812, 3917, 3981, 3993, 4129, 4133, 4135, 4143, 4263, 4354, 4365, 4366, 4447, 4453]@{}
http://www.comp.hkbu.edu.hk/v1/?page=job_vacancies?=tc?=tc?=tc?=tc?=tc?=tc?=tc?=tc?=tc@[85, 123, 155, 314, 322, 327, 363, 2108, 2136, 3783, 4548, 4554, 4672, 4707, 4743, 4840, 5226, 6235, 6552]@{}
http://www.comp.hkbu.edu.hk/v1/?page=job_vacancies?=sc?=tc?=tc?=tc?=tc?=tc?=tc?=tc?=tc@[85, 123, 155, 314, 322, 327, 363, 2108, 2136, 3783, 4548, 4554, 4672, 4742, 4839, 5225, 6234, 6312, 6556, 6734, 6741, 6806]@{}
http://www.comp.hkbu.edu.hk/v1/?page=sitemap?=tc?=tc?=tc?=tc?=tc?=tc?=tc?=tc?=tc@[85, 123, 155, 314, 322, 327, 363, 2108, 2136, 3783, 4547, 4553, 4727, 4824, 5210, 6221, 6373, 6534]@{}
http://www.comp.hkbu.edu.hk/v1/?page=sitemap?=sc?=tc?=tc?=tc?=tc?=tc?=tc?=tc?=tc@[85, 123, 155, 314, 322, 327, 363, 2108, 2136, 3783, 4547, 4553, 4671, 4745, 4842, 5228, 6240, 6558]@{}
http://www.comp.hkbu.edu.hk/v1/?lang=tc@[85, 123, 155, 314, 322, 327, 363, 2108, 2136, 3761, 4525, 4531, 4649, 4727, 4824, 5210, 6221, 6376, 6546]@{}
http://www.comp.hkbu.edu.hk/~alumni/news/@[798, 873, 938, 953, 974, 986, 1012, 1018, 1161, 1232, 1240, 1444, 1573, 1583, 1712, 1876, 2084, 2094, 2230, 2356, 2377, 2687, 2696, 2863, 3081, 3238, 3246, 3253, 3329, 3344, 3426, 3524, 3618, 3797, 3812, 3917, 3981, 3993, 4129, 4133, 4135, 4143, 4263, 4354, 4365, 4366, 4447, 4453]@{}
http://www.sci.hkbu.edu.hk/eng/page/?page=prospective-students@[405, 2602, 2776, 2944, 3009, 3016, 3043, 3419]@{}
http://www.sci.hkbu.edu.hk/eng/page/?page=current-students@[405, 2602, 2605, 2632, 2635, 2807, 2811, 2894, 3075]@{}
http://www.sci.hkbu.edu.hk/eng/page/@[405, 2397, 2419, 2447, 2460, 3178]@{}
http://www.sci.hkbu.edu.hk/eng/about-us/honorary-doctorate@[405, 3709]@{}
http://www.sci.hkbu.edu.hk/eng/about-us/distinguished-professorship/eng/page/?page=prospective-students@[405, 3786, 4404, 4615, 4678, 6106, 6120, 6153, 6170, 7874]@{}
http://www.sci.hkbu.edu.hk/eng/about-us/honorary-doctorate/eng/page/?page=prospective-students@[405, 3786, 4404, 4615, 4678, 6106, 6120, 6153, 6170, 7874]@{}
http://www.sci.hkbu.edu.hk/eng/about-us/distinguished-professor-of-science@[405, 2656, 2661, 2664, 2701, 2708, 2874, 2886, 3229, 3525]@{}
http://www.sci.hkbu.edu.hk/eng/about-us/dr-kennedy-wong-distinguished-visiting-professorship-scheme@[405, 3048, 3194]@{}
http://www.sci.hkbu.edu.hk/eng/about-us/distinguished-professor-of-science/eng/page/?page=prospective-students@[405, 3786, 4404, 4615, 4678, 6106, 6120, 6153, 6170, 7874]@{}
http://www.sci.hkbu.edu.hk/eng/about-us/dr-kennedy-wong-distinguished-visiting-professorship-scheme/eng/page/?page=prospective-students@[405, 3786, 4404, 4615, 4678, 6106, 6120, 6153, 6170, 7874]@{}
http://www.sci.hkbu.edu.hk/eng/page/eng/about-us/vision-mission@[405, 3786, 4404, 4615, 4678, 6106, 6120, 6153, 6170, 7874]@{}
http://www.sci.hkbu.edu.hk/eng/page/eng/about-us/faculty-advisory-committee@[405, 3786, 4404, 4615, 4678, 6106, 6120, 6153, 6170, 7874]@{}
http://www.sci.hkbu.edu.hk/eng@[405, 3786, 4404, 4615, 4678, 6106, 6120, 6153, 6170, 7874]@{}
http://www.sci.hkbu.edu.hk/eng/about-us/vision-mission@[405, 2701, 2709, 2715, 2805, 2850, 2895, 2929, 2935, 2945, 2947, 2958, 2971, 2975, 3098]@{}
http://www.sci.hkbu.edu.hk/eng/about-us/faculty-advisory-committee@[405, 2629, 2640, 2653, 2658, 2674, 2719, 2732, 2743, 2756, 2768, 2850, 2940, 3166, 3244, 3256, 3288, 3852]@{}
http://www.sci.hkbu.edu.hk/eng/about-us/vision-mission/eng/page/?page=prospective-students@[405, 3786, 4404, 4615, 4678, 6106, 6120, 6153, 6170, 7874]@{}
http://www.sci.hkbu.edu.hk/eng/about-us/faculty-advisory-committee/eng/page/?page=prospective-students@[405, 3786, 4404, 4615, 4678, 6106, 6120, 6153, 6170, 7874]@{}
http://www.sci.hkbu.edu.hk/eng/about-us/distinguished-professorship@[405, 2743]@{}
