http://www.comp.hkbu.edu.hk@[2449, 2975, 4324, 4366, 4409, 4453, 4498, 4506, 4553, 4877, 4915, 4943, 4973, 5003, 5037, 5105, 5129, 5674, 5698, 6126, 6153, 6188, 6233, 6270, 6310, 6347, 6421, 6446, 6466, 6492, 6514, 6551, 6573, 6632, 6659, 6690, 6727, 6760, 6819]@{}
http://www.comp.hkbu.edu.hk/v1/?page=job_vacancies?=tc@[2449, 2981, 4330, 4372, 4415, 4459, 4504, 4512, 4559, 4873, 4911, 4939, 4969, 4999, 5033, 5101, 5125, 5670, 5694, 6122, 6149, 6184, 6217, 6254, 6294, 6331, 6400, 6425, 6445, 6471, 6493, 6530, 6552, 6611, 6638, 6669, 6714, 6746, 6795]@{}
http://www.comp.hkbu.edu.hk/v1/?page=job_vacancies?=sc@[2449, 2981, 4330, 4372, 4415, 4459, 4504, 4512, 4559, 4873, 4911, 4939, 4969, 4999, 5033, 5101, 5125, 5670, 5694, 6122, 6149, 6184, 6224, 6261, 6298, 6335, 6411, 6436, 6456, 6482, 6504, 6541, 6563, 6622, 6649, 6680, 6723, 6755, 6804]@{}
http://www.comp.hkbu.edu.hk/v1/?page=sitemap?=tc@[2449, 2981, 4329, 4371, 4414, 4458, 4503, 4511, 4558, 4869, 4907, 4935, 4965, 4995, 5029, 5097, 5121, 5666, 5690, 6118, 6145, 6180, 6219, 6256, 6297, 6334, 6403, 6428, 6448, 6474, 6496, 6533, 6555, 6614, 6641, 6672, 6717, 6750, 6807]@{}
http://www.comp.hkbu.edu.hk/v1/?page=sitemap?=sc@[2449, 2981, 4329, 4371, 4414, 4458, 4503, 4511, 4558, 4868, 4906, 4934, 4964, 4994, 5028, 5096, 5120, 5665, 5689, 6117, 6144, 6179, 6223, 6260, 6299, 6336, 6410, 6435, 6455, 6481, 6503, 6540, 6562, 6621, 6648, 6679, 6728, 6761, 6822]@{}
http://www.comp.hkbu.edu.hk/v1/?lang=sc@[2449, 2975, 4324, 4366, 4409, 4453, 4498, 4506, 4553, 4864, 4902, 4930, 4960, 4990, 5024, 5092, 5116, 5661, 5685, 6113, 6140, 6175, 6213, 6250, 6295, 6332, 6402, 6427, 6447, 6473, 6495, 6532, 6554, 6613, 6640, 6670, 6698, 6731, 6788]@{}
http://www.comp.hkbu.edu.hk/~alumni/news/../donation/@[663, 696, 728, 761, 794, 839, 884, 929, 979, 1200]@{}
http://www.comp.hkbu.edu.hk/v1/?page=job_vacancies?=tc?=tc@[2449, 2983, 4331, 4373, 4416, 4460, 4505, 4513, 4560, 4870, 4908, 4936, 4966, 4996, 5030, 5098, 5122, 5667, 5691, 6119, 6146, 6181, 6225, 6262, 6300, 6337, 6409, 6434, 6454, 6480, 6502, 6539, 6561, 6620, 6647, 6678, 6710, 6743, 6809]@{}
http://www.comp.hkbu.edu.hk/v1/?page=job_vacancies?=sc?=tc@[2449, 2983, 4331, 4373, 4416, 4460, 4505, 4513, 4560, 4880, 4918, 4946, 4976, 5006, 5040, 5108, 5132, 5677, 5701, 6129, 6156, 6191, 6231, 6268, 6312, 6349, 6428, 6453, 6473, 6499, 6521, 6558, 6580, 6639, 6666, 6697, 6741, 6774, 6838]@{}
http://www.comp.hkbu.edu.hk/v1/?page=sitemap?=tc?=tc@[2449, 2983, 4331, 4373, 4416, 4460, 4505, 4513, 4560, 4870, 4908, 4936, 4966, 4996, 5030, 5098, 5122, 5667, 5691, 6119, 6146, 6181, 6224, 6261, 6296, 6333, 6405, 6430, 6450, 6476, 6498, 6535, 6557, 6616, 6643, 6673, 6701, 6734, 6800]@{}
http://www.comp.hkbu.edu.hk/v1/?page=sitemap?=sc?=tc@[2449, 2983, 4331, 4373, 4416, 4460, 4505, 4513, 4560, 4884, 4922, 4950, 4980, 5010, 5044, 5112, 5136, 5681, 5705, 6133, 6160, 6195, 6240, 6277, 6310, 6347, 6422, 6447, 6467, 6493, 6515, 6552, 6574, 6633, 6660, 6691, 6733, 6766, 6827]@{}
http://www.comp.hkbu.edu.hk/v1/?page=home@[2449, 2979, 4327, 4369, 4412, 4456, 4501, 4509, 4556, 4862, 4900, 4928, 4958, 4988, 5022, 5090, 5114, 5659, 5683, 6111, 6138, 6173, 6211, 6248, 6291, 6328, 6398, 6423, 6443, 6469, 6491, 6528, 6550, 6609, 6636, 6667, 6706, 6739, 6792]@{}
http://www.comp.hkbu.edu.hk/v1/?page=job_vacancies?=tc?=tc?=tc@[2449, 2985, 4334, 4376, 4419, 4463, 4508, 4516, 4563, 4884, 4922, 4950, 4980, 5010, 5044, 5112, 5136, 5681, 5705, 6133, 6160, 6195, 6235, 6272, 6314, 6351, 6425, 6450, 6470, 6496, 6518, 6555, 6577, 6636, 6663, 6694, 6737, 6770, 6835]@{}
http://www.comp.hkbu.edu.hk/v1/?page=job_vacancies?=sc?=tc?=tc@[2449, 2985, 4333, 4375, 4418, 4462, 4507, 4515, 4562, 4868, 4906, 4934, 4964, 4994, 5028, 5096, 5120, 5665, 5689, 6117, 6144, 6179, 6223, 6260, 6296, 6333, 6410, 6435, 6455, 6481, 6503, 6540, 6562, 6621, 6648, 6678, 6706, 6739, 6804]@{}
http://www.comp.hkbu.edu.hk/v1/?page=sitemap?=tc?=tc?=tc@[2449, 2985, 4334, 4376, 4419, 4463, 4508, 4516, 4563, 4874, 4912, 4940, 4970, 5000, 5034, 5102, 5126, 5671, 5695, 6123, 6150, 6185, 6229, 6266, 6311, 6348, 6417, 6442, 6462, 6488, 6510, 6547, 6569, 6628, 6655, 6686, 6729, 6762, 6832]@{}
http://www.comp.hkbu.edu.hk/v1/?page=sitemap?=sc?=tc?=tc@[2449, 2985, 4334, 4376, 4419, 4463, 4508, 4516, 4563, 4877, 4915, 4943, 4973, 5003, 5037, 5105, 5129, 5674, 5698, 6126, 6153, 6188, 6233, 6270, 6309, 6346, 6418, 6443, 6463, 6489, 6511, 6548, 6570, 6629, 6656, 6687, 6736, 6769, 6835]@{}
http://www.comp.hkbu.edu.hk/v1/?page=home?=tc@[2449, 2981, 4329, 4371, 4414, 4458, 4503, 4511, 4558, 4872, 4910, 4938, 4968, 4998, 5032, 5100, 5124, 5669, 5693, 6121, 6148, 6183, 6222, 6259, 6304, 6341, 6414, 6439, 6459, 6485, 6507, 6544, 6566, 6625, 6652, 6683, 6727, 6760, 6820]@{}
http://www.comp.hkbu.edu.hk/v1/?page=job_vacancies?=tc?=tc?=tc?=tc@[2449, 2987, 4336, 4378, 4421, 4465, 4510, 4518, 4565, 4885, 4923, 4951, 4981, 5011, 5045, 5113, 5137, 5682, 5706, 6134, 6161, 6196, 6238, 6275, 6315, 6352, 6422, 6447, 6467, 6493, 6515, 6552, 6574, 6633, 6660, 6691, 6724, 6757, 6815]@{}
http://www.comp.hkbu.edu.hk/v1/?page=job_vacancies?=sc?=tc?=tc?=tc@[2449, 2987, 4336, 4378, 4421, 4465, 4510, 4518, 4565, 4886, 4924, 4952, 4982, 5012, 5046, 5114, 5138, 5683, 5707, 6135, 6162, 6197, 6235, 6272, 6305, 6342, 6415, 6440, 6460, 6486, 6508, 6545, 6567, 6626, 6653, 6684, 6722, 6754, 6803]@{}
http://www.comp.hkbu.edu.hk/v1/?page=sitemap?=tc?=tc?=tc?=tc@[2449, 2987, 4335, 4377, 4420, 4464, 4509, 4517, 4564, 4874, 4912, 4940, 4970, 5000, 5034, 5102, 5126, 5671, 5695, 6123, 6150, 6185, 6227, 6264, 6303, 6340, 6416, 6441, 6461, 6487, 6509, 6546, 6568, 6627, 6654, 6685, 6722, 6755, 6821]@{}
http://www.comp.hkbu.edu.hk/v1/?page=sitemap?=sc?=tc?=tc?=tc@[2449, 2987, 4335, 4377, 4420, 4464, 4509, 4517, 4564, 4885, 4923, 4951, 4981, 5011, 5045, 5113, 5137, 5682, 5706, 6134, 6161, 6196, 6238, 6275, 6319, 6356, 6427, 6452, 6472, 6498, 6520, 6557, 6579, 6638, 6665, 6696, 6736, 6769, 6829]@{}
http://www.comp.hkbu.edu.hk/v1/?page=home?=tc?=tc@[2449, 2983, 4331, 4373, 4416, 4460, 4505, 4513, 4560, 4874, 4912, 4940, 4970, 5000, 5034, 5102, 5126, 5671, 5695, 6123, 6150, 6185, 6230, 6267, 6311, 6348, 6420, 6445, 6465, 6491, 6513, 6550, 6572, 6631, 6658, 6688, 6716, 6749, 6803]@{}
http://www.comp.hkbu.edu.hk/v1/?page=job_vacancies?=tc?=tc?=tc?=tc?=tc@[2449, 2989, 4338, 4380, 4423, 4467, 4512, 4520, 4567, 4888, 4926, 4954, 4984, 5014, 5048, 5116, 5140, 5685, 5709, 6137, 6164, 6199, 6239, 6276, 6315, 6352, 6424, 6449, 6469, 6495, 6517, 6554, 6576, 6635, 6662, 6693, 6729, 6761, 6810]@{}
http://www.comp.hkbu.edu.hk/v1/?page=job_vacancies?=sc?=tc?=tc?=tc?=tc@[2449, 2989, 4337, 4379, 4422, 4466, 4511, 4519, 4566, 4873, 4911, 4939, 4969, 4999, 5033, 5101, 5125, 5670, 5694, 6122, 6149, 6184, 6226, 6263, 6307, 6344, 6420, 6445, 6465, 6491, 6513, 6550, 6572, 6631, 6658, 6689, 6722, 6755, 6812]@{}
http://www.comp.hkbu.edu.hk/v1/?page=sitemap?=tc?=tc?=tc?=tc?=tc@[2449, 2989, 4338, 4380, 4423, 4467, 4512, 4520, 4567, 4881, 4919, 4947, 4977, 5007, 5041, 5109, 5133, 5678, 5702, 6130, 6157, 6192, 6228, 6265, 6309, 6346, 6420, 6445, 6465, 6491, 6513, 6550, 6572, 6631, 6658, 6689, 6736, 6769, 6832]@{}
http://www.comp.hkbu.edu.hk/v1/?page=sitemap?=sc?=tc?=tc?=tc?=tc@[2449, 2989, 4337, 4379, 4422, 4466, 4511, 4519, 4566, 4887, 4925, 4953, 4983, 5013, 5047, 5115, 5139, 5684, 5708, 6136, 6163, 6198, 6242, 6279, 6316, 6353, 6428, 6453, 6473, 6499, 6521, 6558, 6580, 6639, 6666, 6696, 6724, 6757, 6817]@{}
http://www.comp.hkbu.edu.hk/v1/?page=home?=tc?=tc?=tc@[2449, 2985, 4333, 4375, 4418, 4462, 4507, 4515, 4562, 4872, 4910, 4938, 4968, 4998, 5032, 5100, 5124, 5669, 5693, 6121, 6148, 6183, 6227, 6264, 6303, 6340, 6418, 6443, 6463, 6489, 6511, 6548, 6570, 6629, 6656, 6686, 6714, 6747, 6817]@{}
http://www.comp.hkbu.edu.hk/v1/?page=job_vacancies@[1997, 2527, 3876, 3918, 3961, 4005, 4050, 4058, 4103, 4330]@{}
http://www.comp.hkbu.edu.hk/v1/?page=job_vacancies?=tc?=tc?=tc?=tc?=tc?=tc@[2449, 2991, 4340, 4382, 4425, 4469, 4514, 4522, 4569, 4876, 4914, 4942, 4972, 5002, 5036, 5104, 5128, 5673, 5697, 6125, 6152, 6187, 6231, 6268, 6308, 6345, 6418, 6443, 6463, 6489, 6511, 6548, 6570, 6629, 6656, 6686, 6714, 6747, 6807]@{}
http://www.comp.hkbu.edu.hk/v1/?page=job_vacancies?=sc?=tc?=tc?=tc?=tc?=tc@[2449, 2991, 4339, 4381, 4424, 4468, 4513, 4521, 4568, 4875, 4913, 4941, 4971, 5001, 5035, 5103, 5127, 5672, 5696, 6124, 6151, 6186, 6229, 6266, 6310, 6347, 6426, 6451, 6471, 6497, 6519, 6556, 6578, 6637, 6664, 6695, 6731, 6764, 6834]@{}
http://www.comp.hkbu.edu.hk/v1/?page=sitemap?=tc?=tc?=tc?=tc?=tc?=tc@[2449, 2991, 4339, 4381, 4424, 4468, 4513, 4521, 4568, 4879, 4917, 4945, 4975, 5005, 5039, 5107, 5131, 5676, 5700, 6128, 6155, 6190, 6232, 6269, 6304, 6341, 6415, 6440, 6460, 6486, 6508, 6545, 6567, 6626, 6653, 6684, 6723, 6756, 6824]@{}
http://www.comp.hkbu.edu.hk/v1/?page=sitemap?=sc?=tc?=tc?=tc?=tc?=tc@[2449, 2991, 4340, 4382, 4425, 4469, 4514, 4522, 4569, 4897, 4935, 4963, 4993, 5023, 5057, 5125, 5149, 5694, 5718, 6146, 6173, 6208, 6253, 6290, 6323, 6360, 6434, 6459, 6479, 6505, 6527, 6564, 6586, 6645, 6672, 6703, 6736, 6769, 6834]@{}
http://www.comp.hkbu.edu.hk/v1/?page=home?=tc?=tc?=tc?=tc@[2449, 2987, 4336, 4378, 4421, 4465, 4510, 4518, 4565, 4878, 4916, 4944, 4974, 5004, 5038, 5106, 5130, 5675, 5699, 6127, 6154, 6189, 6231, 6268, 6306, 6343, 6416, 6441, 6461, 6487, 6509, 6546, 6568, 6627, 6654, 6685, 6725, 6758, 6818]@{}
http://www.comp.hkbu.edu.hk/v1/?page=job_vacancies?=tc?=tc?=tc?=tc?=tc?=tc?=tc@[2449, 2993, 4342, 4384, 4427, 4471, 4516, 4524, 4571, 4880, 4918, 4946, 4976, 5006, 5040, 5108, 5132, 5677, 5701, 6129, 6156, 6191, 6235, 6272, 6310, 6347, 6414, 6439, 6459, 6485, 6507, 6544, 6566, 6625, 6652, 6682, 6710, 6743, 6806]@{}
http://www.comp.hkbu.edu.hk/v1/?page=job_vacancies?=sc?=tc?=tc?=tc?=tc?=tc?=tc@[2449, 2993, 4342, 4384, 4427, 4471, 4516, 4524, 4571, 4877, 4915, 4943, 4973, 5003, 5037, 5105, 5129, 5674, 5698, 6126, 6153, 6188, 6230, 6267, 6303, 6340, 6414, 6439, 6459, 6485, 6507, 6544, 6566, 6625, 6652, 6683, 6732, 6765, 6826]@{}
http://www.comp.hkbu.edu.hk/v1/?page=sitemap?=tc?=tc?=tc?=tc?=tc?=tc?=tc@[2449, 2993, 4341, 4383, 4426, 4470, 4515, 4523, 4570, 4879, 4917, 4945, 4975, 5005, 5039, 5107, 5131, 5676, 5700, 6128, 6155, 6190, 6228, 6265, 6301, 6338, 6411, 6436, 6456, 6482, 6504, 6541, 6563, 6622, 6649, 6679, 6707, 6740, 6806]@{}
http://www.comp.hkbu.edu.hk/v1/?page=sitemap?=sc?=tc?=tc?=tc?=tc?=tc?=tc@[2449, 2993, 4341, 4383, 4426, 4470, 4515, 4523, 4570, 4881, 4919, 4947, 4977, 5007, 5041, 5109, 5133, 5678, 5702, 6130, 6157, 6192, 6229, 6266, 6310, 6347, 6426, 6451, 6471, 6497, 6519, 6556, 6578, 6637, 6664, 6695, 6737, 6770, 6827]@{}
http://www.comp.hkbu.edu.hk/v1/?page=home?=tc?=tc?=tc?=tc?=tc@[2449, 2989, 4338, 4380, 4423, 4467, 4512, 4520, 4567, 4881, 4919, 4947, 4977, 5007, 5041, 5109, 5133, 5678, 5702, 6130, 6157, 6192, 6234, 6271, 6310, 6347, 6420, 6445, 6465, 6491, 6513, 6550, 6572, 6631, 6658, 6689, 6738, 6771, 6831]@{}
http://www.comp.hkbu.edu.hk/v1/?page=job_vacancies?=tc?=tc?=tc?=tc?=tc?=tc?=tc?=tc@[2449, 2995, 4344, 4386, 4429, 4473, 4518, 4526, 4573, 4896, 4934, 4962, 4992, 5022, 5056, 5124, 5148, 5693, 5717, 6145, 6172, 6207, 6249, 6286, 6330, 6367, 6434, 6459, 6479, 6505, 6527, 6564, 6586, 6645, 6672, 6703, 6750, 6783, 6849]@{}
http://www.comp.hkbu.edu.hk/v1/?page=job_vacancies?=sc?=tc?=tc?=tc?=tc?=tc?=tc?=tc@[2449, 2995, 4344, 4386, 4429, 4473, 4518, 4526, 4573, 4880, 4918, 4946, 4976, 5006, 5040, 5108, 5132, 5677, 5701, 6129, 6156, 6191, 6235, 6272, 6317, 6354, 6430, 6455, 6475, 6501, 6523, 6560, 6582, 6641, 6668, 6699, 6732, 6765, 6828]@{}
http://www.comp.hkbu.edu.hk/v1/?page=sitemap?=tc?=tc?=tc?=tc?=tc?=tc?=tc?=tc@[2449, 2995, 4344, 4386, 4429, 4473, 4518, 4526, 4573, 4883, 4921, 4949, 4979, 5009, 5043, 5111, 5135, 5680, 5704, 6132, 6159, 6194, 6230, 6267, 6303, 6340, 6415, 6440, 6460, 6486, 6508, 6545, 6567, 6626, 6653, 6684, 6729, 6762, 6819]@{}
http://www.comp.hkbu.edu.hk/v1/?page=sitemap?=sc?=tc?=tc?=tc?=tc?=tc?=tc?=tc@[2449, 2995, 4344, 4386, 4429, 4473, 4518, 4526, 4573, 4897, 4935, 4963, 4993, 5023, 5057, 5125, 5149, 5694, 5718, 6146, 6173, 6208, 6253, 6290, 6326, 6363, 6441, 6466, 6486, 6512, 6534, 6571, 6593, 6652, 6679, 6709, 6737, 6770, 6827]@{}
http://www.comp.hkbu.edu.hk/v1/?page=sitemap@[1995, 2525, 3873, 3915, 3958, 4002, 4047, 4055, 4100, 5690]@{}
http://www.comp.hkbu.edu.hk/v1/?page=home?=tc?=tc?=tc?=tc?=tc?=tc@[2449, 2991, 4339, 4381, 4424, 4468, 4513, 4521, 4568, 4882, 4920, 4948, 4978, 5008, 5042, 5110, 5134, 5679, 5703, 6131, 6158, 6193, 6238, 6275, 6313, 6350, 6427, 6452, 6472, 6498, 6520, 6557, 6579, 6638, 6665, 6696, 6738, 6771, 6827]@{}
http://www.comp.hkbu.edu.hk/v1/?page=job_vacancies?=tc?=tc?=tc?=tc?=tc?=tc?=tc?=tc?=tc@[2449, 2997, 4346, 4388, 4431, 4475, 4520, 4528, 4575, 4896, 4934, 4962, 4992, 5022, 5056, 5124, 5148, 5693, 5717, 6145, 6172, 6207, 6246, 6283, 6323, 6360, 6433, 6458, 6478, 6504, 6526, 6563, 6585, 6644, 6671, 6702, 6742, 6774, 6823]@{}
http://www.comp.hkbu.edu.hk/v1/?page=job_vacancies?=sc?=tc?=tc?=tc?=tc?=tc?=tc?=tc?=tc@[2449, 2997, 4346, 4388, 4431, 4475, 4520, 4528, 4575, 4895, 4933, 4961, 4991, 5021, 5055, 5123, 5147, 5692, 5716, 6144, 6171, 6206, 6245, 6282, 6326, 6363, 6437, 6462, 6482, 6508, 6530, 6567, 6589, 6648, 6675, 6706, 6748, 6781, 6835]@{}
http://www.comp.hkbu.edu.hk/v1/?page=sitemap?=tc?=tc?=tc?=tc?=tc?=tc?=tc?=tc?=tc@[2449, 2997, 4345, 4387, 4430, 4474, 4519, 4527, 4574, 4880, 4918, 4946, 4976, 5006, 5040, 5108, 5132, 5677, 5701, 6129, 6156, 6191, 6235, 6272, 6311, 6348, 6415, 6440, 6460, 6486, 6508, 6545, 6567, 6626, 6653, 6683, 6711, 6744, 6803]@{}
http://www.comp.hkbu.edu.hk/v1/?page=sitemap?=sc?=tc?=tc?=tc?=tc?=tc?=tc?=tc?=tc@[2449, 2997, 4345, 4387, 4430, 4474, 4519, 4527, 4574, 4898, 4936, 4964, 4994, 5024, 5058, 5126, 5150, 5695, 5719, 6147, 6174, 6209, 6249, 6286, 6326, 6363, 6439, 6464, 6484, 6510, 6532, 6569, 6591, 6650, 6677, 6708, 6748, 6780, 6829]@{}
http://www.comp.hkbu.edu.hk/v1/?lang=tc@[2449, 2975, 4323, 4365, 4408, 4452, 4497, 4505, 4552, 4880, 4918, 4946, 4976, 5006, 5040, 5108, 5132, 5677, 5701, 6129, 6156, 6191, 6235, 6272, 6311, 6348, 6427, 6452, 6472, 6498, 6520, 6557, 6579, 6638, 6665, 6696, 6732, 6765, 6831]@{}
http://www.sci.hkbu.edu.hk/eng/page/@[2563, 2975, 2983, 2992, 3002, 3010, 3021, 3035, 3044]@{}
