http://library.hkbu.edu.hk/@[22]@{}
http://www.comp.hkbu.edu.hk@[2242, 2250, 2258, 2266, 2274, 2284, 2293, 2301, 2309, 2317, 2325, 2344, 2364, 4149, 4156, 4162, 5142, 5194, 5248, 5269, 5290, 5311, 5330, 5347, 5360, 5383, 5407, 5433, 5456, 5478, 5484, 5494, 5499, 5507, 6998, 7011, 7024]@{}
http://www.comp.hkbu.edu.hk/v1/?page=sci@[234, 606, 612, 869, 2161, 2185, 4253, 4917, 4932, 5054, 5108, 5153, 5160, 5187, 5200, 5213, 5226, 5239, 5273, 5307, 5341, 5375, 5409, 5439, 5469, 5499, 5529, 5777, 5797, 5802, 5822, 5845, 5870, 5884, 5891, 5906, 5913, 5927, 5934, 5949, 5956, 5975, 6189, 6203, 6215, 6575, 6596, 6602, 6607, 6637, 6657, 6665, 6766, 6790, 6866, 6919, 6960, 7015, 7053, 7111, 7170, 8102, 8144, 8164, 8270, 8283, 8297]@{}
http://www.comp.hkbu.edu.hk/v1/?page=job_vacancies?=tc@[2242, 2250, 2258, 2266, 2274, 2284, 2293, 2301, 2309, 2317, 2325, 2344, 2364, 4155, 4162, 4168, 5138, 5190, 5244, 5265, 5286, 5307, 5326, 5343, 5356, 5379, 5403, 5429, 5452, 5474, 5480, 5490, 5495, 5503, 6974, 6987, 7000]@{}
http://www.comp.hkbu.edu.hk/v1/?page=job_vacancies?=sc@[2242, 2250, 2258, 2266, 2274, 2284, 2293, 2301, 2309, 2317, 2325, 2344, 2364, 4155, 4162, 4168, 5138, 5190, 5244, 5265, 5286, 5307, 5326, 5343, 5356, 5379, 5403, 5429, 5452, 5474, 5480, 5490, 5495, 5503, 6983, 6996, 7009]@{}
http://www.comp.hkbu.edu.hk/v1/?page=sitemap?=tc@[2242, 2250, 2258, 2266, 2274, 2284, 2293, 2301, 2309, 2317, 2325, 2344, 2364, 4154, 4161, 4167, 5134, 5186, 5240, 5261, 5282, 5303, 5322, 5339, 5352, 5375, 5399, 5425, 5448, 5470, 5476, 5486, 5491, 5499, 6986, 6999, 7012]@{}
http://www.comp.hkbu.edu.hk/v1/?page=sitemap?=sc@[2242, 2250, 2258, 2266, 2274, 2284, 2293, 2301, 2309, 2317, 2325, 2344, 2364, 4154, 4161, 4167, 5133, 5185, 5239, 5260, 5281, 5302, 5321, 5338, 5351, 5374, 5398, 5424, 5447, 5469, 5475, 5485, 5490, 5498, 7001, 7014, 7027]@{}
http://www.comp.hkbu.edu.hk/v1/?lang=sc@[2242, 2250, 2258, 2266, 2274, 2284, 2293, 2301, 2309, 2317, 2325, 2344, 2364, 4149, 4156, 4162, 5129, 5181, 5235, 5256, 5277, 5298, 5317, 5334, 5347, 5370, 5394, 5420, 5443, 5465, 5471, 5481, 5486, 5494, 6967, 6980, 6993]@{}
http://www.comp.hkbu.edu.hk/~alumni/news/../news/@[639, 5078, 5085]@{}
http://www.comp.hkbu.edu.hk/~alumni/news/../scholarship/@[910, 917]@{}
http://www.comp.hkbu.edu.hk/~alumni/news/../donation/@[1400, 1407]@{}
http://www.comp.hkbu.edu.hk/v1/?page=job_vacancies?=tc?=tc@[2242, 2250, 2258, 2266, 2274, 2284, 2293, 2301, 2309, 2317, 2325, 2344, 2364, 4156, 4163, 4169, 5135, 5187, 5241, 5262, 5283, 5304, 5323, 5340, 5353, 5376, 5400, 5426, 5449, 5471, 5477, 5487, 5492, 5500, 6988, 7001, 7014]@{}
http://www.comp.hkbu.edu.hk/v1/?page=job_vacancies?=sc?=tc@[2242, 2250, 2258, 2266, 2274, 2284, 2293, 2301, 2309, 2317, 2325, 2344, 2364, 4156, 4163, 4169, 5145, 5197, 5251, 5272, 5293, 5314, 5333, 5350, 5363, 5386, 5410, 5436, 5459, 5481, 5487, 5497, 5502, 5510, 7017, 7030, 7043]@{}
http://www.comp.hkbu.edu.hk/v1/?page=sitemap?=tc?=tc@[2242, 2250, 2258, 2266, 2274, 2284, 2293, 2301, 2309, 2317, 2325, 2344, 2364, 4156, 4163, 4169, 5135, 5187, 5241, 5262, 5283, 5304, 5323, 5340, 5353, 5376, 5400, 5426, 5449, 5471, 5477, 5487, 5492, 5500, 6979, 6992, 7005]@{}
http://www.comp.hkbu.edu.hk/v1/?page=sitemap?=sc?=tc@[2242, 2250, 2258, 2266, 2274, 2284, 2293, 2301, 2309, 2317, 2325, 2344, 2364, 4156, 4163, 4169, 5149, 5201, 5255, 5276, 5297, 5318, 5337, 5354, 5367, 5390, 5414, 5440, 5463, 5485, 5491, 5501, 5506, 5514, 7006, 7019, 7032]@{}
http://www.comp.hkbu.edu.hk/v1/?page=home@[2242, 2250, 2258, 2266, 2274, 2284, 2293, 2301, 2309, 2317, 2325, 2344, 2364, 4152, 4159, 4165, 5127, 5179, 5233, 5254, 5275, 5296, 5315, 5332, 5345, 5368, 5392, 5418, 5441, 5463, 5469, 5479, 5484, 5492, 6971, 6984, 6997]@{}
http://www.comp.hkbu.edu.hk/~alumni/news/../news/../news/@[639, 5078, 5085]@{}
http://www.comp.hkbu.edu.hk/~alumni/news/../scholarship/../news/@[639, 5078, 5085]@{}
http://www.comp.hkbu.edu.hk/~alumni/news/../donation/../news/@[639, 5078, 5085]@{}
http://www.comp.hkbu.edu.hk/v1/?page=job_vacancies?=tc?=tc?=tc@[2242, 2250, 2258, 2266, 2274, 2284, 2293, 2301, 2309, 2317, 2325, 2344, 2364, 4159, 4166, 4172, 5149, 5201, 5255, 5276, 5297, 5318, 5337, 5354, 5367, 5390, 5414, 5440, 5463, 5485, 5491, 5501, 5506, 5514, 7014, 7027, 7040]@{}
http://www.comp.hkbu.edu.hk/v1/?page=job_vacancies?=sc?=tc?=tc@[2242, 2250, 2258, 2266, 2274, 2284, 2293, 2301, 2309, 2317, 2325, 2344, 2364, 4158, 4165, 4171, 5133, 5185, 5239, 5260, 5281, 5302, 5321, 5338, 5351, 5374, 5398, 5424, 5447, 5469, 5475, 5485, 5490, 5498, 6983, 6996, 7009]@{}
http://www.comp.hkbu.edu.hk/v1/?page=sitemap?=tc?=tc?=tc@[2242, 2250, 2258, 2266, 2274, 2284, 2293, 2301, 2309, 2317, 2325, 2344, 2364, 4159, 4166, 4172, 5139, 5191, 5245, 5266, 5287, 5308, 5327, 5344, 5357, 5380, 5404, 5430, 5453, 5475, 5481, 5491, 5496, 5504, 7011, 7024, 7037]@{}
http://www.comp.hkbu.edu.hk/v1/?page=sitemap?=sc?=tc?=tc@[2242, 2250, 2258, 2266, 2274, 2284, 2293, 2301, 2309, 2317, 2325, 2344, 2364, 4159, 4166, 4172, 5142, 5194, 5248, 5269, 5290, 5311, 5330, 5347, 5360, 5383, 5407, 5433, 5456, 5478, 5484, 5494, 5499, 5507, 7014, 7027, 7040]@{}
http://www.comp.hkbu.edu.hk/v1/?page=library@[22]@{}
http://www.comp.hkbu.edu.hk/v1/?page=home?=tc@[2242, 2250, 2258, 2266, 2274, 2284, 2293, 2301, 2309, 2317, 2325, 2344, 2364, 4154, 4161, 4167, 5137, 5189, 5243, 5264, 5285, 5306, 5325, 5342, 5355, 5378, 5402, 5428, 5451, 5473, 5479, 5489, 5494, 5502, 6999, 7012, 7025]@{}
http://www.comp.hkbu.edu.hk/~alumni/news/../news/../news/../news/@[639, 5078, 5085]@{}
http://www.comp.hkbu.edu.hk/~alumni/news/../scholarship/../news/../news/@[639, 5078, 5085]@{}
http://www.comp.hkbu.edu.hk/~alumni/news/../donation/../news/../news/@[639, 5078, 5085]@{}
http://www.comp.hkbu.edu.hk/v1/?page=job_vacancies?=tc?=tc?=tc?=tc@[2242, 2250, 2258, 2266, 2274, 2284, 2293, 2301, 2309, 2317, 2325, 2344, 2364, 4161, 4168, 4174, 5150, 5202, 5256, 5277, 5298, 5319, 5338, 5355, 5368, 5391, 5415, 5441, 5464, 5486, 5492, 5502, 5507, 5515, 6994, 7007, 7020]@{}
http://www.comp.hkbu.edu.hk/v1/?page=job_vacancies?=sc?=tc?=tc?=tc@[2242, 2250, 2258, 2266, 2274, 2284, 2293, 2301, 2309, 2317, 2325, 2344, 2364, 4161, 4168, 4174, 5151, 5203, 5257, 5278, 5299, 5320, 5339, 5356, 5369, 5392, 5416, 5442, 5465, 5487, 5493, 5503, 5508, 5516, 6982, 6995, 7008]@{}
http://www.comp.hkbu.edu.hk/v1/?page=sitemap?=tc?=tc?=tc?=tc@[2242, 2250, 2258, 2266, 2274, 2284, 2293, 2301, 2309, 2317, 2325, 2344, 2364, 4160, 4167, 4173, 5139, 5191, 5245, 5266, 5287, 5308, 5327, 5344, 5357, 5380, 5404, 5430, 5453, 5475, 5481, 5491, 5496, 5504, 7000, 7013, 7026]@{}
http://www.comp.hkbu.edu.hk/v1/?page=sitemap?=sc?=tc?=tc?=tc@[2242, 2250, 2258, 2266, 2274, 2284, 2293, 2301, 2309, 2317, 2325, 2344, 2364, 4160, 4167, 4173, 5150, 5202, 5256, 5277, 5298, 5319, 5338, 5355, 5368, 5391, 5415, 5441, 5464, 5486, 5492, 5502, 5507, 5515, 7008, 7021, 7034]@{}
http://www.comp.hkbu.edu.hk/v1/?page=home?=tc?=tc@[2242, 2250, 2258, 2266, 2274, 2284, 2293, 2301, 2309, 2317, 2325, 2344, 2364, 4156, 4163, 4169, 5139, 5191, 5245, 5266, 5287, 5308, 5327, 5344, 5357, 5380, 5404, 5430, 5453, 5475, 5481, 5491, 5496, 5504, 6982, 6995, 7008]@{}
http://www.comp.hkbu.edu.hk/~alumni/news/../news/../news/../news/../news/@[639, 5078, 5085]@{}
http://www.comp.hkbu.edu.hk/v1/?page=alumni@[175, 182]@{}
http://www.comp.hkbu.edu.hk/~alumni/news/../scholarship/../news/../news/../news/@[639, 5078, 5085]@{}
http://www.comp.hkbu.edu.hk/~alumni/news/../donation/../news/../news/../news/@[639, 5078, 5085]@{}
http://www.comp.hkbu.edu.hk/v1/?page=job_vacancies?=tc?=tc?=tc?=tc?=tc@[2242, 2250, 2258, 2266, 2274, 2284, 2293, 2301, 2309, 2317, 2325, 2344, 2364, 4163, 4170, 4176, 5153, 5205, 5259, 5280, 5301, 5322, 5341, 5358, 5371, 5394, 5418, 5444, 5467, 5489, 5495, 5505, 5510, 5518, 6989, 7002, 7015]@{}
http://www.comp.hkbu.edu.hk/v1/?page=job_vacancies?=sc?=tc?=tc?=tc?=tc@[2242, 2250, 2258, 2266, 2274, 2284, 2293, 2301, 2309, 2317, 2325, 2344, 2364, 4162, 4169, 4175, 5138, 5190, 5244, 5265, 5286, 5307, 5326, 5343, 5356, 5379, 5403, 5429, 5452, 5474, 5480, 5490, 5495, 5503, 6991, 7004, 7017]@{}
http://www.comp.hkbu.edu.hk/v1/?page=sitemap?=tc?=tc?=tc?=tc?=tc@[2242, 2250, 2258, 2266, 2274, 2284, 2293, 2301, 2309, 2317, 2325, 2344, 2364, 4163, 4170, 4176, 5146, 5198, 5252, 5273, 5294, 5315, 5334, 5351, 5364, 5387, 5411, 5437, 5460, 5482, 5488, 5498, 5503, 5511, 7011, 7024, 7037]@{}
http://www.comp.hkbu.edu.hk/v1/?page=sitemap?=sc?=tc?=tc?=tc?=tc@[2242, 2250, 2258, 2266, 2274, 2284, 2293, 2301, 2309, 2317, 2325, 2344, 2364, 4162, 4169, 4175, 5152, 5204, 5258, 5279, 5300, 5321, 5340, 5357, 5370, 5393, 5417, 5443, 5466, 5488, 5494, 5504, 5509, 5517, 6996, 7009, 7022]@{}
http://www.comp.hkbu.edu.hk/v1/?page=home?=tc?=tc?=tc@[2242, 2250, 2258, 2266, 2274, 2284, 2293, 2301, 2309, 2317, 2325, 2344, 2364, 4158, 4165, 4171, 5137, 5189, 5243, 5264, 5285, 5306, 5325, 5342, 5355, 5378, 5402, 5428, 5451, 5473, 5479, 5489, 5494, 5502, 6996, 7009, 7022]@{}
http://www.comp.hkbu.edu.hk/~alumni/news/../news/../news/../news/../news/../news/@[639, 5078, 5085]@{}
http://www.comp.hkbu.edu.hk/~alumni/news/../scholarship/../news/../news/../news/../news/@[639, 5078, 5085]@{}
http://www.comp.hkbu.edu.hk/~alumni/news/../donation/../news/../news/../news/../news/@[639, 5078, 5085]@{}
http://www.comp.hkbu.edu.hk/v1/?page=job_vacancies@[1790, 1798, 1806, 1814, 1822, 1832, 1841, 1849, 1857, 1865, 1873, 1892, 1912, 3701, 3708, 3714, 4499, 4512, 4525]@{}
http://www.comp.hkbu.edu.hk/v1/?page=job_vacancies?=tc?=tc?=tc?=tc?=tc?=tc@[2242, 2250, 2258, 2266, 2274, 2284, 2293, 2301, 2309, 2317, 2325, 2344, 2364, 4165, 4172, 4178, 5141, 5193, 5247, 5268, 5289, 5310, 5329, 5346, 5359, 5382, 5406, 5432, 5455, 5477, 5483, 5493, 5498, 5506, 6986, 6999, 7012]@{}
http://www.comp.hkbu.edu.hk/v1/?page=job_vacancies?=sc?=tc?=tc?=tc?=tc?=tc@[2242, 2250, 2258, 2266, 2274, 2284, 2293, 2301, 2309, 2317, 2325, 2344, 2364, 4164, 4171, 4177, 5140, 5192, 5246, 5267, 5288, 5309, 5328, 5345, 5358, 5381, 5405, 5431, 5454, 5476, 5482, 5492, 5497, 5505, 7013, 7026, 7039]@{}
http://www.comp.hkbu.edu.hk/v1/?page=sitemap?=tc?=tc?=tc?=tc?=tc?=tc@[2242, 2250, 2258, 2266, 2274, 2284, 2293, 2301, 2309, 2317, 2325, 2344, 2364, 4164, 4171, 4177, 5144, 5196, 5250, 5271, 5292, 5313, 5332, 5349, 5362, 5385, 5409, 5435, 5458, 5480, 5486, 5496, 5501, 5509, 7003, 7016, 7029]@{}
http://www.comp.hkbu.edu.hk/v1/?page=sitemap?=sc?=tc?=tc?=tc?=tc?=tc@[2242, 2250, 2258, 2266, 2274, 2284, 2293, 2301, 2309, 2317, 2325, 2344, 2364, 4165, 4172, 4178, 5162, 5214, 5268, 5289, 5310, 5331, 5350, 5367, 5380, 5403, 5427, 5453, 5476, 5498, 5504, 5514, 5519, 5527, 7013, 7026, 7039]@{}
http://www.comp.hkbu.edu.hk/v1/?page=home?=tc?=tc?=tc?=tc@[2242, 2250, 2258, 2266, 2274, 2284, 2293, 2301, 2309, 2317, 2325, 2344, 2364, 4161, 4168, 4174, 5143, 5195, 5249, 5270, 5291, 5312, 5331, 5348, 5361, 5384, 5408, 5434, 5457, 5479, 5485, 5495, 5500, 5508, 6997, 7010, 7023]@{}
http://www.comp.hkbu.edu.hk/~alumni/news/../news/../news/../news/../news/../news/../news/@[639, 5078, 5085]@{}
http://www.comp.hkbu.edu.hk/~alumni/news/../scholarship/../news/../news/../news/../news/../news/@[639, 5078, 5085]@{}
http://www.comp.hkbu.edu.hk/~alumni/news/../donation/../news/../news/../news/../news/../news/@[639, 5078, 5085]@{}
http://www.comp.hkbu.edu.hk/v1/?page=job_vacancies?=tc?=tc?=tc?=tc?=tc?=tc?=tc@[2242, 2250, 2258, 2266, 2274, 2284, 2293, 2301, 2309, 2317, 2325, 2344, 2364, 4167, 4174, 4180, 5145, 5197, 5251, 5272, 5293, 5314, 5333, 5350, 5363, 5386, 5410, 5436, 5459, 5481, 5487, 5497, 5502, 5510, 6985, 6998, 7011]@{}
http://www.comp.hkbu.edu.hk/v1/?page=job_vacancies?=sc?=tc?=tc?=tc?=tc?=tc?=tc@[2242, 2250, 2258, 2266, 2274, 2284, 2293, 2301, 2309, 2317, 2325, 2344, 2364, 4167, 4174, 4180, 5142, 5194, 5248, 5269, 5290, 5311, 5330, 5347, 5360, 5383, 5407, 5433, 5456, 5478, 5484, 5494, 5499, 5507, 7005, 7018, 7031]@{}
http://www.comp.hkbu.edu.hk/v1/?page=sitemap?=tc?=tc?=tc?=tc?=tc?=tc?=tc@[2242, 2250, 2258, 2266, 2274, 2284, 2293, 2301, 2309, 2317, 2325, 2344, 2364, 4166, 4173, 4179, 5144, 5196, 5250, 5271, 5292, 5313, 5332, 5349, 5362, 5385, 5409, 5435, 5458, 5480, 5486, 5496, 5501, 5509, 6985, 6998, 7011]@{}
http://www.comp.hkbu.edu.hk/v1/?page=sitemap?=sc?=tc?=tc?=tc?=tc?=tc?=tc@[2242, 2250, 2258, 2266, 2274, 2284, 2293, 2301, 2309, 2317, 2325, 2344, 2364, 4166, 4173, 4179, 5146, 5198, 5252, 5273, 5294, 5315, 5334, 5351, 5364, 5387, 5411, 5437, 5460, 5482, 5488, 5498, 5503, 5511, 7006, 7019, 7032]@{}
http://www.comp.hkbu.edu.hk/v1/?page=home?=tc?=tc?=tc?=tc?=tc@[2242, 2250, 2258, 2266, 2274, 2284, 2293, 2301, 2309, 2317, 2325, 2344, 2364, 4163, 4170, 4176, 5146, 5198, 5252, 5273, 5294, 5315, 5334, 5351, 5364, 5387, 5411, 5437, 5460, 5482, 5488, 5498, 5503, 5511, 7010, 7023, 7036]@{}
http://www.comp.hkbu.edu.hk/~alumni/news/../news/../news/../news/../news/../news/../news/../news/@[639, 5078, 5085]@{}
http://www.comp.hkbu.edu.hk/~alumni/news/../scholarship/../news/../news/../news/../news/../news/../news/@[639, 5078, 5085]@{}
http://www.comp.hkbu.edu.hk/~alumni/news/../donation/../news/../news/../news/../news/../news/../news/@[639, 5078, 5085]@{}
http://www.comp.hkbu.edu.hk/v1/?page=job_vacancies?=tc?=tc?=tc?=tc?=tc?=tc?=tc?=tc@[2242, 2250, 2258, 2266, 2274, 2284, 2293, 2301, 2309, 2317, 2325, 2344, 2364, 4169, 4176, 4182, 5161, 5213, 5267, 5288, 5309, 5330, 5349, 5366, 5379, 5402, 5426, 5452, 5475, 5497, 5503, 5513, 5518, 5526, 7028, 7041, 7054]@{}
http://www.comp.hkbu.edu.hk/v1/?page=job_vacancies?=sc?=tc?=tc?=tc?=tc?=tc?=tc?=tc@[2242, 2250, 2258, 2266, 2274, 2284, 2293, 2301, 2309, 2317, 2325, 2344, 2364, 4169, 4176, 4182, 5145, 5197, 5251, 5272, 5293, 5314, 5333, 5350, 5363, 5386, 5410, 5436, 5459, 5481, 5487, 5497, 5502, 5510, 7007, 7020, 7033]@{}
http://www.comp.hkbu.edu.hk/v1/?page=sitemap?=tc?=tc?=tc?=tc?=tc?=tc?=tc?=tc@[2242, 2250, 2258, 2266, 2274, 2284, 2293, 2301, 2309, 2317, 2325, 2344, 2364, 4169, 4176, 4182, 5148, 5200, 5254, 5275, 5296, 5317, 5336, 5353, 5366, 5389, 5413, 5439, 5462, 5484, 5490, 5500, 5505, 5513, 6998, 7011, 7024]@{}
http://www.comp.hkbu.edu.hk/v1/?page=sitemap?=sc?=tc?=tc?=tc?=tc?=tc?=tc?=tc@[2242, 2250, 2258, 2266, 2274, 2284, 2293, 2301, 2309, 2317, 2325, 2344, 2364, 4169, 4176, 4182, 5162, 5214, 5268, 5289, 5310, 5331, 5350, 5367, 5380, 5403, 5427, 5453, 5476, 5498, 5504, 5514, 5519, 5527, 7006, 7019, 7032]@{}
http://www.comp.hkbu.edu.hk/v1/?page=sitemap@[1788, 1796, 1804, 1812, 1820, 1830, 1839, 1847, 1855, 1863, 1871, 1890, 1910, 3698, 3705, 3711, 5859, 5872, 5885]@{}
http://www.comp.hkbu.edu.hk/v1/?page=home?=tc?=tc?=tc?=tc?=tc?=tc@[2242, 2250, 2258, 2266, 2274, 2284, 2293, 2301, 2309, 2317, 2325, 2344, 2364, 4164, 4171, 4177, 5147, 5199, 5253, 5274, 5295, 5316, 5335, 5352, 5365, 5388, 5412, 5438, 5461, 5483, 5489, 5499, 5504, 5512, 7006, 7019, 7032]@{}
http://www.comp.hkbu.edu.hk/~alumni/news/../news/../news/../news/../news/../news/../news/../news/../news/@[639, 5078, 5085]@{}
http://www.comp.hkbu.edu.hk/~alumni/news/../scholarship/../news/../news/../news/../news/../news/../news/../news/@[639, 5078, 5085]@{}
http://www.comp.hkbu.edu.hk/~alumni/news/../donation/../news/../news/../news/../news/../news/../news/../news/@[639, 5078, 5085]@{}
http://www.comp.hkbu.edu.hk/v1/?page=job_vacancies?=tc?=tc?=tc?=tc?=tc?=tc?=tc?=tc?=tc@[2242, 2250, 2258, 2266, 2274, 2284, 2293, 2301, 2309, 2317, 2325, 2344, 2364, 4171, 4178, 4184, 5161, 5213, 5267, 5288, 5309, 5330, 5349, 5366, 5379, 5402, 5426, 5452, 5475, 5497, 5503, 5513, 5518, 5526, 7002, 7015, 7028]@{}
http://www.comp.hkbu.edu.hk/v1/?page=job_vacancies?=sc?=tc?=tc?=tc?=tc?=tc?=tc?=tc?=tc@[2242, 2250, 2258, 2266, 2274, 2284, 2293, 2301, 2309, 2317, 2325, 2344, 2364, 4171, 4178, 4184, 5160, 5212, 5266, 5287, 5308, 5329, 5348, 5365, 5378, 5401, 5425, 5451, 5474, 5496, 5502, 5512, 5517, 5525, 7014, 7027, 7040]@{}
http://www.comp.hkbu.edu.hk/v1/?page=sitemap?=tc?=tc?=tc?=tc?=tc?=tc?=tc?=tc?=tc@[2242, 2250, 2258, 2266, 2274, 2284, 2293, 2301, 2309, 2317, 2325, 2344, 2364, 4170, 4177, 4183, 5145, 5197, 5251, 5272, 5293, 5314, 5333, 5350, 5363, 5386, 5410, 5436, 5459, 5481, 5487, 5497, 5502, 5510, 6982, 6995, 7008]@{}
http://www.comp.hkbu.edu.hk/v1/?page=sitemap?=sc?=tc?=tc?=tc?=tc?=tc?=tc?=tc?=tc@[2242, 2250, 2258, 2266, 2274, 2284, 2293, 2301, 2309, 2317, 2325, 2344, 2364, 4170, 4177, 4183, 5163, 5215, 5269, 5290, 5311, 5332, 5351, 5368, 5381, 5404, 5428, 5454, 5477, 5499, 5505, 5515, 5520, 5528, 7008, 7021, 7034]@{}
http://www.comp.hkbu.edu.hk/v1/?lang=tc@[2242, 2250, 2258, 2266, 2274, 2284, 2293, 2301, 2309, 2317, 2325, 2344, 2364, 4148, 4155, 4161, 5145, 5197, 5251, 5272, 5293, 5314, 5333, 5350, 5363, 5386, 5410, 5436, 5459, 5481, 5487, 5497, 5502, 5510, 7010, 7023, 7036]@{}
http://www.comp.hkbu.edu.hk/~alumni/news/@[639, 5078, 5085]@{}
http://www.sci.hkbu.edu.hk/eng/page/?page=prospective-students@[234, 606, 612, 869, 2161, 2185, 3647, 3689, 3709, 3815, 3828, 3842]@{}
http://www.sci.hkbu.edu.hk/eng/page/?page=current-students@[234, 606, 612, 869, 2161, 2185, 3303, 3345, 3365, 3471, 3484, 3498]@{}
http://www.sci.hkbu.edu.hk/eng/page/@[234, 606, 612, 869, 2161, 2185, 3406, 3448, 3468, 3574, 3587, 3601]@{}
http://www.sci.hkbu.edu.hk/eng/about-us/honorary-doctorate@[234, 606, 612, 869, 2161, 2185, 3937, 3979, 3999, 4105, 4118, 4132]@{}
http://www.sci.hkbu.edu.hk/eng/about-us/distinguished-professorship/eng/page/?page=prospective-students@[234, 606, 612, 869, 2161, 2185, 4253, 4917, 4932, 5054, 5108, 5153, 5160, 5187, 5200, 5213, 5226, 5239, 5273, 5307, 5341, 5375, 5409, 5439, 5469, 5499, 5529, 5777, 5797, 5802, 5822, 5845, 5870, 5884, 5891, 5906, 5913, 5927, 5934, 5949, 5956, 5975, 6189, 6203, 6215, 6575, 6596, 6602, 6607, 6637, 6657, 6665, 6766, 6790, 6866, 6919, 6960, 7015, 7053, 7111, 7170, 8102, 8144, 8164, 8270, 8283, 8297]@{}
http://www.sci.hkbu.edu.hk/eng/about-us/honorary-doctorate/eng/page/?page=prospective-students@[234, 606, 612, 869, 2161, 2185, 4253, 4917, 4932, 5054, 5108, 5153, 5160, 5187, 5200, 5213, 5226, 5239, 5273, 5307, 5341, 5375, 5409, 5439, 5469, 5499, 5529, 5777, 5797, 5802, 5822, 5845, 5870, 5884, 5891, 5906, 5913, 5927, 5934, 5949, 5956, 5975, 6189, 6203, 6215, 6575, 6596, 6602, 6607, 6637, 6657, 6665, 6766, 6790, 6866, 6919, 6960, 7015, 7053, 7111, 7170, 8102, 8144, 8164, 8270, 8283, 8297]@{}
http://www.sci.hkbu.edu.hk/eng/about-us/distinguished-professor-of-science@[234, 606, 612, 869, 2161, 2185, 3753, 3795, 3815, 3921, 3934, 3948]@{}
http://www.sci.hkbu.edu.hk/eng/about-us/dr-kennedy-wong-distinguished-visiting-professorship-scheme@[234, 606, 612, 869, 2161, 2185, 3422, 3464, 3484, 3590, 3603, 3617]@{}
http://www.sci.hkbu.edu.hk/eng/about-us/distinguished-professor-of-science/eng/page/?page=prospective-students@[234, 606, 612, 869, 2161, 2185, 4253, 4917, 4932, 5054, 5108, 5153, 5160, 5187, 5200, 5213, 5226, 5239, 5273, 5307, 5341, 5375, 5409, 5439, 5469, 5499, 5529, 5777, 5797, 5802, 5822, 5845, 5870, 5884, 5891, 5906, 5913, 5927, 5934, 5949, 5956, 5975, 6189, 6203, 6215, 6575, 6596, 6602, 6607, 6637, 6657, 6665, 6766, 6790, 6866, 6919, 6960, 7015, 7053, 7111, 7170, 8102, 8144, 8164, 8270, 8283, 8297]@{}
http://www.sci.hkbu.edu.hk/eng/about-us/dr-kennedy-wong-distinguished-visiting-professorship-scheme/eng/page/?page=prospective-students@[234, 606, 612, 869, 2161, 2185, 4253, 4917, 4932, 5054, 5108, 5153, 5160, 5187, 5200, 5213, 5226, 5239, 5273, 5307, 5341, 5375, 5409, 5439, 5469, 5499, 5529, 5777, 5797, 5802, 5822, 5845, 5870, 5884, 5891, 5906, 5913, 5927, 5934, 5949, 5956, 5975, 6189, 6203, 6215, 6575, 6596, 6602, 6607, 6637, 6657, 6665, 6766, 6790, 6866, 6919, 6960, 7015, 7053, 7111, 7170, 8102, 8144, 8164, 8270, 8283, 8297]@{}
http://www.sci.hkbu.edu.hk/eng/page/eng/about-us/vision-mission@[234, 606, 612, 869, 2161, 2185, 4253, 4917, 4932, 5054, 5108, 5153, 5160, 5187, 5200, 5213, 5226, 5239, 5273, 5307, 5341, 5375, 5409, 5439, 5469, 5499, 5529, 5777, 5797, 5802, 5822, 5845, 5870, 5884, 5891, 5906, 5913, 5927, 5934, 5949, 5956, 5975, 6189, 6203, 6215, 6575, 6596, 6602, 6607, 6637, 6657, 6665, 6766, 6790, 6866, 6919, 6960, 7015, 7053, 7111, 7170, 8102, 8144, 8164, 8270, 8283, 8297]@{}
http://www.sci.hkbu.edu.hk/eng/page/eng/about-us/faculty-advisory-committee@[234, 606, 612, 869, 2161, 2185, 4253, 4917, 4932, 5054, 5108, 5153, 5160, 5187, 5200, 5213, 5226, 5239, 5273, 5307, 5341, 5375, 5409, 5439, 5469, 5499, 5529, 5777, 5797, 5802, 5822, 5845, 5870, 5884, 5891, 5906, 5913, 5927, 5934, 5949, 5956, 5975, 6189, 6203, 6215, 6575, 6596, 6602, 6607, 6637, 6657, 6665, 6766, 6790, 6866, 6919, 6960, 7015, 7053, 7111, 7170, 8102, 8144, 8164, 8270, 8283, 8297]@{}
http://www.sci.hkbu.edu.hk/eng@[234, 606, 612, 869, 2161, 2185, 4253, 4917, 4932, 5054, 5108, 5153, 5160, 5187, 5200, 5213, 5226, 5239, 5273, 5307, 5341, 5375, 5409, 5439, 5469, 5499, 5529, 5777, 5797, 5802, 5822, 5845, 5870, 5884, 5891, 5906, 5913, 5927, 5934, 5949, 5956, 5975, 6189, 6203, 6215, 6575, 6596, 6602, 6607, 6637, 6657, 6665, 6766, 6790, 6866, 6919, 6960, 7015, 7053, 7111, 7170, 8102, 8144, 8164, 8270, 8283, 8297]@{}
http://www.sci.hkbu.edu.hk/eng/about-us/vision-mission@[234, 606, 612, 869, 2161, 2185, 3326, 3368, 3388, 3494, 3507, 3521]@{}
http://www.sci.hkbu.edu.hk/eng/about-us/faculty-advisory-committee@[234, 606, 612, 869, 2161, 2185, 4080, 4122, 4142, 4248, 4261, 4275]@{}
http://www.sci.hkbu.edu.hk/eng/about-us/vision-mission/eng/page/?page=prospective-students@[234, 606, 612, 869, 2161, 2185, 4253, 4917, 4932, 5054, 5108, 5153, 5160, 5187, 5200, 5213, 5226, 5239, 5273, 5307, 5341, 5375, 5409, 5439, 5469, 5499, 5529, 5777, 5797, 5802, 5822, 5845, 5870, 5884, 5891, 5906, 5913, 5927, 5934, 5949, 5956, 5975, 6189, 6203, 6215, 6575, 6596, 6602, 6607, 6637, 6657, 6665, 6766, 6790, 6866, 6919, 6960, 7015, 7053, 7111, 7170, 8102, 8144, 8164, 8270, 8283, 8297]@{}
http://www.sci.hkbu.edu.hk/eng/about-us/faculty-advisory-committee/eng/page/?page=prospective-students@[234, 606, 612, 869, 2161, 2185, 4253, 4917, 4932, 5054, 5108, 5153, 5160, 5187, 5200, 5213, 5226, 5239, 5273, 5307, 5341, 5375, 5409, 5439, 5469, 5499, 5529, 5777, 5797, 5802, 5822, 5845, 5870, 5884, 5891, 5906, 5913, 5927, 5934, 5949, 5956, 5975, 6189, 6203, 6215, 6575, 6596, 6602, 6607, 6637, 6657, 6665, 6766, 6790, 6866, 6919, 6960, 7015, 7053, 7111, 7170, 8102, 8144, 8164, 8270, 8283, 8297]@{}
http://www.sci.hkbu.edu.hk/eng/about-us/distinguished-professorship@[234, 606, 612, 869, 2161, 2185, 2971, 3013, 3033, 3139, 3152, 3166]@{}
