http://www.comp.hkbu.edu.hk@[88, 91, 151]@[88, 91, 151]
https://www.comp.hkbu.edu.hk/v1/?page=job_vacancies@[82, 85, 165, 182]@[82, 85, 165, 182]
https://www.comp.hkbu.edu.hk/v1/?page=intranet@[81, 84, 109]@[81, 84, 109]
https://www.comp.hkbu.edu.hk/v1/?page=sitemap@[81, 84, 328, 334, 344, 378, 394, 411, 425, 456, 538, 541, 568]@[81, 84, 328, 334, 344, 378, 394, 411, 425, 456, 538, 541, 568]
https://www.comp.hkbu.edu.hk/v1/?page=home@[88, 91]@[88, 91]
https://www.comp.hkbu.edu.hk/v1/?page=about_us@[82, 85]@[82, 85]
https://iss.hkbu.edu.hk/buam/buam2/reset_pwd/verify_acct.seam@[19, 32]@[19, 32]
https://iss.hkbu.edu.hk/buam/buam2/change_pwd/index.seam@[42, 65]@[42, 65]
https://www.comp.hkbu.edu.hk/v1/?page=people@[81, 84]@[81, 84]
https://www.comp.hkbu.edu.hk/v1/?page=research@[80, 83]@[80, 83]
https://www.comp.hkbu.edu.hk/v1/?page=prospective_students@[82, 85]@[82, 85]
https://www.comp.hkbu.edu.hk/v1/?page=current_students@[82, 85]@[82, 85]
https://www.comp.hkbu.edu.hk/v1/?page=facilities@[81, 84, 108, 111]@[81, 84, 108, 111]
https://www.comp.hkbu.edu.hk/v1/?page=head@[83, 86, 180, 424, 440, 481]@[83, 86, 180, 424, 440, 481]
https://www.comp.hkbu.edu.hk/v1/?page=whats_new@[82, 85, 142, 283, 385, 427, 457, 490, 523, 546, 725, 813, 902, 992, 1018, 1049, 1059, 1078, 1107, 1128, 1142, 1235, 1248, 1267, 1324, 1344, 1490, 1501, 1519, 1563, 1604, 1708, 1721, 1767, 1789, 1855, 1860, 1886, 1914, 1943, 1994, 2024, 2031, 2040, 2068, 2073, 2081, 2102, 2111, 2136, 2193, 2253, 2286, 2320, 2325, 2393, 2404, 2442, 2501, 2584, 2650, 2791, 2804, 2846, 2898, 2916, 2929, 2952, 2966, 3007, 3055, 3072, 3085, 3098, 3128, 3150, 3162, 3191, 3210, 3321, 3361, 3400, 3423, 3448, 3454, 3529, 3543, 3567, 3597, 3642, 3648, 3784, 3794, 3804, 3828, 3856, 3877, 3926, 3970, 4015, 4019, 4034, 4112, 4145, 4188]@[82, 85, 142, 283, 385, 427, 457, 490, 523, 546, 725, 813, 902, 992, 1018, 1049, 1059, 1078, 1107, 1128, 1142, 1235, 1248, 1267, 1324, 1344, 1490, 1501, 1519, 1563, 1604, 1708, 1721, 1767, 1789, 1855, 1860, 1886, 1914, 1943, 1994, 2024, 2031, 2040, 2068, 2073, 2081, 2102, 2111, 2136, 2193, 2253, 2286, 2320, 2325, 2393, 2404, 2442, 2501, 2584, 2650, 2791, 2804, 2846, 2898, 2916, 2929, 2952, 2966, 3007, 3055, 3072, 3085, 3098, 3128, 3150, 3162, 3191, 3210, 3321, 3361, 3400, 3423, 3448, 3454, 3529, 3543, 3567, 3597, 3642, 3648, 3784, 3794, 3804, 3828, 3856, 3877, 3926, 3970, 4015, 4019, 4034, 4112, 4145, 4188]
https://iss.hkbu.edu.hk/buam/buam2/reset_pwd_alumni/verify_acct.seam@[16, 52, 61]@[16, 52, 61]
https://www.comp.hkbu.edu.hk/v1/?page=achievements@[82, 85]@[82, 85]
https://www.comp.hkbu.edu.hk/v1/?page=newsletter@[81, 84]@[81, 84]
https://www.comp.hkbu.edu.hk/v1/?page=dept_profile@[81, 84]@[81, 84]
https://www.comp.hkbu.edu.hk/v1/?page=video_introduction@[82, 85, 137, 142]@[82, 85, 137, 142]
https://www.comp.hkbu.edu.hk/v1/?page=contact@[82, 85]@[82, 85]
https://www.comp.hkbu.edu.hk/v1/?page=faculty@[82, 85]@[82, 85]
https://www.comp.hkbu.edu.hk/v1/?page=admin@[82, 85]@[82, 85]
https://www.comp.hkbu.edu.hk/v1/?page=research_staff@[82, 85]@[82, 85]
https://www.comp.hkbu.edu.hk/v1/?page=pg_students@[82, 85]@[82, 85]
https://www.comp.hkbu.edu.hk/v1/?page=research_areas@[81, 84]@[81, 84]
https://www.comp.hkbu.edu.hk/v1/?page=centres@[83, 86, 110, 171, 251, 257, 267, 322, 327]@[83, 86, 110, 171, 251, 257, 267, 322, 327]
https://www.comp.hkbu.edu.hk/v1/?page=funded_projects@[82, 85, 145, 200, 297, 317, 408, 423, 445, 470, 491, 562, 655, 672, 708, 712, 728, 772, 797, 851, 964, 979, 996, 1026, 1045, 1077, 1118, 1208, 1260, 1286, 1300, 1346, 1415, 1495, 1537, 1550, 1571, 1604, 1723, 1746, 1774, 1787, 1825, 1849, 1882, 1896, 1944, 1975, 2004, 2062, 2107, 2128, 2149, 2152, 2166, 2204, 2250, 2270, 2431, 2458, 2471, 2519, 2597, 2613, 2626, 2772, 2858, 2980, 3336, 3350, 3534, 3549, 3567, 3588, 3669, 3713, 3765, 3799, 3822, 3847, 3891, 3902, 3926]@[82, 85, 145, 200, 297, 317, 408, 423, 445, 470, 491, 562, 655, 672, 708, 712, 728, 772, 797, 851, 964, 979, 996, 1026, 1045, 1077, 1118, 1208, 1260, 1286, 1300, 1346, 1415, 1495, 1537, 1550, 1571, 1604, 1723, 1746, 1774, 1787, 1825, 1849, 1882, 1896, 1944, 1975, 2004, 2062, 2107, 2128, 2149, 2152, 2166, 2204, 2250, 2270, 2431, 2458, 2471, 2519, 2597, 2613, 2626, 2772, 2858, 2980, 3336, 3350, 3534, 3549, 3567, 3588, 3669, 3713, 3765, 3799, 3822, 3847, 3891, 3902, 3926]
https://www.comp.hkbu.edu.hk/v1/?page=journal_editorship@[82, 85]@[82, 85]
https://www.comp.hkbu.edu.hk/v1/?page=technical_reports@[82, 85, 135]@[82, 85, 135]
https://www.hkbu.edu.hk@[39]@[]
https://www.hkbu.edu.hk/eng/about/privacy.jsp@[39]@[]
https://www.comp.hkbu.edu.hk/v1/?pid=32@[81, 84, 207]@[81, 84, 207]
https://www.comp.hkbu.edu.hk/v1/?page=4_prospective_stud_ug_prog@[98, 101, 147]@[98, 101, 147]
https://www.comp.hkbu.edu.hk/v1/?page=4_prospective_stud_ug_prog_nj@[95, 98, 143]@[95, 98, 143]
https://www.comp.hkbu.edu.hk/v1/?page=prospective_stud_pg@[81, 84]@[81, 84]
https://www.comp.hkbu.edu.hk/v1/?page=mscais@[60, 94, 211]@[60, 94, 211]
https://www.comp.hkbu.edu.hk/v1/?page=mscitm@[61, 185]@[61, 185]
https://www.comp.hkbu.edu.hk/v1/?page=current_stud_ug@[81, 84, 108, 131, 158, 199, 215, 232, 246, 277]@[81, 84, 108, 131, 158, 199, 215, 232, 246, 277]
https://www.comp.hkbu.edu.hk/v1/?page=current_stud_pg@[81, 84]@[81, 84]
https://www.comp.hkbu.edu.hk/v1/?pid=273@[60, 94, 211]@[60, 94, 211]
https://www.comp.hkbu.edu.hk/v1/?pid=95@[61, 185]@[61, 185]
https://www.comp.hkbu.edu.hk/v1/?pid=128@[81, 84, 162]@[81, 84, 162]
https://www.comp.hkbu.edu.hk/v1/?pid=174@[1, 83, 86, 108, 116]@[83, 86, 108, 116]
https://www.comp.hkbu.edu.hk/v1/?pid=175@[1, 86, 89, 111, 122]@[86, 89, 111, 122]
https://www.comp.hkbu.edu.hk@[88, 91, 171]@[88, 91, 171]
https://www.comp.hkbu.edu.hk/v1/?page=facilities_teaching@[82, 85, 349, 409]@[82, 85, 349, 409]
https://www.comp.hkbu.edu.hk/v1/?page=facilities_research@[81, 84, 164, 180, 278, 282]@[81, 84, 164, 180, 278, 282]
https://www.comp.hkbu.edu.hk/msc/itm/en@[61, 185]@[61, 185]
https://www.comp.hkbu.edu.hk/v1/?page=news@[82, 85, 142, 283, 385, 427, 457, 490, 523, 546, 725, 813, 902, 992, 1018, 1049, 1059, 1078, 1107, 1128, 1142, 1235, 1248, 1267, 1324, 1344, 1490, 1501, 1519, 1563, 1604, 1708, 1721, 1767, 1789, 1855, 1860, 1886, 1914, 1943, 1994, 2024, 2031, 2040, 2068, 2073, 2081, 2102, 2111, 2136, 2193, 2253, 2286, 2320, 2325, 2393, 2404, 2442, 2501, 2584, 2650, 2791, 2804, 2846, 2898, 2916, 2929, 2952, 2966, 3007, 3055, 3072, 3085, 3098, 3128, 3150, 3162, 3191, 3210, 3321, 3361, 3400, 3423, 3448, 3454, 3529, 3543, 3567, 3597, 3642, 3648, 3784, 3794, 3804, 3828, 3856, 3877, 3926, 3970, 4015, 4019, 4034, 4112, 4145, 4188]@[82, 85, 142, 283, 385, 427, 457, 490, 523, 546, 725, 813, 902, 992, 1018, 1049, 1059, 1078, 1107, 1128, 1142, 1235, 1248, 1267, 1324, 1344, 1490, 1501, 1519, 1563, 1604, 1708, 1721, 1767, 1789, 1855, 1860, 1886, 1914, 1943, 1994, 2024, 2031, 2040, 2068, 2073, 2081, 2102, 2111, 2136, 2193, 2253, 2286, 2320, 2325, 2393, 2404, 2442, 2501, 2584, 2650, 2791, 2804, 2846, 2898, 2916, 2929, 2952, 2966, 3007, 3055, 3072, 3085, 3098, 3128, 3150, 3162, 3191, 3210, 3321, 3361, 3400, 3423, 3448, 3454, 3529, 3543, 3567, 3597, 3642, 3648, 3784, 3794, 3804, 3828, 3856, 3877, 3926, 3970, 4015, 4019, 4034, 4112, 4145, 4188]
https://www.comp.hkbu.edu.hk/v1/?page=events@[81, 84, 202, 214, 301, 411, 479, 521, 611, 629, 695, 750, 756, 775, 845, 884, 908, 971, 1040, 1072, 1084, 1125, 1143, 1212, 1260, 1309, 1401, 1411, 1442, 1496, 1500, 1554, 1626, 1821, 1838, 1854, 1865, 1875, 1972, 2011, 2052, 2057, 2080, 2107, 2116, 2311, 2389, 2444, 2499, 2534, 2624, 2669, 2763, 2775, 2809, 2822, 2831, 2863, 2894, 2911, 2929, 3030, 3109, 3134, 3207, 3226, 3249, 3258, 3275, 3321, 3475, 3508, 3634, 3644, 3655, 3716, 3735, 3780, 3799, 3809, 3826, 4142, 4217, 4317, 4338, 4354, 4367, 4389, 4426, 4436, 4484, 4655, 4686, 4838, 4951, 4980, 5005, 5017, 5047, 5086, 5208, 5245, 5311, 5431, 5443, 5487, 5512, 5524, 5541, 5557, 5628, 5692, 5711, 5752, 5762, 5821, 5928, 5951, 5975, 5983, 6086, 6169, 6240, 6261, 6345, 6436, 6480, 6516, 6583, 6607, 6669, 6745, 6809, 6858, 7004, 7011, 7032, 7043, 7052, 7070, 7097, 7136, 7208, 7234, 7280, 7319, 7340, 7466, 7477, 7494, 7509, 7517, 7541, 7564, 7601, 7652, 7686, 7741, 7776, 8006, 8023]@[81, 84, 202, 214, 301, 411, 479, 521, 611, 629, 695, 750, 756, 775, 845, 884, 908, 971, 1040, 1072, 1084, 1125, 1143, 1212, 1260, 1309, 1401, 1411, 1442, 1496, 1500, 1554, 1626, 1821, 1838, 1854, 1865, 1875, 1972, 2011, 2052, 2057, 2080, 2107, 2116, 2311, 2389, 2444, 2499, 2534, 2624, 2669, 2763, 2775, 2809, 2822, 2831, 2863, 2894, 2911, 2929, 3030, 3109, 3134, 3207, 3226, 3249, 3258, 3275, 3321, 3475, 3508, 3634, 3644, 3655, 3716, 3735, 3780, 3799, 3809, 3826, 4142, 4217, 4317, 4338, 4354, 4367, 4389, 4426, 4436, 4484, 4655, 4686, 4838, 4951, 4980, 5005, 5017, 5047, 5086, 5208, 5245, 5311, 5431, 5443, 5487, 5512, 5524, 5541, 5557, 5628, 5692, 5711, 5752, 5762, 5821, 5928, 5951, 5975, 5983, 6086, 6169, 6240, 6261, 6345, 6436, 6480, 6516, 6583, 6607, 6669, 6745, 6809, 6858, 7004, 7011, 7032, 7043, 7052, 7070, 7097, 7136, 7208, 7234, 7280, 7319, 7340, 7466, 7477, 7494, 7509, 7517, 7541, 7564, 7601, 7652, 7686, 7741, 7776, 8006, 8023]
https://www.comp.hkbu.edu.hk/v1/?page=awards_and_scholarships@[83, 86]@[83, 86]
https://www.comp.hkbu.edu.hk/v1/?pid=14@[82, 85, 137, 142]@[82, 85, 137, 142]
https://www.comp.hkbu.edu.hk/v1/?page=highlights@[81, 84, 213, 343, 374, 492, 547, 585, 605, 609, 625, 645, 669, 682, 695, 707, 764, 815, 822, 832, 877, 885, 900, 904, 938, 946, 966, 1100, 1126, 1156, 1185, 1238, 1256, 1272, 1307, 1367, 1401, 1465, 1480, 1553, 1577, 1648, 1662, 1773, 1862, 1874, 1911, 1976, 1987]@[81, 84, 213, 343, 374, 492, 547, 585, 605, 609, 625, 645, 669, 682, 695, 707, 764, 815, 822, 832, 877, 885, 900, 904, 938, 946, 966, 1100, 1126, 1156, 1185, 1238, 1256, 1272, 1307, 1367, 1401, 1465, 1480, 1553, 1577, 1648, 1662, 1773, 1862, 1874, 1911, 1976, 1987]
https://www.comp.hkbu.edu.hk/v1/?pid=16@[82, 85]@[82, 85]
https://www.comp.hkbu.edu.hk/outreach@[16, 52, 95, 107, 123, 144]@[16, 52, 95, 107, 123, 144]
https://www.comp.hkbu.edu.hk/v1/?page=career_wt@[83, 86, 141, 209]@[83, 86, 141, 209]
https://www.comp.hkbu.edu.hk/v1/?page=seminars@[84, 87]@[84, 87]
https://www.comp.hkbu.edu.hk/v1/?page=dlecture@[104, 248, 266, 358, 381, 391, 408, 412, 568, 586, 599, 628, 661, 686, 729, 743, 756, 879, 1099, 1225, 1237, 1260, 1269, 1351, 1466, 1481, 1536, 1742, 1841, 1852, 1939, 2051, 2123, 2232, 2421, 2550, 3044, 3142, 3169, 3241, 3410, 3691, 3736, 3891, 3899, 4019, 4271, 4326, 4688, 4832, 4850, 4914]@[104, 248, 266, 358, 381, 391, 408, 412, 568, 586, 599, 628, 661, 686, 729, 743, 756, 879, 1099, 1225, 1237, 1260, 1269, 1351, 1466, 1481, 1536, 1742, 1841, 1852, 1939, 2051, 2123, 2232, 2421, 2550, 3044, 3142, 3169, 3241, 3410, 3691, 3736, 3891, 3899, 4019, 4271, 4326, 4688, 4832, 4850, 4914]
https://www.comp.hkbu.edu.hk/v1/?page=conferences@[81, 84, 207]@[81, 84, 207]
https://www.comp.hkbu.edu.hk/v1/?pid=77@[81, 84, 227, 242, 699, 732, 1005]@[81, 84, 227, 242, 699, 732, 1005]
https://www.comp.hkbu.edu.hk/v1/?page=driving_direction@[82, 85]@[82, 85]
https://forms.gle/DjStXN8kEpUVwTW38@[1, 7]@[]
https://www.hkstp.org/en/about-us/event-and-activities/hong-kong-science-park-career-expo-2020-18-april-2020@[202, 247, 353, 456, 495]@[202, 247, 353, 456, 495]
https://www.comp.hkbu.edu.hk/v1/?pid=124@[87, 90, 135]@[87, 90, 135]
https://policies.google.com/terms@[52, 101, 204, 237, 455, 628, 638, 646, 670, 828, 919, 970, 1147, 1345, 1362, 1450, 1464, 1500, 1532, 1579, 1617, 1627, 1684, 1778, 1794, 1819, 1996, 2027, 2088, 2120, 2211, 2328, 2518, 2659, 2667, 2690, 2724, 2743, 2776, 2833, 2916, 2960, 3167, 3241, 3423, 3481, 3568, 3585, 3744, 3817]@[52, 101, 204, 237, 455, 628, 638, 646, 670, 828, 919, 970, 1147, 1345, 1362, 1450, 1464, 1500, 1532, 1579, 1617, 1627, 1684, 1778, 1794, 1819, 1996, 2027, 2088, 2120, 2211, 2328, 2518, 2659, 2667, 2690, 2724, 2743, 2776, 2833, 2916, 2960, 3167, 3241, 3423, 3481, 3568, 3585, 3744, 3817]
https://policies.google.com/privacy@[289, 295, 395, 801, 817, 900, 1044, 1050, 1108, 1164, 1191, 1295, 1316, 1373, 1411, 1450, 1461, 1515, 1520, 1528, 1600, 1607, 1643, 1654, 1755, 1871, 1929, 1964, 1969, 1985, 2067, 2072, 2079, 2111, 2187, 2213, 2245, 2258, 2604, 2687, 2733, 2754, 2792, 2915, 2948, 2967, 3057, 3076, 3097, 3109, 3231, 3260, 3573, 3613, 3717, 3724, 4111, 4126, 4165, 4178, 4210, 4246, 4273, 4304, 4413, 4604, 4629, 4822, 4975, 4978, 5209, 5231, 5293, 5350, 5383, 5426, 5435, 5455, 5709, 5766, 5780, 5784, 5805, 6018, 6085, 6131, 6154, 6163, 6303, 6362, 6384, 6422, 6476, 6525, 6561, 6589, 6608, 6650, 6679, 6689, 6730, 6765, 6800, 6812, 6977, 6983, 7044, 7069, 7086, 7106, 7114, 7125, 7137, 7181, 7219, 7315, 7349, 7380, 7388, 7403, 7519, 7568]@[289, 295, 395, 801, 817, 900, 1044, 1050, 1108, 1164, 1191, 1295, 1316, 1373, 1411, 1450, 1461, 1515, 1520, 1528, 1600, 1607, 1643, 1654, 1755, 1871, 1929, 1964, 1969, 1985, 2067, 2072, 2079, 2111, 2187, 2213, 2245, 2258, 2604, 2687, 2733, 2754, 2792, 2915, 2948, 2967, 3057, 3076, 3097, 3109, 3231, 3260, 3573, 3613, 3717, 3724, 4111, 4126, 4165, 4178, 4210, 4246, 4273, 4304, 4413, 4604, 4629, 4822, 4975, 4978, 5209, 5231, 5293, 5350, 5383, 5426, 5435, 5455, 5709, 5766, 5780, 5784, 5805, 6018, 6085, 6131, 6154, 6163, 6303, 6362, 6384, 6422, 6476, 6525, 6561, 6589, 6608, 6650, 6679, 6689, 6730, 6765, 6800, 6812, 6977, 6983, 7044, 7069, 7086, 7106, 7114, 7125, 7137, 7181, 7219, 7315, 7349, 7380, 7388, 7403, 7519, 7568]
https://www.hkstp.org/en@[198, 243, 349, 459, 593, 605, 833, 858]@[198, 243, 349, 459, 593, 605, 833, 858]
https://www.hkstp.org@[198, 243, 349, 459, 593, 605, 833, 858]@[198, 243, 349, 459, 593, 605, 833, 858]
https://www.hkstp.org/en/about-us/who-we-are@[204, 249, 355, 507, 541, 592, 770, 958, 1188, 1244]@[204, 249, 355, 507, 541, 592, 770, 958, 1188, 1244]
https://www.hkstp.org/about-us/who-we-are@[204, 249, 355, 507, 541, 592, 770, 958, 1188, 1244]@[204, 249, 355, 507, 541, 592, 770, 958, 1188, 1244]
https://news.google.com/?tab=wn@[46, 48, 208, 338, 359, 456, 604, 970, 1132, 1315, 1338, 1652, 1665, 1768, 1853]@[208, 338, 359, 456, 604, 970, 1132, 1315, 1338, 1652, 1665, 1768, 1853]
https://www.hkstp.org/en/about-us/our-milestones@[203, 248, 354, 502, 608, 675, 846]@[203, 248, 354, 502, 608, 675, 846]
https://www.hkstp.org/en/about-us/our-footprint@[203, 248, 354, 485, 557, 573, 685, 709, 819, 947]@[203, 248, 354, 485, 557, 573, 685, 709, 819, 947]
https://www.hkstp.org/about-us/our-milestones@[203, 248, 354, 502, 608, 675, 846]@[203, 248, 354, 502, 608, 675, 846]
https://news.google.com/?tab=nn@[46, 48, 187, 202, 592, 668, 691, 739, 1002, 1474, 1497, 1788, 1801, 1904, 1989]@[187, 202, 592, 668, 691, 739, 1002, 1474, 1497, 1788, 1801, 1904, 1989]
https://itunes.apple.com/app/google-search/id284815942?mt=8@[43, 255, 348, 590]@[43, 255, 348, 590]
https://play.google.com/store/apps/details?id=com.google.android.googlequicksearchbox@[360, 509, 577, 595, 663]@[360, 509, 577, 595, 663]
