http://www.comp.hkbu.edu.hk@[4441, 4444, 6108, 6129, 6143, 6168, 6194, 6209, 6250, 6276, 6291, 6327, 6353, 6369, 6397, 6618, 6635, 6649, 6674, 6696, 6710, 6744, 6766, 6781, 6808]@{}
http://www.comp.hkbu.edu.hk/v1/?page=job_vacancies?=tc@[4447, 4450, 6104, 6125, 6139, 6164, 6190, 6204, 6234, 6260, 6276, 6311, 6337, 6351, 6376, 6597, 6614, 6628, 6653, 6675, 6691, 6784]@{}
http://www.comp.hkbu.edu.hk/v1/?page=job_vacancies?=sc@[4447, 4450, 6104, 6125, 6139, 6164, 6190, 6204, 6241, 6267, 6281, 6315, 6341, 6355, 6387, 6608, 6625, 6639, 6664, 6686, 6700, 6793]@{}
http://www.comp.hkbu.edu.hk/v1/?page=sitemap?=tc@[4446, 4449, 6100, 6121, 6135, 6160, 6186, 6200, 6236, 6262, 6277, 6314, 6340, 6354, 6379, 6600, 6617, 6631, 6656, 6678, 6694, 6734, 6756, 6770, 6796]@{}
http://www.comp.hkbu.edu.hk/v1/?page=sitemap?=sc@[4446, 4449, 6099, 6120, 6134, 6159, 6185, 6199, 6240, 6266, 6280, 6316, 6342, 6357, 6386, 6607, 6624, 6638, 6663, 6685, 6699, 6745, 6767, 6782, 6811]@{}
http://www.comp.hkbu.edu.hk/v1/?lang=sc@[4441, 4444, 6095, 6116, 6130, 6155, 6181, 6196, 6230, 6256, 6272, 6312, 6338, 6352, 6378, 6599, 6616, 6630, 6715, 6737, 6751, 6777]@{}
http://www.comp.hkbu.edu.hk/v1/?page=job_vacancies?=tc?=tc@[4448, 4451, 6101, 6122, 6136, 6161, 6187, 6203, 6242, 6268, 6283, 6317, 6343, 6358, 6385, 6606, 6623, 6637, 6662, 6684, 6698, 6727, 6749, 6765, 6798]@{}
http://www.comp.hkbu.edu.hk/v1/?page=job_vacancies?=sc?=tc@[4448, 4451, 6111, 6132, 6146, 6171, 6197, 6211, 6248, 6274, 6290, 6329, 6355, 6370, 6404, 6625, 6642, 6656, 6681, 6703, 6719, 6758, 6780, 6794, 6827]@{}
http://www.comp.hkbu.edu.hk/v1/?page=sitemap?=tc?=tc@[4448, 4451, 6101, 6122, 6136, 6161, 6187, 6201, 6241, 6267, 6281, 6313, 6339, 6354, 6381, 6602, 6619, 6633, 6718, 6740, 6756, 6789]@{}
http://www.comp.hkbu.edu.hk/v1/?page=sitemap?=sc?=tc@[4448, 4451, 6115, 6136, 6150, 6175, 6201, 6217, 6257, 6283, 6297, 6327, 6353, 6368, 6398, 6619, 6636, 6650, 6675, 6697, 6713, 6750, 6772, 6788, 6816]@{}
http://www.comp.hkbu.edu.hk/v1/?page=home@[4444, 4447, 6093, 6114, 6128, 6153, 6179, 6194, 6228, 6254, 6268, 6308, 6334, 6348, 6374, 6595, 6612, 6626, 6651, 6673, 6688, 6723, 6745, 6759, 6781]@{}
http://www.comp.hkbu.edu.hk/v1/?page=job_vacancies?=tc?=tc?=tc@[4451, 4454, 6115, 6136, 6150, 6175, 6201, 6216, 6252, 6278, 6292, 6331, 6357, 6373, 6401, 6622, 6639, 6653, 6678, 6700, 6714, 6754, 6776, 6792, 6824]@{}
http://www.comp.hkbu.edu.hk/v1/?page=job_vacancies?=sc?=tc?=tc@[4450, 4453, 6099, 6120, 6134, 6159, 6185, 6201, 6240, 6266, 6280, 6313, 6339, 6353, 6386, 6607, 6624, 6638, 6723, 6745, 6761, 6793]@{}
http://www.comp.hkbu.edu.hk/v1/?page=sitemap?=tc?=tc?=tc@[4451, 4454, 6105, 6126, 6140, 6165, 6191, 6207, 6246, 6272, 6288, 6328, 6354, 6368, 6393, 6614, 6631, 6645, 6670, 6692, 6706, 6746, 6768, 6782, 6821]@{}
http://www.comp.hkbu.edu.hk/v1/?page=sitemap?=sc?=tc?=tc@[4451, 4454, 6108, 6129, 6143, 6168, 6194, 6210, 6250, 6276, 6291, 6326, 6352, 6367, 6394, 6615, 6632, 6646, 6671, 6693, 6707, 6753, 6775, 6790, 6824]@{}
http://www.comp.hkbu.edu.hk/v1/?page=home?=tc@[4446, 4449, 6103, 6124, 6138, 6163, 6189, 6203, 6239, 6265, 6281, 6321, 6347, 6363, 6390, 6611, 6628, 6642, 6667, 6689, 6705, 6744, 6766, 6781, 6809]@{}
http://www.comp.hkbu.edu.hk/v1/?page=job_vacancies?=tc?=tc?=tc?=tc@[4453, 4456, 6116, 6137, 6151, 6176, 6202, 6218, 6255, 6281, 6295, 6332, 6358, 6372, 6398, 6619, 6636, 6650, 6675, 6697, 6711, 6741, 6763, 6777, 6804]@{}
http://www.comp.hkbu.edu.hk/v1/?page=job_vacancies?=sc?=tc?=tc?=tc@[4453, 4456, 6117, 6138, 6152, 6177, 6203, 6218, 6252, 6278, 6292, 6322, 6348, 6363, 6391, 6612, 6629, 6643, 6668, 6690, 6705, 6792]@{}
http://www.comp.hkbu.edu.hk/v1/?page=sitemap?=tc?=tc?=tc?=tc@[4452, 4455, 6105, 6126, 6140, 6165, 6191, 6205, 6244, 6270, 6284, 6320, 6346, 6362, 6392, 6613, 6630, 6644, 6669, 6691, 6705, 6739, 6761, 6777, 6810]@{}
http://www.comp.hkbu.edu.hk/v1/?page=sitemap?=sc?=tc?=tc?=tc@[4452, 4455, 6116, 6137, 6151, 6176, 6202, 6216, 6255, 6281, 6297, 6336, 6362, 6376, 6403, 6624, 6641, 6655, 6680, 6702, 6718, 6753, 6775, 6791, 6818]@{}
http://www.comp.hkbu.edu.hk/v1/?page=home?=tc?=tc@[4448, 4451, 6105, 6126, 6140, 6165, 6191, 6207, 6247, 6273, 6289, 6328, 6354, 6369, 6396, 6617, 6634, 6648, 6733, 6755, 6769, 6792]@{}
http://www.comp.hkbu.edu.hk/v1/?page=job_vacancies?=tc?=tc?=tc?=tc?=tc@[4455, 4458, 6119, 6140, 6154, 6179, 6205, 6219, 6256, 6282, 6296, 6332, 6358, 6373, 6400, 6621, 6638, 6652, 6677, 6699, 6713, 6799]@{}
http://www.comp.hkbu.edu.hk/v1/?page=job_vacancies?=sc?=tc?=tc?=tc?=tc@[4454, 4457, 6104, 6125, 6139, 6164, 6190, 6204, 6243, 6269, 6285, 6324, 6350, 6366, 6396, 6617, 6634, 6648, 6673, 6695, 6709, 6739, 6761, 6775, 6801]@{}
http://www.comp.hkbu.edu.hk/v1/?page=sitemap?=tc?=tc?=tc?=tc?=tc@[4455, 4458, 6112, 6133, 6147, 6172, 6198, 6212, 6245, 6271, 6287, 6326, 6352, 6366, 6396, 6617, 6634, 6648, 6673, 6695, 6709, 6753, 6775, 6789, 6821]@{}
http://www.comp.hkbu.edu.hk/v1/?page=sitemap?=sc?=tc?=tc?=tc?=tc@[4454, 4457, 6118, 6139, 6153, 6178, 6204, 6220, 6259, 6285, 6299, 6333, 6359, 6374, 6404, 6625, 6642, 6656, 6741, 6763, 6777, 6806]@{}
http://www.comp.hkbu.edu.hk/v1/?page=home?=tc?=tc?=tc@[4450, 4453, 6103, 6124, 6138, 6163, 6189, 6205, 6244, 6270, 6284, 6320, 6346, 6360, 6394, 6615, 6632, 6646, 6731, 6753, 6767, 6806]@{}
http://www.comp.hkbu.edu.hk/v1/?page=job_vacancies@[3993, 3996]@{}
http://www.comp.hkbu.edu.hk/v1/?page=job_vacancies?=tc?=tc?=tc?=tc?=tc?=tc@[4457, 4460, 6107, 6128, 6142, 6167, 6193, 6209, 6248, 6274, 6289, 6325, 6351, 6365, 6394, 6615, 6632, 6646, 6731, 6753, 6767, 6796]@{}
http://www.comp.hkbu.edu.hk/v1/?page=job_vacancies?=sc?=tc?=tc?=tc?=tc?=tc@[4456, 4459, 6106, 6127, 6141, 6166, 6192, 6206, 6246, 6272, 6286, 6327, 6353, 6369, 6402, 6623, 6640, 6654, 6679, 6701, 6715, 6748, 6770, 6784, 6823]@{}
http://www.comp.hkbu.edu.hk/v1/?page=sitemap?=tc?=tc?=tc?=tc?=tc?=tc@[4456, 4459, 6110, 6131, 6145, 6170, 6196, 6212, 6249, 6275, 6289, 6321, 6347, 6361, 6391, 6612, 6629, 6643, 6668, 6690, 6705, 6740, 6762, 6776, 6813]@{}
http://www.comp.hkbu.edu.hk/v1/?page=sitemap?=sc?=tc?=tc?=tc?=tc?=tc@[4457, 4460, 6128, 6149, 6163, 6188, 6214, 6229, 6270, 6296, 6310, 6340, 6366, 6380, 6410, 6631, 6648, 6662, 6687, 6709, 6723, 6753, 6775, 6791, 6823]@{}
http://www.comp.hkbu.edu.hk/v1/?page=home?=tc?=tc?=tc?=tc@[4453, 4456, 6109, 6130, 6144, 6169, 6195, 6209, 6248, 6274, 6289, 6323, 6349, 6363, 6392, 6613, 6630, 6644, 6669, 6691, 6705, 6742, 6764, 6779, 6807]@{}
http://www.comp.hkbu.edu.hk/v1/?page=job_vacancies?=tc?=tc?=tc?=tc?=tc?=tc?=tc@[4459, 4462, 6111, 6132, 6146, 6171, 6197, 6213, 6252, 6278, 6293, 6327, 6353, 6367, 6390, 6611, 6628, 6642, 6727, 6749, 6763, 6795]@{}
http://www.comp.hkbu.edu.hk/v1/?page=job_vacancies?=sc?=tc?=tc?=tc?=tc?=tc?=tc@[4459, 4462, 6108, 6129, 6143, 6168, 6194, 6210, 6247, 6273, 6287, 6320, 6346, 6361, 6390, 6611, 6628, 6642, 6667, 6689, 6703, 6749, 6771, 6786, 6815]@{}
http://www.comp.hkbu.edu.hk/v1/?page=sitemap?=tc?=tc?=tc?=tc?=tc?=tc?=tc@[4458, 4461, 6110, 6131, 6145, 6170, 6196, 6211, 6245, 6271, 6285, 6318, 6344, 6358, 6387, 6608, 6625, 6639, 6724, 6746, 6762, 6795]@{}
http://www.comp.hkbu.edu.hk/v1/?page=sitemap?=sc?=tc?=tc?=tc?=tc?=tc?=tc@[4458, 4461, 6112, 6133, 6147, 6172, 6198, 6212, 6246, 6272, 6288, 6327, 6353, 6369, 6402, 6623, 6640, 6654, 6679, 6701, 6717, 6754, 6776, 6790, 6816]@{}
http://www.comp.hkbu.edu.hk/v1/?page=home?=tc?=tc?=tc?=tc?=tc@[4455, 4458, 6112, 6133, 6147, 6172, 6198, 6212, 6251, 6277, 6291, 6327, 6353, 6369, 6396, 6617, 6634, 6648, 6673, 6695, 6709, 6755, 6777, 6793, 6820]@{}
http://www.comp.hkbu.edu.hk/v1/?page=job_vacancies?=tc?=tc?=tc?=tc?=tc?=tc?=tc?=tc@[4461, 4464, 6127, 6148, 6162, 6187, 6213, 6227, 6266, 6292, 6308, 6347, 6373, 6387, 6410, 6631, 6648, 6662, 6687, 6709, 6723, 6767, 6789, 6805, 6838]@{}
http://www.comp.hkbu.edu.hk/v1/?page=job_vacancies?=sc?=tc?=tc?=tc?=tc?=tc?=tc?=tc@[4461, 4464, 6111, 6132, 6146, 6171, 6197, 6213, 6252, 6278, 6293, 6334, 6360, 6374, 6406, 6627, 6644, 6658, 6683, 6705, 6719, 6749, 6771, 6785, 6817]@{}
http://www.comp.hkbu.edu.hk/v1/?page=sitemap?=tc?=tc?=tc?=tc?=tc?=tc?=tc?=tc@[4461, 4464, 6114, 6135, 6149, 6174, 6200, 6214, 6247, 6273, 6287, 6320, 6346, 6361, 6391, 6612, 6629, 6643, 6668, 6690, 6706, 6746, 6768, 6782, 6808]@{}
http://www.comp.hkbu.edu.hk/v1/?page=sitemap?=sc?=tc?=tc?=tc?=tc?=tc?=tc?=tc@[4461, 4464, 6128, 6149, 6163, 6188, 6214, 6230, 6270, 6296, 6310, 6343, 6369, 6385, 6417, 6638, 6655, 6669, 6754, 6776, 6790, 6816]@{}
http://www.comp.hkbu.edu.hk/v1/?page=sitemap@[3990, 3993, 4777]@{}
http://www.comp.hkbu.edu.hk/v1/?page=home?=tc?=tc?=tc?=tc?=tc?=tc@[4456, 4459, 6113, 6134, 6148, 6173, 6199, 6215, 6255, 6281, 6296, 6330, 6356, 6370, 6403, 6624, 6641, 6655, 6680, 6702, 6718, 6755, 6777, 6791, 6816]@{}
http://www.comp.hkbu.edu.hk/v1/?page=job_vacancies?=tc?=tc?=tc?=tc?=tc?=tc?=tc?=tc?=tc@[4463, 4466, 6127, 6148, 6162, 6187, 6213, 6227, 6263, 6289, 6304, 6340, 6366, 6380, 6409, 6630, 6647, 6661, 6686, 6708, 6723, 6812]@{}
http://www.comp.hkbu.edu.hk/v1/?page=job_vacancies?=sc?=tc?=tc?=tc?=tc?=tc?=tc?=tc?=tc@[4463, 4466, 6126, 6147, 6161, 6186, 6212, 6226, 6262, 6288, 6304, 6343, 6369, 6384, 6413, 6634, 6651, 6665, 6690, 6712, 6726, 6765, 6787, 6801, 6824]@{}
http://www.comp.hkbu.edu.hk/v1/?page=sitemap?=tc?=tc?=tc?=tc?=tc?=tc?=tc?=tc?=tc@[4462, 4465, 6111, 6132, 6146, 6171, 6197, 6213, 6252, 6278, 6293, 6328, 6354, 6368, 6391, 6612, 6629, 6643, 6728, 6750, 6765, 6792]@{}
http://www.comp.hkbu.edu.hk/v1/?page=sitemap?=sc?=tc?=tc?=tc?=tc?=tc?=tc?=tc?=tc@[4462, 4465, 6129, 6150, 6164, 6189, 6215, 6231, 6266, 6292, 6306, 6343, 6369, 6385, 6415, 6636, 6653, 6667, 6692, 6714, 6729, 6818]@{}
http://www.comp.hkbu.edu.hk/v1/?lang=tc@[4440, 4443, 6111, 6132, 6146, 6171, 6197, 6213, 6252, 6278, 6292, 6328, 6354, 6369, 6403, 6624, 6641, 6655, 6680, 6702, 6716, 6749, 6771, 6787, 6820]@{}
