http://www.comp.hkbu.edu.hk@[192, 206]@[192, 206]
https://www.comp.hkbu.edu.hk/v1/?page=home@[198, 212]@[198, 212]
https://www.comp.hkbu.edu.hk/v1/?page=whats_new@[368, 847, 970, 1380, 1479, 1741, 3434, 3585, 3683, 4092, 4218]@[368, 847, 970, 1380, 1479, 1741, 3434, 3585, 3683, 4092, 4218]
https://www.comp.hkbu.edu.hk/v1/?page=faculty@[196, 208, 237]@[196, 208, 237]
https://www.comp.hkbu.edu.hk/v1/?page=funded_projects@[3728]@[3728]
https://www.comp.hkbu.edu.hk/v1/?page=journal_editorship@[140, 149, 162, 173, 182, 191, 206]@[140, 149, 162, 173, 182, 191, 206]
https://www.comp.hkbu.edu.hk/v1/?pid=32@[110, 146, 164, 181, 232, 256, 279, 330, 349, 367, 401, 421]@[110, 146, 164, 181, 232, 256, 279, 330, 349, 367, 401, 421]
https://www.comp.hkbu.edu.hk@[182, 196]@[182, 196]
https://www.comp.hkbu.edu.hk/v1/?page=news@[368, 847, 970, 1380, 1479, 1741, 3434, 3585, 3683, 4092, 4218]@[368, 847, 970, 1380, 1479, 1741, 3434, 3585, 3683, 4092, 4218]
https://www.comp.hkbu.edu.hk/v1/?page=events@[144, 157, 435, 734, 892, 1061, 1721, 2330, 3077, 6071, 7794, 7809, 7825, 7867, 7889, 7912, 8044, 8062, 8081, 8141, 8234, 8252]@[144, 157, 435, 734, 892, 1061, 1721, 2330, 3077, 6071, 7794, 7809, 7825, 7867, 7889, 7912, 8044, 8062, 8081, 8141, 8234, 8252]
https://www.comp.hkbu.edu.hk/v1/?page=dlecture@[269, 924, 1774, 1810, 2090, 2390, 2409, 2426, 2439, 2451, 2463, 2664, 2669, 2721, 2740, 2798, 2808, 2823, 3004, 3020, 3032, 3095, 3105, 3114, 3122, 3324, 3343, 3521, 3543, 3787, 3932, 4366, 4636, 4853]@[269, 924, 1774, 1810, 2090, 2390, 2409, 2426, 2439, 2451, 2463, 2664, 2669, 2721, 2740, 2798, 2808, 2823, 3004, 3020, 3032, 3095, 3105, 3114, 3122, 3324, 3343, 3521, 3543, 3787, 3932, 4366, 4636, 4853]
https://www.comp.hkbu.edu.hk/v1/?page=conferences@[110, 146, 164, 181, 232, 256, 279, 330, 349, 367, 401, 421]@[110, 146, 164, 181, 232, 256, 279, 330, 349, 367, 401, 421]
https://www.comp.hkbu.edu.hk/v1/?pid=77@[298, 397, 417, 556, 819, 872]@[298, 397, 417, 556, 819, 872]
