http://www.comp.hkbu.edu.hk@[1083, 1092, 1111, 1116, 1121, 1128, 1137, 1160, 1166, 1171, 1177, 1180, 1205, 1211, 1216, 1223, 1226, 1250, 1255, 1260]@{}
http://www.comp.hkbu.edu.hk/v1/?page=sci@[4298, 6309, 6313, 6320, 6325, 6380, 6384, 7677, 7682]@{}
http://www.comp.hkbu.edu.hk/v1/?page=job_vacancies?=tc@[1083, 1092, 1111, 1116, 1121, 1128, 1137, 1160, 1166, 1171, 1177, 1180, 1205, 1211, 1216, 1223, 1226, 1250, 1255, 1260]@{}
http://www.comp.hkbu.edu.hk/v1/?page=job_vacancies?=sc@[1083, 1092, 1111, 1116, 1121, 1128, 1137, 1160, 1166, 1171, 1177, 1180, 1205, 1211, 1216, 1223, 1226, 1250, 1255, 1260]@{}
http://www.comp.hkbu.edu.hk/v1/?page=sitemap?=tc@[1083, 1092, 1111, 1116, 1121, 1128, 1137, 1160, 1166, 1171, 1177, 1180, 1205, 1211, 1216, 1223, 1226, 1250, 1255, 1260]@{}
http://www.comp.hkbu.edu.hk/v1/?page=sitemap?=sc@[1083, 1092, 1111, 1116, 1121, 1128, 1137, 1160, 1166, 1171, 1177, 1180, 1205, 1211, 1216, 1223, 1226, 1250, 1255, 1260]@{}
http://www.comp.hkbu.edu.hk/v1/?lang=sc@[1083, 1092, 1111, 1116, 1121, 1128, 1137, 1160, 1166, 1171, 1177, 1180, 1205, 1211, 1216, 1223, 1226, 1250, 1255, 1260]@{}
http://www.comp.hkbu.edu.hk/v1/?page=job_vacancies?=tc?=tc@[1083, 1092, 1111, 1116, 1121, 1128, 1137, 1160, 1166, 1171, 1177, 1180, 1205, 1211, 1216, 1223, 1226, 1250, 1255, 1260]@{}
http://www.comp.hkbu.edu.hk/v1/?page=job_vacancies?=sc?=tc@[1083, 1092, 1111, 1116, 1121, 1128, 1137, 1160, 1166, 1171, 1177, 1180, 1205, 1211, 1216, 1223, 1226, 1250, 1255, 1260]@{}
http://www.comp.hkbu.edu.hk/v1/?page=sitemap?=tc?=tc@[1083, 1092, 1111, 1116, 1121, 1128, 1137, 1160, 1166, 1171, 1177, 1180, 1205, 1211, 1216, 1223, 1226, 1250, 1255, 1260]@{}
http://www.comp.hkbu.edu.hk/v1/?page=sitemap?=sc?=tc@[1083, 1092, 1111, 1116, 1121, 1128, 1137, 1160, 1166, 1171, 1177, 1180, 1205, 1211, 1216, 1223, 1226, 1250, 1255, 1260]@{}
http://www.comp.hkbu.edu.hk/v1/?page=home@[1083, 1092, 1111, 1116, 1121, 1128, 1137, 1160, 1166, 1171, 1177, 1180, 1205, 1211, 1216, 1223, 1226, 1250, 1255, 1260]@{}
http://www.comp.hkbu.edu.hk/v1/?page=job_vacancies?=tc?=tc?=tc@[1083, 1092, 1111, 1116, 1121, 1128, 1137, 1160, 1166, 1171, 1177, 1180, 1205, 1211, 1216, 1223, 1226, 1250, 1255, 1260]@{}
http://www.comp.hkbu.edu.hk/v1/?page=job_vacancies?=sc?=tc?=tc@[1083, 1092, 1111, 1116, 1121, 1128, 1137, 1160, 1166, 1171, 1177, 1180, 1205, 1211, 1216, 1223, 1226, 1250, 1255, 1260]@{}
http://www.comp.hkbu.edu.hk/v1/?page=sitemap?=tc?=tc?=tc@[1083, 1092, 1111, 1116, 1121, 1128, 1137, 1160, 1166, 1171, 1177, 1180, 1205, 1211, 1216, 1223, 1226, 1250, 1255, 1260]@{}
http://www.comp.hkbu.edu.hk/v1/?page=sitemap?=sc?=tc?=tc@[1083, 1092, 1111, 1116, 1121, 1128, 1137, 1160, 1166, 1171, 1177, 1180, 1205, 1211, 1216, 1223, 1226, 1250, 1255, 1260]@{}
http://www.comp.hkbu.edu.hk/v1/?page=home?=tc@[1083, 1092, 1111, 1116, 1121, 1128, 1137, 1160, 1166, 1171, 1177, 1180, 1205, 1211, 1216, 1223, 1226, 1250, 1255, 1260]@{}
http://www.comp.hkbu.edu.hk/v1/?page=job_vacancies?=tc?=tc?=tc?=tc@[1083, 1092, 1111, 1116, 1121, 1128, 1137, 1160, 1166, 1171, 1177, 1180, 1205, 1211, 1216, 1223, 1226, 1250, 1255, 1260]@{}
http://www.comp.hkbu.edu.hk/v1/?page=job_vacancies?=sc?=tc?=tc?=tc@[1083, 1092, 1111, 1116, 1121, 1128, 1137, 1160, 1166, 1171, 1177, 1180, 1205, 1211, 1216, 1223, 1226, 1250, 1255, 1260]@{}
http://www.comp.hkbu.edu.hk/v1/?page=sitemap?=tc?=tc?=tc?=tc@[1083, 1092, 1111, 1116, 1121, 1128, 1137, 1160, 1166, 1171, 1177, 1180, 1205, 1211, 1216, 1223, 1226, 1250, 1255, 1260]@{}
http://www.comp.hkbu.edu.hk/v1/?page=sitemap?=sc?=tc?=tc?=tc@[1083, 1092, 1111, 1116, 1121, 1128, 1137, 1160, 1166, 1171, 1177, 1180, 1205, 1211, 1216, 1223, 1226, 1250, 1255, 1260]@{}
http://www.comp.hkbu.edu.hk/v1/?page=home?=tc?=tc@[1083, 1092, 1111, 1116, 1121, 1128, 1137, 1160, 1166, 1171, 1177, 1180, 1205, 1211, 1216, 1223, 1226, 1250, 1255, 1260]@{}
http://www.comp.hkbu.edu.hk/v1/?page=job_vacancies?=tc?=tc?=tc?=tc?=tc@[1083, 1092, 1111, 1116, 1121, 1128, 1137, 1160, 1166, 1171, 1177, 1180, 1205, 1211, 1216, 1223, 1226, 1250, 1255, 1260]@{}
http://www.comp.hkbu.edu.hk/v1/?page=job_vacancies?=sc?=tc?=tc?=tc?=tc@[1083, 1092, 1111, 1116, 1121, 1128, 1137, 1160, 1166, 1171, 1177, 1180, 1205, 1211, 1216, 1223, 1226, 1250, 1255, 1260]@{}
http://www.comp.hkbu.edu.hk/v1/?page=sitemap?=tc?=tc?=tc?=tc?=tc@[1083, 1092, 1111, 1116, 1121, 1128, 1137, 1160, 1166, 1171, 1177, 1180, 1205, 1211, 1216, 1223, 1226, 1250, 1255, 1260]@{}
http://www.comp.hkbu.edu.hk/v1/?page=sitemap?=sc?=tc?=tc?=tc?=tc@[1083, 1092, 1111, 1116, 1121, 1128, 1137, 1160, 1166, 1171, 1177, 1180, 1205, 1211, 1216, 1223, 1226, 1250, 1255, 1260]@{}
http://www.comp.hkbu.edu.hk/v1/?page=home?=tc?=tc?=tc@[1083, 1092, 1111, 1116, 1121, 1128, 1137, 1160, 1166, 1171, 1177, 1180, 1205, 1211, 1216, 1223, 1226, 1250, 1255, 1260]@{}
http://www.comp.hkbu.edu.hk/v1/?page=job_vacancies@[631, 640, 659, 664, 669, 676, 685, 708, 714, 719, 725, 728, 753, 759, 764, 771, 774, 798, 803, 808]@{}
http://www.comp.hkbu.edu.hk/v1/?page=job_vacancies?=tc?=tc?=tc?=tc?=tc?=tc@[1083, 1092, 1111, 1116, 1121, 1128, 1137, 1160, 1166, 1171, 1177, 1180, 1205, 1211, 1216, 1223, 1226, 1250, 1255, 1260]@{}
http://www.comp.hkbu.edu.hk/v1/?page=job_vacancies?=sc?=tc?=tc?=tc?=tc?=tc@[1083, 1092, 1111, 1116, 1121, 1128, 1137, 1160, 1166, 1171, 1177, 1180, 1205, 1211, 1216, 1223, 1226, 1250, 1255, 1260]@{}
http://www.comp.hkbu.edu.hk/v1/?page=sitemap?=tc?=tc?=tc?=tc?=tc?=tc@[1083, 1092, 1111, 1116, 1121, 1128, 1137, 1160, 1166, 1171, 1177, 1180, 1205, 1211, 1216, 1223, 1226, 1250, 1255, 1260]@{}
http://www.comp.hkbu.edu.hk/v1/?page=sitemap?=sc?=tc?=tc?=tc?=tc?=tc@[1083, 1092, 1111, 1116, 1121, 1128, 1137, 1160, 1166, 1171, 1177, 1180, 1205, 1211, 1216, 1223, 1226, 1250, 1255, 1260]@{}
http://www.comp.hkbu.edu.hk/v1/?page=home?=tc?=tc?=tc?=tc@[1083, 1092, 1111, 1116, 1121, 1128, 1137, 1160, 1166, 1171, 1177, 1180, 1205, 1211, 1216, 1223, 1226, 1250, 1255, 1260]@{}
http://www.comp.hkbu.edu.hk/v1/?page=job_vacancies?=tc?=tc?=tc?=tc?=tc?=tc?=tc@[1083, 1092, 1111, 1116, 1121, 1128, 1137, 1160, 1166, 1171, 1177, 1180, 1205, 1211, 1216, 1223, 1226, 1250, 1255, 1260]@{}
http://www.comp.hkbu.edu.hk/v1/?page=job_vacancies?=sc?=tc?=tc?=tc?=tc?=tc?=tc@[1083, 1092, 1111, 1116, 1121, 1128, 1137, 1160, 1166, 1171, 1177, 1180, 1205, 1211, 1216, 1223, 1226, 1250, 1255, 1260]@{}
http://www.comp.hkbu.edu.hk/v1/?page=sitemap?=tc?=tc?=tc?=tc?=tc?=tc?=tc@[1083, 1092, 1111, 1116, 1121, 1128, 1137, 1160, 1166, 1171, 1177, 1180, 1205, 1211, 1216, 1223, 1226, 1250, 1255, 1260]@{}
http://www.comp.hkbu.edu.hk/v1/?page=sitemap?=sc?=tc?=tc?=tc?=tc?=tc?=tc@[1083, 1092, 1111, 1116, 1121, 1128, 1137, 1160, 1166, 1171, 1177, 1180, 1205, 1211, 1216, 1223, 1226, 1250, 1255, 1260]@{}
http://www.comp.hkbu.edu.hk/v1/?page=home?=tc?=tc?=tc?=tc?=tc@[1083, 1092, 1111, 1116, 1121, 1128, 1137, 1160, 1166, 1171, 1177, 1180, 1205, 1211, 1216, 1223, 1226, 1250, 1255, 1260]@{}
http://www.comp.hkbu.edu.hk/v1/?page=job_vacancies?=tc?=tc?=tc?=tc?=tc?=tc?=tc?=tc@[1083, 1092, 1111, 1116, 1121, 1128, 1137, 1160, 1166, 1171, 1177, 1180, 1205, 1211, 1216, 1223, 1226, 1250, 1255, 1260]@{}
http://www.comp.hkbu.edu.hk/v1/?page=job_vacancies?=sc?=tc?=tc?=tc?=tc?=tc?=tc?=tc@[1083, 1092, 1111, 1116, 1121, 1128, 1137, 1160, 1166, 1171, 1177, 1180, 1205, 1211, 1216, 1223, 1226, 1250, 1255, 1260]@{}
http://www.comp.hkbu.edu.hk/v1/?page=sitemap?=tc?=tc?=tc?=tc?=tc?=tc?=tc?=tc@[1083, 1092, 1111, 1116, 1121, 1128, 1137, 1160, 1166, 1171, 1177, 1180, 1205, 1211, 1216, 1223, 1226, 1250, 1255, 1260]@{}
http://www.comp.hkbu.edu.hk/v1/?page=sitemap?=sc?=tc?=tc?=tc?=tc?=tc?=tc?=tc@[1083, 1092, 1111, 1116, 1121, 1128, 1137, 1160, 1166, 1171, 1177, 1180, 1205, 1211, 1216, 1223, 1226, 1250, 1255, 1260]@{}
http://www.comp.hkbu.edu.hk/v1/?page=sitemap@[629, 638, 657, 662, 667, 674, 683, 706, 712, 717, 723, 726, 751, 757, 762, 769, 772, 796, 801, 806, 4128, 4147, 4178, 4243, 4286, 4346, 4357, 4366, 4426, 4458, 4511, 4536, 4545, 4585, 4648, 4701, 4724, 4758, 4793, 4897, 4907, 4917, 4954, 5005, 5084, 5120, 5191, 5320, 5416, 5454, 5473, 5513, 5576, 5582, 5600, 5626]@{}
http://www.comp.hkbu.edu.hk/v1/?page=home?=tc?=tc?=tc?=tc?=tc?=tc@[1083, 1092, 1111, 1116, 1121, 1128, 1137, 1160, 1166, 1171, 1177, 1180, 1205, 1211, 1216, 1223, 1226, 1250, 1255, 1260]@{}
http://www.comp.hkbu.edu.hk/v1/?page=job_vacancies?=tc?=tc?=tc?=tc?=tc?=tc?=tc?=tc?=tc@[1083, 1092, 1111, 1116, 1121, 1128, 1137, 1160, 1166, 1171, 1177, 1180, 1205, 1211, 1216, 1223, 1226, 1250, 1255, 1260]@{}
http://www.comp.hkbu.edu.hk/v1/?page=job_vacancies?=sc?=tc?=tc?=tc?=tc?=tc?=tc?=tc?=tc@[1083, 1092, 1111, 1116, 1121, 1128, 1137, 1160, 1166, 1171, 1177, 1180, 1205, 1211, 1216, 1223, 1226, 1250, 1255, 1260]@{}
http://www.comp.hkbu.edu.hk/v1/?page=sitemap?=tc?=tc?=tc?=tc?=tc?=tc?=tc?=tc?=tc@[1083, 1092, 1111, 1116, 1121, 1128, 1137, 1160, 1166, 1171, 1177, 1180, 1205, 1211, 1216, 1223, 1226, 1250, 1255, 1260]@{}
http://www.comp.hkbu.edu.hk/v1/?page=sitemap?=sc?=tc?=tc?=tc?=tc?=tc?=tc?=tc?=tc@[1083, 1092, 1111, 1116, 1121, 1128, 1137, 1160, 1166, 1171, 1177, 1180, 1205, 1211, 1216, 1223, 1226, 1250, 1255, 1260]@{}
http://www.comp.hkbu.edu.hk/v1/?lang=tc@[1083, 1092, 1111, 1116, 1121, 1128, 1137, 1160, 1166, 1171, 1177, 1180, 1205, 1211, 1216, 1223, 1226, 1250, 1255, 1260]@{}
http://www.sci.hkbu.edu.hk/eng/about-us/distinguished-professorship/eng/page/?page=prospective-students@[4298, 6309, 6313, 6320, 6325, 6380, 6384, 7677, 7682]@{}
http://www.sci.hkbu.edu.hk/eng/about-us/honorary-doctorate/eng/page/?page=prospective-students@[4298, 6309, 6313, 6320, 6325, 6380, 6384, 7677, 7682]@{}
http://www.sci.hkbu.edu.hk/eng/about-us/distinguished-professor-of-science/eng/page/?page=prospective-students@[4298, 6309, 6313, 6320, 6325, 6380, 6384, 7677, 7682]@{}
http://www.sci.hkbu.edu.hk/eng/about-us/dr-kennedy-wong-distinguished-visiting-professorship-scheme/eng/page/?page=prospective-students@[4298, 6309, 6313, 6320, 6325, 6380, 6384, 7677, 7682]@{}
http://www.sci.hkbu.edu.hk/eng/page/eng/about-us/vision-mission@[4298, 6309, 6313, 6320, 6325, 6380, 6384, 7677, 7682]@{}
http://www.sci.hkbu.edu.hk/eng/page/eng/about-us/faculty-advisory-committee@[4298, 6309, 6313, 6320, 6325, 6380, 6384, 7677, 7682]@{}
http://www.sci.hkbu.edu.hk/eng@[4298, 6309, 6313, 6320, 6325, 6380, 6384, 7677, 7682]@{}
http://www.sci.hkbu.edu.hk/eng/about-us/faculty-advisory-committee@[3330]@{}
http://www.sci.hkbu.edu.hk/eng/about-us/vision-mission/eng/page/?page=prospective-students@[4298, 6309, 6313, 6320, 6325, 6380, 6384, 7677, 7682]@{}
http://www.sci.hkbu.edu.hk/eng/about-us/faculty-advisory-committee/eng/page/?page=prospective-students@[4298, 6309, 6313, 6320, 6325, 6380, 6384, 7677, 7682]@{}
