https://www.comp.hkbu.edu.hk/v1/?page=head@[352, 358, 374]@[352, 358, 374]
https://www.comp.hkbu.edu.hk/v1/?page=mscitm@[13]@[13]
https://www.comp.hkbu.edu.hk/v1/?pid=95@[13]@[13]
https://www.comp.hkbu.edu.hk/msc@[29]@[]
https://www.comp.hkbu.edu.hk/msc/itm/en@[13]@[13]
https://www.comp.hkbu.edu.hk/v1/?page=seminars@[215]@[215]
https://www.comp.hkbu.edu.hk/v1/?page=dlecture@[55, 59, 320, 2283, 2575]@[55, 59, 320, 2283, 2575]
https://www.comp.hkbu.edu.hk/v1/?file=355@[204, 242, 260, 310, 311, 465, 517, 541, 916, 941, 942, 950, 1060, 1082, 1083, 1106, 1108, 1150, 1155, 1159, 1163, 1181, 1272, 1277, 1288, 1494, 1522, 1578, 1593, 1640, 1668, 1670, 1690, 1736, 1743, 1754, 1806, 1856, 1898, 1922, 1953, 1972, 2004, 2006, 2217, 2319, 2361, 2365, 2414, 2424, 2477, 2514, 2593, 2594, 2597, 2608, 2653, 2662, 2744, 2840, 2888, 2934, 2936, 3010, 3091, 3104, 3115, 3121, 3217, 3252, 3316, 3320, 3581, 3601, 3635, 3636, 3643, 3644, 3693, 3704, 3707, 3861, 3919, 3936, 4005, 4044, 4068, 4095, 4106, 4119, 4141, 4152, 4153, 4225, 4244, 4262, 4301, 4346, 4362, 4388, 4416, 4476, 4501, 4502, 4532, 4554, 4590, 4657, 4670, 4697, 5204, 5281, 5283, 5300, 5313, 5326, 5328, 5342, 5423, 5468, 5525, 5529, 5597, 5809, 5830, 6075, 6082, 6105, 6211, 6219, 6248, 6257, 6335, 6350, 6352, 6367, 6375, 6401, 6447, 6478, 6535, 6567, 6624, 6668, 6701, 6747, 6754, 6794, 6799, 6817, 6890, 6908, 6919, 6926, 6927, 6928, 6957, 6962, 7005, 7007, 7044, 7179, 7192, 7211, 7237, 7261, 7266, 7341, 7430, 7455, 7460, 7464, 7477, 7519, 7929, 8496]@[]
https://www.comp.hkbu.edu.hk/v1/?file=1431@[1139, 1185, 1186, 1207, 1345, 1361, 1434, 1502, 1506, 1808, 1837, 1939, 1985, 2074, 2197, 2294, 2324, 2738, 2746, 2762, 2787, 2793, 2833, 2869, 2934, 2944, 2969, 3012, 3015, 3016, 3019, 3164, 3193, 3202, 3207, 3352, 3388, 3414, 3431, 3505, 3508, 3550, 3596, 3630, 3648, 3736, 3850, 3954, 3960, 3990, 4005, 4091, 4106, 4117, 4144, 4241, 4253, 4278, 4288, 4315, 4341, 4354, 4408, 4488, 4608, 4789, 4854, 4870, 4872, 4877, 4898, 4926, 4954, 5013, 5057, 5121, 5137, 5167, 5175, 5216, 5247, 5260, 5285, 5289, 5364, 7823, 7876, 7929, 7982, 8035, 8088, 8141, 8194, 8247, 8300, 8353, 8406, 8459, 8512, 8565, 8618, 8671, 8724, 8777, 8830, 8883, 8936, 8989, 9042, 9095, 9148, 9201, 9254, 9307, 9360, 9413, 9466, 9598, 9651, 9704, 9757, 9810, 9863, 9916, 9969, 10022, 10075, 10128, 10206, 10259, 10312, 10365, 10418, 10471]@[]
https://accounts.google.com/SignUp?continue=https%3A%2F%2Fmyaccount.google.com%2Fgeneral-light@[339]@[339]
https://itunes.apple.com/app/google-search/id284815942?mt=8@[437, 537, 617, 827]@[437, 537, 617, 827]
https://www.google.com.hk@[2, 32]@[32]
