https://www.comp.hkbu.edu.hk/v1/?page=whats_new@[2767, 3817]@[2767, 3817]
https://www.comp.hkbu.edu.hk/v1/?page=admin@[199, 207, 217, 226, 232, 250, 259, 274, 281, 311, 325]@[199, 207, 217, 226, 232, 250, 259, 274, 281, 311, 325]
https://www.comp.hkbu.edu.hk/v1/?page=research_staff@[130, 182, 187, 192, 197, 202, 207, 218, 223, 228, 233, 238, 243, 248, 261, 268, 276, 287]@[130, 182, 187, 192, 197, 202, 207, 218, 223, 228, 233, 238, 243, 248, 261, 268, 276, 287]
https://www.comp.hkbu.edu.hk/v1/?page=pg_students@[126, 132, 137, 143, 148, 153, 158, 163, 168, 173, 183, 188, 193, 198, 208, 213, 228, 233, 238, 248, 253, 258, 263, 268, 273, 288, 293, 298, 303, 308, 318, 323, 327, 332, 342, 347, 357, 363, 368]@[126, 132, 137, 143, 148, 153, 158, 163, 168, 173, 183, 188, 193, 198, 208, 213, 228, 233, 238, 248, 253, 258, 263, 268, 273, 288, 293, 298, 303, 308, 318, 323, 327, 332, 342, 347, 357, 363, 368]
https://www.comp.hkbu.edu.hk/v1/?page=news@[2767, 3817]@[2767, 3817]
https://www.comp.hkbu.edu.hk/v1/?page=events@[5151, 5193]@[5151, 5193]
https://www.comp.hkbu.edu.hk/v1/?page=seminars@[134, 202, 336]@[134, 202, 336]
https://www.comp.hkbu.edu.hk/v1/?file=355@[1380]@[]
https://www.comp.hkbu.edu.hk/v1/?file=1431@[4115]@[]
https://www.comp.hkbu.edu.hk/v1/?pid=124@[266, 287]@[266, 287]
https://news.google.com/?tab=nn@[367]@[367]
