http://www.comp.hkbu.edu.hk@[2783, 3014, 3064, 3115, 3165, 3212, 3260, 3308, 5618, 5887, 5896, 5905, 5914, 5923, 5932, 5960, 6021]@{}
http://www.comp.hkbu.edu.hk/v1/?page=sci@[1023, 1044, 1057, 1069, 1092, 1106, 1120, 1952, 1961, 1969, 1996, 2025, 2054, 5572, 5578, 5601, 5607, 5626, 5632, 5651, 5657, 5676, 5682, 5691, 5704, 5713, 5722, 5731]@{}
http://www.comp.hkbu.edu.hk/v1/?page=job_vacancies?=tc@[2783, 3020, 3070, 3121, 3171, 3218, 3266, 3314, 5614, 5883, 5892, 5901, 5910, 5919, 5928, 5956, 6017]@{}
http://www.comp.hkbu.edu.hk/v1/?page=job_vacancies?=sc@[2783, 3020, 3070, 3121, 3171, 3218, 3266, 3314, 5614, 5883, 5892, 5901, 5910, 5919, 5928, 5956, 6017]@{}
http://www.comp.hkbu.edu.hk/v1/?page=sitemap?=tc@[2783, 3020, 3070, 3121, 3171, 3218, 3266, 3314, 5610, 5879, 5888, 5897, 5906, 5915, 5924, 5952, 6013]@{}
http://www.comp.hkbu.edu.hk/v1/?page=sitemap?=sc@[2783, 3020, 3070, 3121, 3171, 3218, 3266, 3314, 5609, 5878, 5887, 5896, 5905, 5914, 5923, 5951, 6012]@{}
http://www.comp.hkbu.edu.hk/v1/?lang=sc@[2783, 3014, 3064, 3115, 3165, 3212, 3260, 3308, 5605, 5874, 5883, 5892, 5901, 5910, 5919, 5947, 6008]@{}
http://www.comp.hkbu.edu.hk/v1/?page=job_vacancies?=tc?=tc@[2783, 3022, 3072, 3123, 3173, 3220, 3268, 3316, 5611, 5880, 5889, 5898, 5907, 5916, 5925, 5953, 6014]@{}
http://www.comp.hkbu.edu.hk/v1/?page=job_vacancies?=sc?=tc@[2783, 3022, 3072, 3123, 3173, 3220, 3268, 3316, 5621, 5890, 5899, 5908, 5917, 5926, 5935, 5963, 6024]@{}
http://www.comp.hkbu.edu.hk/v1/?page=sitemap?=tc?=tc@[2783, 3022, 3072, 3123, 3173, 3220, 3268, 3316, 5611, 5880, 5889, 5898, 5907, 5916, 5925, 5953, 6014]@{}
http://www.comp.hkbu.edu.hk/v1/?page=sitemap?=sc?=tc@[2783, 3022, 3072, 3123, 3173, 3220, 3268, 3316, 5625, 5894, 5903, 5912, 5921, 5930, 5939, 5967, 6028]@{}
http://www.comp.hkbu.edu.hk/v1/?page=home@[2783, 3018, 3068, 3119, 3169, 3216, 3264, 3312, 5603, 5872, 5881, 5890, 5899, 5908, 5917, 5945, 6006]@{}
http://www.comp.hkbu.edu.hk/v1/?page=job_vacancies?=tc?=tc?=tc@[2783, 3024, 3074, 3125, 3175, 3222, 3270, 3318, 5625, 5894, 5903, 5912, 5921, 5930, 5939, 5967, 6028]@{}
http://www.comp.hkbu.edu.hk/v1/?page=job_vacancies?=sc?=tc?=tc@[2783, 3024, 3074, 3125, 3175, 3222, 3270, 3318, 5609, 5878, 5887, 5896, 5905, 5914, 5923, 5951, 6012]@{}
http://www.comp.hkbu.edu.hk/v1/?page=sitemap?=tc?=tc?=tc@[2783, 3024, 3074, 3125, 3175, 3222, 3270, 3318, 5615, 5884, 5893, 5902, 5911, 5920, 5929, 5957, 6018]@{}
http://www.comp.hkbu.edu.hk/v1/?page=sitemap?=sc?=tc?=tc@[2783, 3024, 3074, 3125, 3175, 3222, 3270, 3318, 5618, 5887, 5896, 5905, 5914, 5923, 5932, 5960, 6021]@{}
http://www.comp.hkbu.edu.hk/v1/?page=home?=tc@[2783, 3020, 3070, 3121, 3171, 3218, 3266, 3314, 5613, 5882, 5891, 5900, 5909, 5918, 5927, 5955, 6016]@{}
http://www.comp.hkbu.edu.hk/v1/?page=job_vacancies?=tc?=tc?=tc?=tc@[2783, 3026, 3076, 3127, 3177, 3224, 3272, 3320, 5626, 5895, 5904, 5913, 5922, 5931, 5940, 5968, 6029]@{}
http://www.comp.hkbu.edu.hk/v1/?page=job_vacancies?=sc?=tc?=tc?=tc@[2783, 3026, 3076, 3127, 3177, 3224, 3272, 3320, 5627, 5896, 5905, 5914, 5923, 5932, 5941, 5969, 6030]@{}
http://www.comp.hkbu.edu.hk/v1/?page=sitemap?=tc?=tc?=tc?=tc@[2783, 3026, 3076, 3127, 3177, 3224, 3272, 3320, 5615, 5884, 5893, 5902, 5911, 5920, 5929, 5957, 6018]@{}
http://www.comp.hkbu.edu.hk/v1/?page=sitemap?=sc?=tc?=tc?=tc@[2783, 3026, 3076, 3127, 3177, 3224, 3272, 3320, 5626, 5895, 5904, 5913, 5922, 5931, 5940, 5968, 6029]@{}
http://www.comp.hkbu.edu.hk/v1/?page=home?=tc?=tc@[2783, 3022, 3072, 3123, 3173, 3220, 3268, 3316, 5615, 5884, 5893, 5902, 5911, 5920, 5929, 5957, 6018]@{}
http://www.comp.hkbu.edu.hk/v1/?page=job_vacancies?=tc?=tc?=tc?=tc?=tc@[2783, 3028, 3078, 3129, 3179, 3226, 3274, 3322, 5629, 5898, 5907, 5916, 5925, 5934, 5943, 5971, 6032]@{}
http://www.comp.hkbu.edu.hk/v1/?page=job_vacancies?=sc?=tc?=tc?=tc?=tc@[2783, 3028, 3078, 3129, 3179, 3226, 3274, 3322, 5614, 5883, 5892, 5901, 5910, 5919, 5928, 5956, 6017]@{}
http://www.comp.hkbu.edu.hk/v1/?page=sitemap?=tc?=tc?=tc?=tc?=tc@[2783, 3028, 3078, 3129, 3179, 3226, 3274, 3322, 5622, 5891, 5900, 5909, 5918, 5927, 5936, 5964, 6025]@{}
http://www.comp.hkbu.edu.hk/v1/?page=sitemap?=sc?=tc?=tc?=tc?=tc@[2783, 3028, 3078, 3129, 3179, 3226, 3274, 3322, 5628, 5897, 5906, 5915, 5924, 5933, 5942, 5970, 6031]@{}
http://www.comp.hkbu.edu.hk/v1/?page=home?=tc?=tc?=tc@[2783, 3024, 3074, 3125, 3175, 3222, 3270, 3318, 5613, 5882, 5891, 5900, 5909, 5918, 5927, 5955, 6016]@{}
http://www.comp.hkbu.edu.hk/v1/?page=job_vacancies@[2331, 2566, 2616, 2667, 2717, 2764, 2812, 2860]@{}
http://www.comp.hkbu.edu.hk/v1/?page=job_vacancies?=tc?=tc?=tc?=tc?=tc?=tc@[2783, 3030, 3080, 3131, 3181, 3228, 3276, 3324, 5617, 5886, 5895, 5904, 5913, 5922, 5931, 5959, 6020]@{}
http://www.comp.hkbu.edu.hk/v1/?page=job_vacancies?=sc?=tc?=tc?=tc?=tc?=tc@[2783, 3030, 3080, 3131, 3181, 3228, 3276, 3324, 5616, 5885, 5894, 5903, 5912, 5921, 5930, 5958, 6019]@{}
http://www.comp.hkbu.edu.hk/v1/?page=sitemap?=tc?=tc?=tc?=tc?=tc?=tc@[2783, 3030, 3080, 3131, 3181, 3228, 3276, 3324, 5620, 5889, 5898, 5907, 5916, 5925, 5934, 5962, 6023]@{}
http://www.comp.hkbu.edu.hk/v1/?page=sitemap?=sc?=tc?=tc?=tc?=tc?=tc@[2783, 3030, 3080, 3131, 3181, 3228, 3276, 3324, 5638, 5907, 5916, 5925, 5934, 5943, 5952, 5980, 6041]@{}
http://www.comp.hkbu.edu.hk/v1/?page=home?=tc?=tc?=tc?=tc@[2783, 3026, 3076, 3127, 3177, 3224, 3272, 3320, 5619, 5888, 5897, 5906, 5915, 5924, 5933, 5961, 6022]@{}
http://www.comp.hkbu.edu.hk/v1/?page=job_vacancies?=tc?=tc?=tc?=tc?=tc?=tc?=tc@[2783, 3032, 3082, 3133, 3183, 3230, 3278, 3326, 5621, 5890, 5899, 5908, 5917, 5926, 5935, 5963, 6024]@{}
http://www.comp.hkbu.edu.hk/v1/?page=job_vacancies?=sc?=tc?=tc?=tc?=tc?=tc?=tc@[2783, 3032, 3082, 3133, 3183, 3230, 3278, 3326, 5618, 5887, 5896, 5905, 5914, 5923, 5932, 5960, 6021]@{}
http://www.comp.hkbu.edu.hk/v1/?page=sitemap?=tc?=tc?=tc?=tc?=tc?=tc?=tc@[2783, 3032, 3082, 3133, 3183, 3230, 3278, 3326, 5620, 5889, 5898, 5907, 5916, 5925, 5934, 5962, 6023]@{}
http://www.comp.hkbu.edu.hk/v1/?page=sitemap?=sc?=tc?=tc?=tc?=tc?=tc?=tc@[2783, 3032, 3082, 3133, 3183, 3230, 3278, 3326, 5622, 5891, 5900, 5909, 5918, 5927, 5936, 5964, 6025]@{}
http://www.comp.hkbu.edu.hk/v1/?page=home?=tc?=tc?=tc?=tc?=tc@[2783, 3028, 3078, 3129, 3179, 3226, 3274, 3322, 5622, 5891, 5900, 5909, 5918, 5927, 5936, 5964, 6025]@{}
http://www.comp.hkbu.edu.hk/v1/?page=job_vacancies?=tc?=tc?=tc?=tc?=tc?=tc?=tc?=tc@[2783, 3034, 3084, 3135, 3185, 3232, 3280, 3328, 5637, 5906, 5915, 5924, 5933, 5942, 5951, 5979, 6040]@{}
http://www.comp.hkbu.edu.hk/v1/?page=job_vacancies?=sc?=tc?=tc?=tc?=tc?=tc?=tc?=tc@[2783, 3034, 3084, 3135, 3185, 3232, 3280, 3328, 5621, 5890, 5899, 5908, 5917, 5926, 5935, 5963, 6024]@{}
http://www.comp.hkbu.edu.hk/v1/?page=sitemap?=tc?=tc?=tc?=tc?=tc?=tc?=tc?=tc@[2783, 3034, 3084, 3135, 3185, 3232, 3280, 3328, 5624, 5893, 5902, 5911, 5920, 5929, 5938, 5966, 6027]@{}
http://www.comp.hkbu.edu.hk/v1/?page=sitemap?=sc?=tc?=tc?=tc?=tc?=tc?=tc?=tc@[2783, 3034, 3084, 3135, 3185, 3232, 3280, 3328, 5638, 5907, 5916, 5925, 5934, 5943, 5952, 5980, 6041]@{}
http://www.comp.hkbu.edu.hk/v1/?page=sitemap@[2329, 2564, 2614, 2665, 2715, 2762, 2810, 2858]@{}
http://www.comp.hkbu.edu.hk/v1/?page=home?=tc?=tc?=tc?=tc?=tc?=tc@[2783, 3030, 3080, 3131, 3181, 3228, 3276, 3324, 5623, 5892, 5901, 5910, 5919, 5928, 5937, 5965, 6026]@{}
http://www.comp.hkbu.edu.hk/v1/?page=job_vacancies?=tc?=tc?=tc?=tc?=tc?=tc?=tc?=tc?=tc@[2783, 3036, 3086, 3137, 3187, 3234, 3282, 3330, 5637, 5906, 5915, 5924, 5933, 5942, 5951, 5979, 6040]@{}
http://www.comp.hkbu.edu.hk/v1/?page=job_vacancies?=sc?=tc?=tc?=tc?=tc?=tc?=tc?=tc?=tc@[2783, 3036, 3086, 3137, 3187, 3234, 3282, 3330, 5636, 5905, 5914, 5923, 5932, 5941, 5950, 5978, 6039]@{}
http://www.comp.hkbu.edu.hk/v1/?page=sitemap?=tc?=tc?=tc?=tc?=tc?=tc?=tc?=tc?=tc@[2783, 3036, 3086, 3137, 3187, 3234, 3282, 3330, 5621, 5890, 5899, 5908, 5917, 5926, 5935, 5963, 6024]@{}
http://www.comp.hkbu.edu.hk/v1/?page=sitemap?=sc?=tc?=tc?=tc?=tc?=tc?=tc?=tc?=tc@[2783, 3036, 3086, 3137, 3187, 3234, 3282, 3330, 5639, 5908, 5917, 5926, 5935, 5944, 5953, 5981, 6042]@{}
http://www.comp.hkbu.edu.hk/v1/?lang=tc@[2783, 3014, 3064, 3115, 3165, 3212, 3260, 3308, 5621, 5890, 5899, 5908, 5917, 5926, 5935, 5963, 6024]@{}
http://www.sci.hkbu.edu.hk/eng/page/?page=prospective-students@[1023, 1044, 1057, 1069, 1092, 1106, 1120, 1952, 1961, 1969, 1996, 2025, 2054]@{}
http://www.sci.hkbu.edu.hk/eng/page/?page=current-students@[1023, 1044, 1057, 1069, 1092, 1106, 1120, 1952, 1961, 1969, 1996, 2025, 2054]@{}
http://www.sci.hkbu.edu.hk/eng/page/@[1023, 1044, 1057, 1069, 1092, 1106, 1120, 1952, 1961, 1969, 1996, 2025, 2054]@{}
http://www.sci.hkbu.edu.hk/eng/about-us/honorary-doctorate@[1023, 1044, 1057, 1069, 1092, 1106, 1120, 1952, 1961, 1969, 1996, 2025, 2054]@{}
http://www.sci.hkbu.edu.hk/eng/about-us/distinguished-professorship/eng/page/?page=prospective-students@[1023, 1044, 1057, 1069, 1092, 1106, 1120, 1952, 1961, 1969, 1996, 2025, 2054, 5572, 5578, 5601, 5607, 5626, 5632, 5651, 5657, 5676, 5682, 5691, 5704, 5713, 5722, 5731]@{}
http://www.sci.hkbu.edu.hk/eng/about-us/honorary-doctorate/eng/page/?page=prospective-students@[1023, 1044, 1057, 1069, 1092, 1106, 1120, 1952, 1961, 1969, 1996, 2025, 2054, 5572, 5578, 5601, 5607, 5626, 5632, 5651, 5657, 5676, 5682, 5691, 5704, 5713, 5722, 5731]@{}
http://www.sci.hkbu.edu.hk/eng/about-us/distinguished-professor-of-science@[1023, 1044, 1057, 1069, 1092, 1106, 1120, 1952, 1961, 1969, 1996, 2025, 2054]@{}
http://www.sci.hkbu.edu.hk/eng/about-us/dr-kennedy-wong-distinguished-visiting-professorship-scheme@[1023, 1044, 1057, 1069, 1092, 1106, 1120, 1952, 1961, 1969, 1996, 2025, 2054]@{}
http://www.sci.hkbu.edu.hk/eng/about-us/distinguished-professor-of-science/eng/page/?page=prospective-students@[1023, 1044, 1057, 1069, 1092, 1106, 1120, 1952, 1961, 1969, 1996, 2025, 2054, 5572, 5578, 5601, 5607, 5626, 5632, 5651, 5657, 5676, 5682, 5691, 5704, 5713, 5722, 5731]@{}
http://www.sci.hkbu.edu.hk/eng/about-us/dr-kennedy-wong-distinguished-visiting-professorship-scheme/eng/page/?page=prospective-students@[1023, 1044, 1057, 1069, 1092, 1106, 1120, 1952, 1961, 1969, 1996, 2025, 2054, 5572, 5578, 5601, 5607, 5626, 5632, 5651, 5657, 5676, 5682, 5691, 5704, 5713, 5722, 5731]@{}
http://www.sci.hkbu.edu.hk/eng/page/eng/about-us/vision-mission@[1023, 1044, 1057, 1069, 1092, 1106, 1120, 1952, 1961, 1969, 1996, 2025, 2054, 5572, 5578, 5601, 5607, 5626, 5632, 5651, 5657, 5676, 5682, 5691, 5704, 5713, 5722, 5731]@{}
http://www.sci.hkbu.edu.hk/eng/page/eng/about-us/faculty-advisory-committee@[1023, 1044, 1057, 1069, 1092, 1106, 1120, 1952, 1961, 1969, 1996, 2025, 2054, 5572, 5578, 5601, 5607, 5626, 5632, 5651, 5657, 5676, 5682, 5691, 5704, 5713, 5722, 5731]@{}
http://www.sci.hkbu.edu.hk/eng@[1023, 1044, 1057, 1069, 1092, 1106, 1120, 1952, 1961, 1969, 1996, 2025, 2054, 5572, 5578, 5601, 5607, 5626, 5632, 5651, 5657, 5676, 5682, 5691, 5704, 5713, 5722, 5731]@{}
http://www.sci.hkbu.edu.hk/eng/about-us/vision-mission@[1023, 1044, 1057, 1069, 1092, 1106, 1120, 1952, 1961, 1969, 1996, 2025, 2054]@{}
http://www.sci.hkbu.edu.hk/eng/about-us/faculty-advisory-committee@[1023, 1044, 1057, 1069, 1092, 1106, 1120, 1952, 1961, 1969, 1996, 2025, 2054]@{}
http://www.sci.hkbu.edu.hk/eng/about-us/vision-mission/eng/page/?page=prospective-students@[1023, 1044, 1057, 1069, 1092, 1106, 1120, 1952, 1961, 1969, 1996, 2025, 2054, 5572, 5578, 5601, 5607, 5626, 5632, 5651, 5657, 5676, 5682, 5691, 5704, 5713, 5722, 5731]@{}
http://www.sci.hkbu.edu.hk/eng/about-us/faculty-advisory-committee/eng/page/?page=prospective-students@[1023, 1044, 1057, 1069, 1092, 1106, 1120, 1952, 1961, 1969, 1996, 2025, 2054, 5572, 5578, 5601, 5607, 5626, 5632, 5651, 5657, 5676, 5682, 5691, 5704, 5713, 5722, 5731]@{}
http://www.sci.hkbu.edu.hk/eng/about-us/distinguished-professorship@[1023, 1044, 1057, 1069, 1092, 1106, 1120, 1952, 1961, 1969, 1996, 2025, 2054]@{}
