http://www.comp.hkbu.edu.hk@[1478, 1483, 1491, 1498, 1510, 1524, 1528, 1537, 1543, 1551, 1564, 1568, 1577, 1583, 1591, 1604, 1619, 1629, 3120, 3124, 3129]@{}
http://www.comp.hkbu.edu.hk/v1/?page=job_vacancies?=tc@[1478, 1483, 1491, 1498, 1510, 1524, 1528, 1537, 1543, 1551, 1564, 1568, 1577, 1583, 1591, 1604, 1619, 1629, 3126, 3130, 3135]@{}
http://www.comp.hkbu.edu.hk/v1/?page=job_vacancies?=sc@[1478, 1483, 1491, 1498, 1510, 1524, 1528, 1537, 1543, 1551, 1564, 1568, 1577, 1583, 1591, 1604, 1619, 1629, 3126, 3130, 3135]@{}
http://www.comp.hkbu.edu.hk/v1/?page=sitemap?=tc@[1478, 1483, 1491, 1498, 1510, 1524, 1528, 1537, 1543, 1551, 1564, 1568, 1577, 1583, 1591, 1604, 1619, 1629, 3126, 3130, 3135]@{}
http://www.comp.hkbu.edu.hk/v1/?page=sitemap?=sc@[1478, 1483, 1491, 1498, 1510, 1524, 1528, 1537, 1543, 1551, 1564, 1568, 1577, 1583, 1591, 1604, 1619, 1629, 3126, 3130, 3135]@{}
http://www.comp.hkbu.edu.hk/v1/?lang=sc@[1478, 1483, 1491, 1498, 1510, 1524, 1528, 1537, 1543, 1551, 1564, 1568, 1577, 1583, 1591, 1604, 1619, 1629, 3120, 3124, 3129]@{}
http://www.comp.hkbu.edu.hk/v1/?page=job_vacancies?=tc?=tc@[1478, 1483, 1491, 1498, 1510, 1524, 1528, 1537, 1543, 1551, 1564, 1568, 1577, 1583, 1591, 1604, 1619, 1629, 3128, 3132, 3137]@{}
http://www.comp.hkbu.edu.hk/v1/?page=job_vacancies?=sc?=tc@[1478, 1483, 1491, 1498, 1510, 1524, 1528, 1537, 1543, 1551, 1564, 1568, 1577, 1583, 1591, 1604, 1619, 1629, 3128, 3132, 3137]@{}
http://www.comp.hkbu.edu.hk/v1/?page=sitemap?=tc?=tc@[1478, 1483, 1491, 1498, 1510, 1524, 1528, 1537, 1543, 1551, 1564, 1568, 1577, 1583, 1591, 1604, 1619, 1629, 3128, 3132, 3137]@{}
http://www.comp.hkbu.edu.hk/v1/?page=sitemap?=sc?=tc@[1478, 1483, 1491, 1498, 1510, 1524, 1528, 1537, 1543, 1551, 1564, 1568, 1577, 1583, 1591, 1604, 1619, 1629, 3128, 3132, 3137]@{}
http://www.comp.hkbu.edu.hk/v1/?page=home@[1478, 1483, 1491, 1498, 1510, 1524, 1528, 1537, 1543, 1551, 1564, 1568, 1577, 1583, 1591, 1604, 1619, 1629, 3124, 3128, 3133]@{}
http://www.comp.hkbu.edu.hk/v1/?page=job_vacancies?=tc?=tc?=tc@[1478, 1483, 1491, 1498, 1510, 1524, 1528, 1537, 1543, 1551, 1564, 1568, 1577, 1583, 1591, 1604, 1619, 1629, 3130, 3134, 3139]@{}
http://www.comp.hkbu.edu.hk/v1/?page=job_vacancies?=sc?=tc?=tc@[1478, 1483, 1491, 1498, 1510, 1524, 1528, 1537, 1543, 1551, 1564, 1568, 1577, 1583, 1591, 1604, 1619, 1629, 3130, 3134, 3139]@{}
http://www.comp.hkbu.edu.hk/v1/?page=sitemap?=tc?=tc?=tc@[1478, 1483, 1491, 1498, 1510, 1524, 1528, 1537, 1543, 1551, 1564, 1568, 1577, 1583, 1591, 1604, 1619, 1629, 3130, 3134, 3139]@{}
http://www.comp.hkbu.edu.hk/v1/?page=sitemap?=sc?=tc?=tc@[1478, 1483, 1491, 1498, 1510, 1524, 1528, 1537, 1543, 1551, 1564, 1568, 1577, 1583, 1591, 1604, 1619, 1629, 3130, 3134, 3139]@{}
http://www.comp.hkbu.edu.hk/v1/?page=home?=tc@[1478, 1483, 1491, 1498, 1510, 1524, 1528, 1537, 1543, 1551, 1564, 1568, 1577, 1583, 1591, 1604, 1619, 1629, 3126, 3130, 3135]@{}
http://www.comp.hkbu.edu.hk/v1/?page=job_vacancies?=tc?=tc?=tc?=tc@[1478, 1483, 1491, 1498, 1510, 1524, 1528, 1537, 1543, 1551, 1564, 1568, 1577, 1583, 1591, 1604, 1619, 1629, 3132, 3136, 3141]@{}
http://www.comp.hkbu.edu.hk/v1/?page=job_vacancies?=sc?=tc?=tc?=tc@[1478, 1483, 1491, 1498, 1510, 1524, 1528, 1537, 1543, 1551, 1564, 1568, 1577, 1583, 1591, 1604, 1619, 1629, 3132, 3136, 3141]@{}
http://www.comp.hkbu.edu.hk/v1/?page=sitemap?=tc?=tc?=tc?=tc@[1478, 1483, 1491, 1498, 1510, 1524, 1528, 1537, 1543, 1551, 1564, 1568, 1577, 1583, 1591, 1604, 1619, 1629, 3132, 3136, 3141]@{}
http://www.comp.hkbu.edu.hk/v1/?page=sitemap?=sc?=tc?=tc?=tc@[1478, 1483, 1491, 1498, 1510, 1524, 1528, 1537, 1543, 1551, 1564, 1568, 1577, 1583, 1591, 1604, 1619, 1629, 3132, 3136, 3141]@{}
http://www.comp.hkbu.edu.hk/v1/?page=home?=tc?=tc@[1478, 1483, 1491, 1498, 1510, 1524, 1528, 1537, 1543, 1551, 1564, 1568, 1577, 1583, 1591, 1604, 1619, 1629, 3128, 3132, 3137]@{}
http://www.comp.hkbu.edu.hk/v1/?page=job_vacancies?=tc?=tc?=tc?=tc?=tc@[1478, 1483, 1491, 1498, 1510, 1524, 1528, 1537, 1543, 1551, 1564, 1568, 1577, 1583, 1591, 1604, 1619, 1629, 3134, 3138, 3143]@{}
http://www.comp.hkbu.edu.hk/v1/?page=job_vacancies?=sc?=tc?=tc?=tc?=tc@[1478, 1483, 1491, 1498, 1510, 1524, 1528, 1537, 1543, 1551, 1564, 1568, 1577, 1583, 1591, 1604, 1619, 1629, 3134, 3138, 3143]@{}
http://www.comp.hkbu.edu.hk/v1/?page=sitemap?=tc?=tc?=tc?=tc?=tc@[1478, 1483, 1491, 1498, 1510, 1524, 1528, 1537, 1543, 1551, 1564, 1568, 1577, 1583, 1591, 1604, 1619, 1629, 3134, 3138, 3143]@{}
http://www.comp.hkbu.edu.hk/v1/?page=sitemap?=sc?=tc?=tc?=tc?=tc@[1478, 1483, 1491, 1498, 1510, 1524, 1528, 1537, 1543, 1551, 1564, 1568, 1577, 1583, 1591, 1604, 1619, 1629, 3134, 3138, 3143]@{}
http://www.comp.hkbu.edu.hk/v1/?page=home?=tc?=tc?=tc@[1478, 1483, 1491, 1498, 1510, 1524, 1528, 1537, 1543, 1551, 1564, 1568, 1577, 1583, 1591, 1604, 1619, 1629, 3130, 3134, 3139]@{}
http://www.comp.hkbu.edu.hk/v1/?page=job_vacancies@[1026, 1031, 1039, 1046, 1058, 1072, 1076, 1085, 1091, 1099, 1112, 1116, 1125, 1131, 1139, 1152, 1167, 1177, 2672, 2676, 2681]@{}
http://www.comp.hkbu.edu.hk/v1/?page=job_vacancies?=tc?=tc?=tc?=tc?=tc?=tc@[1478, 1483, 1491, 1498, 1510, 1524, 1528, 1537, 1543, 1551, 1564, 1568, 1577, 1583, 1591, 1604, 1619, 1629, 3136, 3140, 3145]@{}
http://www.comp.hkbu.edu.hk/v1/?page=job_vacancies?=sc?=tc?=tc?=tc?=tc?=tc@[1478, 1483, 1491, 1498, 1510, 1524, 1528, 1537, 1543, 1551, 1564, 1568, 1577, 1583, 1591, 1604, 1619, 1629, 3136, 3140, 3145]@{}
http://www.comp.hkbu.edu.hk/v1/?page=sitemap?=tc?=tc?=tc?=tc?=tc?=tc@[1478, 1483, 1491, 1498, 1510, 1524, 1528, 1537, 1543, 1551, 1564, 1568, 1577, 1583, 1591, 1604, 1619, 1629, 3136, 3140, 3145]@{}
http://www.comp.hkbu.edu.hk/v1/?page=sitemap?=sc?=tc?=tc?=tc?=tc?=tc@[1478, 1483, 1491, 1498, 1510, 1524, 1528, 1537, 1543, 1551, 1564, 1568, 1577, 1583, 1591, 1604, 1619, 1629, 3136, 3140, 3145]@{}
http://www.comp.hkbu.edu.hk/v1/?page=home?=tc?=tc?=tc?=tc@[1478, 1483, 1491, 1498, 1510, 1524, 1528, 1537, 1543, 1551, 1564, 1568, 1577, 1583, 1591, 1604, 1619, 1629, 3132, 3136, 3141]@{}
http://www.comp.hkbu.edu.hk/v1/?page=job_vacancies?=tc?=tc?=tc?=tc?=tc?=tc?=tc@[1478, 1483, 1491, 1498, 1510, 1524, 1528, 1537, 1543, 1551, 1564, 1568, 1577, 1583, 1591, 1604, 1619, 1629, 3138, 3142, 3147]@{}
http://www.comp.hkbu.edu.hk/v1/?page=job_vacancies?=sc?=tc?=tc?=tc?=tc?=tc?=tc@[1478, 1483, 1491, 1498, 1510, 1524, 1528, 1537, 1543, 1551, 1564, 1568, 1577, 1583, 1591, 1604, 1619, 1629, 3138, 3142, 3147]@{}
http://www.comp.hkbu.edu.hk/v1/?page=sitemap?=tc?=tc?=tc?=tc?=tc?=tc?=tc@[1478, 1483, 1491, 1498, 1510, 1524, 1528, 1537, 1543, 1551, 1564, 1568, 1577, 1583, 1591, 1604, 1619, 1629, 3138, 3142, 3147]@{}
http://www.comp.hkbu.edu.hk/v1/?page=sitemap?=sc?=tc?=tc?=tc?=tc?=tc?=tc@[1478, 1483, 1491, 1498, 1510, 1524, 1528, 1537, 1543, 1551, 1564, 1568, 1577, 1583, 1591, 1604, 1619, 1629, 3138, 3142, 3147]@{}
http://www.comp.hkbu.edu.hk/v1/?page=home?=tc?=tc?=tc?=tc?=tc@[1478, 1483, 1491, 1498, 1510, 1524, 1528, 1537, 1543, 1551, 1564, 1568, 1577, 1583, 1591, 1604, 1619, 1629, 3134, 3138, 3143]@{}
http://www.comp.hkbu.edu.hk/v1/?page=job_vacancies?=tc?=tc?=tc?=tc?=tc?=tc?=tc?=tc@[1478, 1483, 1491, 1498, 1510, 1524, 1528, 1537, 1543, 1551, 1564, 1568, 1577, 1583, 1591, 1604, 1619, 1629, 3140, 3144, 3149]@{}
http://www.comp.hkbu.edu.hk/v1/?page=job_vacancies?=sc?=tc?=tc?=tc?=tc?=tc?=tc?=tc@[1478, 1483, 1491, 1498, 1510, 1524, 1528, 1537, 1543, 1551, 1564, 1568, 1577, 1583, 1591, 1604, 1619, 1629, 3140, 3144, 3149]@{}
http://www.comp.hkbu.edu.hk/v1/?page=sitemap?=tc?=tc?=tc?=tc?=tc?=tc?=tc?=tc@[1478, 1483, 1491, 1498, 1510, 1524, 1528, 1537, 1543, 1551, 1564, 1568, 1577, 1583, 1591, 1604, 1619, 1629, 3140, 3144, 3149]@{}
http://www.comp.hkbu.edu.hk/v1/?page=sitemap?=sc?=tc?=tc?=tc?=tc?=tc?=tc?=tc@[1478, 1483, 1491, 1498, 1510, 1524, 1528, 1537, 1543, 1551, 1564, 1568, 1577, 1583, 1591, 1604, 1619, 1629, 3140, 3144, 3149]@{}
http://www.comp.hkbu.edu.hk/v1/?page=sitemap@[1024, 1029, 1037, 1044, 1056, 1070, 1074, 1083, 1089, 1097, 1110, 1114, 1123, 1129, 1137, 1150, 1165, 1175, 2670, 2674, 2679, 4238, 4239]@{}
http://www.comp.hkbu.edu.hk/v1/?page=home?=tc?=tc?=tc?=tc?=tc?=tc@[1478, 1483, 1491, 1498, 1510, 1524, 1528, 1537, 1543, 1551, 1564, 1568, 1577, 1583, 1591, 1604, 1619, 1629, 3136, 3140, 3145]@{}
http://www.comp.hkbu.edu.hk/v1/?page=job_vacancies?=tc?=tc?=tc?=tc?=tc?=tc?=tc?=tc?=tc@[1478, 1483, 1491, 1498, 1510, 1524, 1528, 1537, 1543, 1551, 1564, 1568, 1577, 1583, 1591, 1604, 1619, 1629, 3142, 3146, 3151]@{}
http://www.comp.hkbu.edu.hk/v1/?page=job_vacancies?=sc?=tc?=tc?=tc?=tc?=tc?=tc?=tc?=tc@[1478, 1483, 1491, 1498, 1510, 1524, 1528, 1537, 1543, 1551, 1564, 1568, 1577, 1583, 1591, 1604, 1619, 1629, 3142, 3146, 3151]@{}
http://www.comp.hkbu.edu.hk/v1/?page=sitemap?=tc?=tc?=tc?=tc?=tc?=tc?=tc?=tc?=tc@[1478, 1483, 1491, 1498, 1510, 1524, 1528, 1537, 1543, 1551, 1564, 1568, 1577, 1583, 1591, 1604, 1619, 1629, 3142, 3146, 3151]@{}
http://www.comp.hkbu.edu.hk/v1/?page=sitemap?=sc?=tc?=tc?=tc?=tc?=tc?=tc?=tc?=tc@[1478, 1483, 1491, 1498, 1510, 1524, 1528, 1537, 1543, 1551, 1564, 1568, 1577, 1583, 1591, 1604, 1619, 1629, 3142, 3146, 3151]@{}
http://www.comp.hkbu.edu.hk/v1/?lang=tc@[1478, 1483, 1491, 1498, 1510, 1524, 1528, 1537, 1543, 1551, 1564, 1568, 1577, 1583, 1591, 1604, 1619, 1629, 3120, 3124, 3129]@{}
