https://www.comp.hkbu.edu.hk/v1/?page=whats_new@[407, 594, 751, 977, 1096, 1150, 1197, 1257, 1312, 1370, 1401, 1426, 1483, 1584, 1609, 1646, 1658, 1686, 1694, 1800, 1808, 1948, 1956, 2010, 2060, 2088, 2207, 2273, 2295, 2303, 2311, 2337, 2357, 2386, 2672, 2692, 2731, 2739, 2798, 2826, 2876, 2905]@[407, 594, 751, 977, 1096, 1150, 1197, 1257, 1312, 1370, 1401, 1426, 1483, 1584, 1609, 1646, 1658, 1686, 1694, 1800, 1808, 1948, 1956, 2010, 2060, 2088, 2207, 2273, 2295, 2303, 2311, 2337, 2357, 2386, 2672, 2692, 2731, 2739, 2798, 2826, 2876, 2905]
https://www.comp.hkbu.edu.hk/v1/?page=funded_projects@[3088]@[3088]
https://www.comp.hkbu.edu.hk/v1/?page=technical_reports@[162, 164, 166, 168, 170, 172]@[162, 164, 166, 168, 170, 172]
https://www.comp.hkbu.edu.hk/v1/?page=news@[407, 594, 751, 977, 1096, 1150, 1197, 1257, 1312, 1370, 1401, 1426, 1483, 1584, 1609, 1646, 1658, 1686, 1694, 1800, 1808, 1948, 1956, 2010, 2060, 2088, 2207, 2273, 2295, 2303, 2311, 2337, 2357, 2386, 2672, 2692, 2731, 2739, 2798, 2826, 2876, 2905]@[407, 594, 751, 977, 1096, 1150, 1197, 1257, 1312, 1370, 1401, 1426, 1483, 1584, 1609, 1646, 1658, 1686, 1694, 1800, 1808, 1948, 1956, 2010, 2060, 2088, 2207, 2273, 2295, 2303, 2311, 2337, 2357, 2386, 2672, 2692, 2731, 2739, 2798, 2826, 2876, 2905]
https://www.comp.hkbu.edu.hk/v1/?page=events@[2815, 7941]@[2815, 7941]
https://www.comp.hkbu.edu.hk/v1/?page=career_wt@[269, 271, 273, 275, 277, 279, 281, 283, 285, 287, 289, 291]@[269, 271, 273, 275, 277, 279, 281, 283, 285, 287, 289, 291]
https://www.comp.hkbu.edu.hk/v1/?page=seminars@[449, 451, 453, 455, 457, 459, 461, 463, 465, 467, 469, 471, 473, 475, 477, 479]@[449, 451, 453, 455, 457, 459, 461, 463, 465, 467, 469, 471, 473, 475, 477, 479]
https://www.comp.hkbu.edu.hk/v1/?page=dlecture@[2, 14, 1877, 4867, 4870, 4879, 4884, 4889, 4896, 4900, 4904, 4908, 4912, 4922]@[14, 1877, 4867, 4870, 4879, 4884, 4889, 4896, 4900, 4904, 4908, 4912, 4922]
https://www.comp.hkbu.edu.hk/v1/?file=1431@[6163, 6214, 6291, 6342, 6419, 6519, 6630, 6669, 6722, 6761, 6814, 6890]@[]
https://www.hkstp.org/en/about-us/who-we-are@[689]@[689]
https://www.hkstp.org/about-us/who-we-are@[689]@[689]
