https://iss.hkbu.edu.hk/buam/buam2/change_pwd/index.seam@[18, 48]@[18, 48]
https://www.comp.hkbu.edu.hk/v1/?page=whats_new@[309, 3090, 3897]@[309, 3090, 3897]
https://aao.hkbu.edu.hk/en/contact/index.php@[74]@[74]
https://www.comp.hkbu.edu.hk/v1/?page=centres@[240, 310, 419]@[240, 310, 419]
https://www.comp.hkbu.edu.hk/v1/?page=funded_projects@[739, 866, 1121, 1169, 2225, 2330, 2417, 2715, 2862]@[739, 866, 1121, 1169, 2225, 2330, 2417, 2715, 2862]
https://www.comp.hkbu.edu.hk/v1/?page=facilities_teaching@[129]@[129]
https://www.comp.hkbu.edu.hk/v1/?page=news@[309, 3090, 3897]@[309, 3090, 3897]
https://www.comp.hkbu.edu.hk/v1/?page=events@[407, 703, 2120, 3029, 3145, 4259, 6918, 6924, 7173, 7546, 7582, 8164]@[407, 703, 2120, 3029, 3145, 4259, 6918, 6924, 7173, 7546, 7582, 8164]
https://www.hkstp.org/en/about-us/event-and-activities/hong-kong-science-park-career-expo-2020-18-april-2020@[156, 218, 380, 503, 546, 593]@[156, 218, 380, 503, 546, 593]
https://www.comp.hkbu.edu.hk/v1/?pid=124@[220]@[220]
https://policies.google.com/terms@[40, 67, 71, 75, 89, 149, 203, 227, 240, 244, 258, 300, 349, 444, 462, 465, 488, 492, 496, 529, 577, 584, 604, 619, 657, 669, 718, 723, 741, 810, 860, 888, 899, 905, 990, 1008, 1024, 1063, 1088, 1301, 1419, 1473, 1478, 1531, 1578, 1616, 1644, 1736, 1762, 1782, 1849, 1868, 1872, 1928, 1965, 1979, 1985, 2043, 2063, 2113, 2198, 2271, 2275, 2291, 2359, 2413, 2469, 2543, 2586, 2592, 2598, 2639, 2798, 2887, 3012, 3096, 3109, 3211, 3234, 3274, 3454, 3458, 3562, 3574, 3667, 3710, 3743, 3823, 3949, 3951, 3962, 3988, 4018, 4059]@[40, 67, 71, 75, 89, 149, 203, 227, 240, 244, 258, 300, 349, 444, 462, 465, 488, 492, 496, 529, 577, 584, 604, 619, 657, 669, 718, 723, 741, 810, 860, 888, 899, 905, 990, 1008, 1024, 1063, 1088, 1301, 1419, 1473, 1478, 1531, 1578, 1616, 1644, 1736, 1762, 1782, 1849, 1868, 1872, 1928, 1965, 1979, 1985, 2043, 2063, 2113, 2198, 2271, 2275, 2291, 2359, 2413, 2469, 2543, 2586, 2592, 2598, 2639, 2798, 2887, 3012, 3096, 3109, 3211, 3234, 3274, 3454, 3458, 3562, 3574, 3667, 3710, 3743, 3823, 3949, 3951, 3962, 3988, 4018, 4059]
https://policies.google.com/privacy@[99, 219, 237, 279, 323, 361, 430, 437, 495, 636, 652, 686, 705, 769, 846, 875, 940, 955, 1035, 1218, 1242, 1284, 1294, 1301, 1309, 1336, 1345, 1372, 1392, 1395, 1404, 1435, 1449, 1651, 1737, 1795, 1839, 1902, 1959, 2021, 2117, 2184, 2330, 2345, 2399, 2585, 2602, 2726, 2776, 2837, 2973, 3246, 3322, 3348, 3571, 3711, 3776, 3977, 3989, 3998, 4006, 4037, 4038, 4053, 4066, 4128, 4140, 4151, 4329, 4353, 4377, 4560, 4603, 4625, 4660, 5218, 5374, 5451, 5526, 5534, 5843, 5887, 5898, 5996, 6149, 6202, 6226, 6272, 6374, 6550, 6684, 6850, 7022, 7088, 7102, 7180, 7370, 7487, 7518, 7527, 7548, 7581]@[99, 219, 237, 279, 323, 361, 430, 437, 495, 636, 652, 686, 705, 769, 846, 875, 940, 955, 1035, 1218, 1242, 1284, 1294, 1301, 1309, 1336, 1345, 1372, 1392, 1395, 1404, 1435, 1449, 1651, 1737, 1795, 1839, 1902, 1959, 2021, 2117, 2184, 2330, 2345, 2399, 2585, 2602, 2726, 2776, 2837, 2973, 3246, 3322, 3348, 3571, 3711, 3776, 3977, 3989, 3998, 4006, 4037, 4038, 4053, 4066, 4128, 4140, 4151, 4329, 4353, 4377, 4560, 4603, 4625, 4660, 5218, 5374, 5451, 5526, 5534, 5843, 5887, 5898, 5996, 6149, 6202, 6226, 6272, 6374, 6550, 6684, 6850, 7022, 7088, 7102, 7180, 7370, 7487, 7518, 7527, 7548, 7581]
https://www.hkstp.org/en@[152, 214, 376, 787, 849, 866, 909, 956]@[152, 214, 376, 787, 849, 866, 909, 956]
https://www.hkstp.org@[152, 214, 376, 787, 849, 866, 909, 956]@[152, 214, 376, 787, 849, 866, 909, 956]
https://www.hkstp.org/en/about-us/who-we-are@[158, 220, 382, 828, 1252, 1295, 1342]@[158, 220, 382, 828, 1252, 1295, 1342]
https://www.hkstp.org/about-us/who-we-are@[158, 220, 382, 828, 1252, 1295, 1342]@[158, 220, 382, 828, 1252, 1295, 1342]
https://www.hkstp.org/en/about-us/our-milestones@[157, 219, 381, 854, 897, 944]@[157, 219, 381, 854, 897, 944]
https://www.hkstp.org/en/about-us/our-footprint@[157, 219, 381, 530, 552, 700]@[157, 219, 381, 530, 552, 700]
https://www.hkstp.org/about-us/our-milestones@[157, 219, 381, 854, 897, 944]@[157, 219, 381, 854, 897, 944]
https://itunes.apple.com/app/google-search/id284815942?mt=8@[680, 703]@[680, 703]
