http://www.comp.hkbu.edu.hk@[698, 731, 786, 814, 833, 842, 869, 880, 933, 1102, 1147, 1192, 1237, 1287, 1313, 1560, 1600, 1616, 1633, 1673, 1691, 1712, 1943, 1981, 2012, 2030, 2048, 2715, 2724, 2764, 2806, 2948, 2961, 6826, 6860]@{}
http://www.comp.hkbu.edu.hk/v1/?page=sci@[738, 763, 795, 1018, 1090, 1104, 1118, 1928, 1994, 2019, 2048, 2134, 2137, 2148, 2153, 2157, 2201, 2205, 2304, 2312, 2320, 2330, 2972, 3112, 3184, 3257, 3334, 3406, 3480, 3552, 3619, 3691, 3767, 4040, 8093]@{}
http://www.comp.hkbu.edu.hk/v1/?page=job_vacancies?=tc@[698, 731, 786, 814, 833, 842, 869, 880, 933, 1102, 1147, 1192, 1237, 1287, 1313, 1560, 1600, 1616, 1633, 1673, 1691, 1712, 1943, 1981, 2012, 2030, 2048, 2715, 2724, 2764, 2806, 2951, 2967, 6802, 6836]@{}
http://www.comp.hkbu.edu.hk/v1/?page=job_vacancies?=sc@[698, 731, 786, 814, 833, 842, 869, 880, 933, 1102, 1147, 1192, 1237, 1287, 1313, 1560, 1600, 1616, 1633, 1673, 1691, 1712, 1943, 1981, 2012, 2030, 2048, 2715, 2724, 2764, 2806, 2951, 2967, 6811, 6845]@{}
http://www.comp.hkbu.edu.hk/v1/?page=sitemap?=tc@[698, 731, 786, 814, 833, 842, 869, 880, 933, 1102, 1147, 1192, 1237, 1287, 1313, 1560, 1600, 1616, 1633, 1673, 1691, 1712, 1943, 1981, 2012, 2030, 2048, 2715, 2724, 2764, 2806, 2951, 2967, 6814, 6848]@{}
http://www.comp.hkbu.edu.hk/v1/?page=sitemap?=sc@[698, 731, 786, 814, 833, 842, 869, 880, 933, 1102, 1147, 1192, 1237, 1287, 1313, 1560, 1600, 1616, 1633, 1673, 1691, 1712, 1943, 1981, 2012, 2030, 2048, 2715, 2724, 2764, 2806, 2951, 2967, 6829, 6863]@{}
http://www.comp.hkbu.edu.hk/v1/?lang=sc@[698, 731, 786, 814, 833, 842, 869, 880, 933, 1102, 1147, 1192, 1237, 1287, 1313, 1560, 1600, 1616, 1633, 1673, 1691, 1712, 1943, 1981, 2012, 2030, 2048, 2715, 2724, 2764, 2806, 2948, 2961, 6795, 6829]@{}
http://www.comp.hkbu.edu.hk/~alumni/news/../scholarship/@[598]@{}
http://www.comp.hkbu.edu.hk/v1/?page=job_vacancies?=tc?=tc@[698, 731, 786, 814, 833, 842, 869, 880, 933, 1102, 1147, 1192, 1237, 1287, 1313, 1560, 1600, 1616, 1633, 1673, 1691, 1712, 1943, 1981, 2012, 2030, 2048, 2715, 2724, 2764, 2806, 2952, 2969, 6816, 6850]@{}
http://www.comp.hkbu.edu.hk/v1/?page=job_vacancies?=sc?=tc@[698, 731, 786, 814, 833, 842, 869, 880, 933, 1102, 1147, 1192, 1237, 1287, 1313, 1560, 1600, 1616, 1633, 1673, 1691, 1712, 1943, 1981, 2012, 2030, 2048, 2715, 2724, 2764, 2806, 2952, 2969, 6845, 6879]@{}
http://www.comp.hkbu.edu.hk/v1/?page=sitemap?=tc?=tc@[698, 731, 786, 814, 833, 842, 869, 880, 933, 1102, 1147, 1192, 1237, 1287, 1313, 1560, 1600, 1616, 1633, 1673, 1691, 1712, 1943, 1981, 2012, 2030, 2048, 2715, 2724, 2764, 2806, 2952, 2969, 6807, 6841]@{}
http://www.comp.hkbu.edu.hk/v1/?page=sitemap?=sc?=tc@[698, 731, 786, 814, 833, 842, 869, 880, 933, 1102, 1147, 1192, 1237, 1287, 1313, 1560, 1600, 1616, 1633, 1673, 1691, 1712, 1943, 1981, 2012, 2030, 2048, 2715, 2724, 2764, 2806, 2952, 2969, 6834, 6868]@{}
http://www.comp.hkbu.edu.hk/v1/?page=home@[698, 731, 786, 814, 833, 842, 869, 880, 933, 1102, 1147, 1192, 1237, 1287, 1313, 1560, 1600, 1616, 1633, 1673, 1691, 1712, 1943, 1981, 2012, 2030, 2048, 2715, 2724, 2764, 2806, 2950, 2965, 6799, 6833]@{}
http://www.comp.hkbu.edu.hk/v1/?page=job_vacancies?=tc?=tc?=tc@[698, 731, 786, 814, 833, 842, 869, 880, 933, 1102, 1147, 1192, 1237, 1287, 1313, 1560, 1600, 1616, 1633, 1673, 1691, 1712, 1943, 1981, 2012, 2030, 2048, 2715, 2724, 2764, 2806, 2953, 2971, 6842, 6876]@{}
http://www.comp.hkbu.edu.hk/v1/?page=job_vacancies?=sc?=tc?=tc@[698, 731, 786, 814, 833, 842, 869, 880, 933, 1102, 1147, 1192, 1237, 1287, 1313, 1560, 1600, 1616, 1633, 1673, 1691, 1712, 1943, 1981, 2012, 2030, 2048, 2715, 2724, 2764, 2806, 2953, 2971, 6811, 6845]@{}
http://www.comp.hkbu.edu.hk/v1/?page=sitemap?=tc?=tc?=tc@[698, 731, 786, 814, 833, 842, 869, 880, 933, 1102, 1147, 1192, 1237, 1287, 1313, 1560, 1600, 1616, 1633, 1673, 1691, 1712, 1943, 1981, 2012, 2030, 2048, 2715, 2724, 2764, 2806, 2953, 2971, 6839, 6873]@{}
http://www.comp.hkbu.edu.hk/v1/?page=sitemap?=sc?=tc?=tc@[698, 731, 786, 814, 833, 842, 869, 880, 933, 1102, 1147, 1192, 1237, 1287, 1313, 1560, 1600, 1616, 1633, 1673, 1691, 1712, 1943, 1981, 2012, 2030, 2048, 2715, 2724, 2764, 2806, 2953, 2971, 6842, 6876]@{}
http://www.comp.hkbu.edu.hk/v1/?page=home?=tc@[698, 731, 786, 814, 833, 842, 869, 880, 933, 1102, 1147, 1192, 1237, 1287, 1313, 1560, 1600, 1616, 1633, 1673, 1691, 1712, 1943, 1981, 2012, 2030, 2048, 2715, 2724, 2764, 2806, 2951, 2967, 6827, 6861]@{}
http://www.comp.hkbu.edu.hk/v1/?page=job_vacancies?=tc?=tc?=tc?=tc@[698, 731, 786, 814, 833, 842, 869, 880, 933, 1102, 1147, 1192, 1237, 1287, 1313, 1560, 1600, 1616, 1633, 1673, 1691, 1712, 1943, 1981, 2012, 2030, 2048, 2715, 2724, 2764, 2806, 2954, 2973, 6822, 6856]@{}
http://www.comp.hkbu.edu.hk/v1/?page=job_vacancies?=sc?=tc?=tc?=tc@[698, 731, 786, 814, 833, 842, 869, 880, 933, 1102, 1147, 1192, 1237, 1287, 1313, 1560, 1600, 1616, 1633, 1673, 1691, 1712, 1943, 1981, 2012, 2030, 2048, 2715, 2724, 2764, 2806, 2954, 2973, 6810, 6844]@{}
http://www.comp.hkbu.edu.hk/v1/?page=sitemap?=tc?=tc?=tc?=tc@[698, 731, 786, 814, 833, 842, 869, 880, 933, 1102, 1147, 1192, 1237, 1287, 1313, 1560, 1600, 1616, 1633, 1673, 1691, 1712, 1943, 1981, 2012, 2030, 2048, 2715, 2724, 2764, 2806, 2954, 2973, 6828, 6862]@{}
http://www.comp.hkbu.edu.hk/v1/?page=sitemap?=sc?=tc?=tc?=tc@[698, 731, 786, 814, 833, 842, 869, 880, 933, 1102, 1147, 1192, 1237, 1287, 1313, 1560, 1600, 1616, 1633, 1673, 1691, 1712, 1943, 1981, 2012, 2030, 2048, 2715, 2724, 2764, 2806, 2954, 2973, 6836, 6870]@{}
http://www.comp.hkbu.edu.hk/v1/?page=home?=tc?=tc@[698, 731, 786, 814, 833, 842, 869, 880, 933, 1102, 1147, 1192, 1237, 1287, 1313, 1560, 1600, 1616, 1633, 1673, 1691, 1712, 1943, 1981, 2012, 2030, 2048, 2715, 2724, 2764, 2806, 2952, 2969, 6810, 6844]@{}
http://www.comp.hkbu.edu.hk/v1/?page=job_vacancies?=tc?=tc?=tc?=tc?=tc@[698, 731, 786, 814, 833, 842, 869, 880, 933, 1102, 1147, 1192, 1237, 1287, 1313, 1560, 1600, 1616, 1633, 1673, 1691, 1712, 1943, 1981, 2012, 2030, 2048, 2715, 2724, 2764, 2806, 2955, 2975, 6817, 6851]@{}
http://www.comp.hkbu.edu.hk/v1/?page=job_vacancies?=sc?=tc?=tc?=tc?=tc@[698, 731, 786, 814, 833, 842, 869, 880, 933, 1102, 1147, 1192, 1237, 1287, 1313, 1560, 1600, 1616, 1633, 1673, 1691, 1712, 1943, 1981, 2012, 2030, 2048, 2715, 2724, 2764, 2806, 2955, 2975, 6819, 6853]@{}
http://www.comp.hkbu.edu.hk/v1/?page=sitemap?=tc?=tc?=tc?=tc?=tc@[698, 731, 786, 814, 833, 842, 869, 880, 933, 1102, 1147, 1192, 1237, 1287, 1313, 1560, 1600, 1616, 1633, 1673, 1691, 1712, 1943, 1981, 2012, 2030, 2048, 2715, 2724, 2764, 2806, 2955, 2975, 6839, 6873]@{}
http://www.comp.hkbu.edu.hk/v1/?page=sitemap?=sc?=tc?=tc?=tc?=tc@[698, 731, 786, 814, 833, 842, 869, 880, 933, 1102, 1147, 1192, 1237, 1287, 1313, 1560, 1600, 1616, 1633, 1673, 1691, 1712, 1943, 1981, 2012, 2030, 2048, 2715, 2724, 2764, 2806, 2955, 2975, 6824, 6858]@{}
http://www.comp.hkbu.edu.hk/v1/?page=home?=tc?=tc?=tc@[698, 731, 786, 814, 833, 842, 869, 880, 933, 1102, 1147, 1192, 1237, 1287, 1313, 1560, 1600, 1616, 1633, 1673, 1691, 1712, 1943, 1981, 2012, 2030, 2048, 2715, 2724, 2764, 2806, 2953, 2971, 6824, 6858]@{}
http://www.comp.hkbu.edu.hk/v1/?page=job_vacancies@[246, 279, 334, 362, 381, 390, 417, 428, 481, 650, 695, 740, 785, 835, 861, 1108, 1148, 1164, 1181, 1221, 1239, 1260, 1491, 1529, 1560, 1578, 1596, 2263, 2272, 2312, 2354, 2498, 2513, 4115, 4157, 4183, 4337, 4371]@{}
http://www.comp.hkbu.edu.hk/v1/?page=job_vacancies?=tc?=tc?=tc?=tc?=tc?=tc@[698, 731, 786, 814, 833, 842, 869, 880, 933, 1102, 1147, 1192, 1237, 1287, 1313, 1560, 1600, 1616, 1633, 1673, 1691, 1712, 1943, 1981, 2012, 2030, 2048, 2715, 2724, 2764, 2806, 2956, 2977, 6814, 6848]@{}
http://www.comp.hkbu.edu.hk/v1/?page=job_vacancies?=sc?=tc?=tc?=tc?=tc?=tc@[698, 731, 786, 814, 833, 842, 869, 880, 933, 1102, 1147, 1192, 1237, 1287, 1313, 1560, 1600, 1616, 1633, 1673, 1691, 1712, 1943, 1981, 2012, 2030, 2048, 2715, 2724, 2764, 2806, 2956, 2977, 6841, 6875]@{}
http://www.comp.hkbu.edu.hk/v1/?page=sitemap?=tc?=tc?=tc?=tc?=tc?=tc@[698, 731, 786, 814, 833, 842, 869, 880, 933, 1102, 1147, 1192, 1237, 1287, 1313, 1560, 1600, 1616, 1633, 1673, 1691, 1712, 1943, 1981, 2012, 2030, 2048, 2715, 2724, 2764, 2806, 2956, 2977, 6831, 6865]@{}
http://www.comp.hkbu.edu.hk/v1/?page=sitemap?=sc?=tc?=tc?=tc?=tc?=tc@[698, 731, 786, 814, 833, 842, 869, 880, 933, 1102, 1147, 1192, 1237, 1287, 1313, 1560, 1600, 1616, 1633, 1673, 1691, 1712, 1943, 1981, 2012, 2030, 2048, 2715, 2724, 2764, 2806, 2956, 2977, 6841, 6875]@{}
http://www.comp.hkbu.edu.hk/v1/?page=home?=tc?=tc?=tc?=tc@[698, 731, 786, 814, 833, 842, 869, 880, 933, 1102, 1147, 1192, 1237, 1287, 1313, 1560, 1600, 1616, 1633, 1673, 1691, 1712, 1943, 1981, 2012, 2030, 2048, 2715, 2724, 2764, 2806, 2954, 2973, 6825, 6859]@{}
http://www.comp.hkbu.edu.hk/v1/?page=job_vacancies?=tc?=tc?=tc?=tc?=tc?=tc?=tc@[698, 731, 786, 814, 833, 842, 869, 880, 933, 1102, 1147, 1192, 1237, 1287, 1313, 1560, 1600, 1616, 1633, 1673, 1691, 1712, 1943, 1981, 2012, 2030, 2048, 2715, 2724, 2764, 2806, 2957, 2979, 6813, 6847]@{}
http://www.comp.hkbu.edu.hk/v1/?page=job_vacancies?=sc?=tc?=tc?=tc?=tc?=tc?=tc@[698, 731, 786, 814, 833, 842, 869, 880, 933, 1102, 1147, 1192, 1237, 1287, 1313, 1560, 1600, 1616, 1633, 1673, 1691, 1712, 1943, 1981, 2012, 2030, 2048, 2715, 2724, 2764, 2806, 2957, 2979, 6833, 6867]@{}
http://www.comp.hkbu.edu.hk/v1/?page=sitemap?=tc?=tc?=tc?=tc?=tc?=tc?=tc@[698, 731, 786, 814, 833, 842, 869, 880, 933, 1102, 1147, 1192, 1237, 1287, 1313, 1560, 1600, 1616, 1633, 1673, 1691, 1712, 1943, 1981, 2012, 2030, 2048, 2715, 2724, 2764, 2806, 2957, 2979, 6813, 6847]@{}
http://www.comp.hkbu.edu.hk/v1/?page=sitemap?=sc?=tc?=tc?=tc?=tc?=tc?=tc@[698, 731, 786, 814, 833, 842, 869, 880, 933, 1102, 1147, 1192, 1237, 1287, 1313, 1560, 1600, 1616, 1633, 1673, 1691, 1712, 1943, 1981, 2012, 2030, 2048, 2715, 2724, 2764, 2806, 2957, 2979, 6834, 6868]@{}
http://www.comp.hkbu.edu.hk/v1/?page=home?=tc?=tc?=tc?=tc?=tc@[698, 731, 786, 814, 833, 842, 869, 880, 933, 1102, 1147, 1192, 1237, 1287, 1313, 1560, 1600, 1616, 1633, 1673, 1691, 1712, 1943, 1981, 2012, 2030, 2048, 2715, 2724, 2764, 2806, 2955, 2975, 6838, 6872]@{}
http://www.comp.hkbu.edu.hk/v1/?page=job_vacancies?=tc?=tc?=tc?=tc?=tc?=tc?=tc?=tc@[698, 731, 786, 814, 833, 842, 869, 880, 933, 1102, 1147, 1192, 1237, 1287, 1313, 1560, 1600, 1616, 1633, 1673, 1691, 1712, 1943, 1981, 2012, 2030, 2048, 2715, 2724, 2764, 2806, 2958, 2981, 6856, 6890]@{}
http://www.comp.hkbu.edu.hk/v1/?page=job_vacancies?=sc?=tc?=tc?=tc?=tc?=tc?=tc?=tc@[698, 731, 786, 814, 833, 842, 869, 880, 933, 1102, 1147, 1192, 1237, 1287, 1313, 1560, 1600, 1616, 1633, 1673, 1691, 1712, 1943, 1981, 2012, 2030, 2048, 2715, 2724, 2764, 2806, 2958, 2981, 6835, 6869]@{}
http://www.comp.hkbu.edu.hk/v1/?page=sitemap?=tc?=tc?=tc?=tc?=tc?=tc?=tc?=tc@[698, 731, 786, 814, 833, 842, 869, 880, 933, 1102, 1147, 1192, 1237, 1287, 1313, 1560, 1600, 1616, 1633, 1673, 1691, 1712, 1943, 1981, 2012, 2030, 2048, 2715, 2724, 2764, 2806, 2958, 2981, 6826, 6860]@{}
http://www.comp.hkbu.edu.hk/v1/?page=sitemap?=sc?=tc?=tc?=tc?=tc?=tc?=tc?=tc@[698, 731, 786, 814, 833, 842, 869, 880, 933, 1102, 1147, 1192, 1237, 1287, 1313, 1560, 1600, 1616, 1633, 1673, 1691, 1712, 1943, 1981, 2012, 2030, 2048, 2715, 2724, 2764, 2806, 2958, 2981, 6834, 6868]@{}
http://www.comp.hkbu.edu.hk/v1/?page=sitemap@[244, 277, 332, 360, 379, 388, 415, 426, 479, 648, 693, 738, 783, 833, 859, 1106, 1146, 1162, 1179, 1219, 1237, 1258, 1489, 1527, 1558, 1576, 1594, 2261, 2270, 2310, 2352, 2496, 2511, 4112, 5551, 5697, 5731]@{}
http://www.comp.hkbu.edu.hk/v1/?page=home?=tc?=tc?=tc?=tc?=tc?=tc@[698, 731, 786, 814, 833, 842, 869, 880, 933, 1102, 1147, 1192, 1237, 1287, 1313, 1560, 1600, 1616, 1633, 1673, 1691, 1712, 1943, 1981, 2012, 2030, 2048, 2715, 2724, 2764, 2806, 2956, 2977, 6834, 6868]@{}
http://www.comp.hkbu.edu.hk/v1/?page=job_vacancies?=tc?=tc?=tc?=tc?=tc?=tc?=tc?=tc?=tc@[698, 731, 786, 814, 833, 842, 869, 880, 933, 1102, 1147, 1192, 1237, 1287, 1313, 1560, 1600, 1616, 1633, 1673, 1691, 1712, 1943, 1981, 2012, 2030, 2048, 2715, 2724, 2764, 2806, 2959, 2983, 6830, 6864]@{}
http://www.comp.hkbu.edu.hk/v1/?page=job_vacancies?=sc?=tc?=tc?=tc?=tc?=tc?=tc?=tc?=tc@[698, 731, 786, 814, 833, 842, 869, 880, 933, 1102, 1147, 1192, 1237, 1287, 1313, 1560, 1600, 1616, 1633, 1673, 1691, 1712, 1943, 1981, 2012, 2030, 2048, 2715, 2724, 2764, 2806, 2959, 2983, 6842, 6876]@{}
http://www.comp.hkbu.edu.hk/v1/?page=sitemap?=tc?=tc?=tc?=tc?=tc?=tc?=tc?=tc?=tc@[698, 731, 786, 814, 833, 842, 869, 880, 933, 1102, 1147, 1192, 1237, 1287, 1313, 1560, 1600, 1616, 1633, 1673, 1691, 1712, 1943, 1981, 2012, 2030, 2048, 2715, 2724, 2764, 2806, 2959, 2983, 6810, 6844]@{}
http://www.comp.hkbu.edu.hk/v1/?page=sitemap?=sc?=tc?=tc?=tc?=tc?=tc?=tc?=tc?=tc@[698, 731, 786, 814, 833, 842, 869, 880, 933, 1102, 1147, 1192, 1237, 1287, 1313, 1560, 1600, 1616, 1633, 1673, 1691, 1712, 1943, 1981, 2012, 2030, 2048, 2715, 2724, 2764, 2806, 2959, 2983, 6836, 6870]@{}
http://www.comp.hkbu.edu.hk/v1/?lang=tc@[698, 731, 786, 814, 833, 842, 869, 880, 933, 1102, 1147, 1192, 1237, 1287, 1313, 1560, 1600, 1616, 1633, 1673, 1691, 1712, 1943, 1981, 2012, 2030, 2048, 2715, 2724, 2764, 2806, 2948, 2961, 6838, 6872]@{}
http://www.sci.hkbu.edu.hk/eng/page/?page=prospective-students@[738, 763, 795, 1018, 1090, 1104, 1118, 1928, 1994, 2019, 2048, 2134, 2137, 2148, 2153, 2157, 2201, 2205, 2304, 2312, 2320, 2330, 2468, 2610, 3031, 3058, 3638]@{}
http://www.sci.hkbu.edu.hk/eng/page/?page=current-students@[738, 763, 795, 1018, 1090, 1104, 1118, 1928, 1994, 2019, 2048, 2134, 2137, 2148, 2153, 2157, 2201, 2205, 2304, 2312, 2320, 2330, 2398, 2412, 2431, 2453, 2469, 2487, 2510, 2529, 2546, 2568, 2591, 2617, 2622, 2652, 2672, 2693, 2720, 2734, 2760, 2786, 2819, 2832, 2858, 2903, 2918, 3294]@{}
http://www.sci.hkbu.edu.hk/eng/page/@[738, 763, 795, 1018, 1090, 1104, 1118, 1928, 1994, 2019, 2048, 2134, 2137, 2148, 2153, 2157, 2201, 2205, 2304, 2312, 2320, 2330, 2528, 3397]@{}
http://www.sci.hkbu.edu.hk/eng/about-us/honorary-doctorate@[738, 763, 795, 1018, 1090, 1104, 1118, 1928, 1994, 2019, 2048, 2134, 2137, 2148, 2153, 2157, 2201, 2205, 2304, 2312, 2320, 2330, 2431, 2466, 2507, 2540, 2700, 2764, 2844, 2923, 3004, 3083, 3163, 3242, 3321, 3928]@{}
http://www.sci.hkbu.edu.hk/eng/about-us/distinguished-professorship/eng/page/?page=prospective-students@[738, 763, 795, 1018, 1090, 1104, 1118, 1928, 1994, 2019, 2048, 2134, 2137, 2148, 2153, 2157, 2201, 2205, 2304, 2312, 2320, 2330, 2972, 3112, 3184, 3257, 3334, 3406, 3480, 3552, 3619, 3691, 3767, 4040, 8093]@{}
http://www.sci.hkbu.edu.hk/eng/about-us/honorary-doctorate/eng/page/?page=prospective-students@[738, 763, 795, 1018, 1090, 1104, 1118, 1928, 1994, 2019, 2048, 2134, 2137, 2148, 2153, 2157, 2201, 2205, 2304, 2312, 2320, 2330, 2972, 3112, 3184, 3257, 3334, 3406, 3480, 3552, 3619, 3691, 3767, 4040, 8093]@{}
http://www.sci.hkbu.edu.hk/eng/about-us/distinguished-professor-of-science@[738, 763, 795, 1018, 1090, 1104, 1118, 1928, 1994, 2019, 2048, 2134, 2137, 2148, 2153, 2157, 2201, 2205, 2304, 2312, 2320, 2330, 2431, 2466, 2507, 2540, 2774, 2788, 2857, 2871, 2960, 2972, 3038, 3051, 3129, 3141, 3209, 3221, 3307, 3319, 3383, 3395, 3744]@{}
http://www.sci.hkbu.edu.hk/eng/about-us/dr-kennedy-wong-distinguished-visiting-professorship-scheme@[738, 763, 795, 1018, 1090, 1104, 1118, 1928, 1994, 2019, 2048, 2134, 2137, 2148, 2153, 2157, 2201, 2205, 2304, 2312, 2320, 2330, 2431, 2466, 2507, 2540, 2644, 2706, 2717, 2756, 2817, 2829, 2865, 2926, 2938, 2965, 3029, 3045, 3413]@{}
http://www.sci.hkbu.edu.hk/eng/about-us/distinguished-professor-of-science/eng/page/?page=prospective-students@[738, 763, 795, 1018, 1090, 1104, 1118, 1928, 1994, 2019, 2048, 2134, 2137, 2148, 2153, 2157, 2201, 2205, 2304, 2312, 2320, 2330, 2972, 3112, 3184, 3257, 3334, 3406, 3480, 3552, 3619, 3691, 3767, 4040, 8093]@{}
http://www.sci.hkbu.edu.hk/eng/about-us/dr-kennedy-wong-distinguished-visiting-professorship-scheme/eng/page/?page=prospective-students@[738, 763, 795, 1018, 1090, 1104, 1118, 1928, 1994, 2019, 2048, 2134, 2137, 2148, 2153, 2157, 2201, 2205, 2304, 2312, 2320, 2330, 2972, 3112, 3184, 3257, 3334, 3406, 3480, 3552, 3619, 3691, 3767, 4040, 8093]@{}
http://www.sci.hkbu.edu.hk/eng/page/eng/about-us/vision-mission@[738, 763, 795, 1018, 1090, 1104, 1118, 1928, 1994, 2019, 2048, 2134, 2137, 2148, 2153, 2157, 2201, 2205, 2304, 2312, 2320, 2330, 2972, 3112, 3184, 3257, 3334, 3406, 3480, 3552, 3619, 3691, 3767, 4040, 8093]@{}
http://www.sci.hkbu.edu.hk/eng/page/eng/about-us/faculty-advisory-committee@[738, 763, 795, 1018, 1090, 1104, 1118, 1928, 1994, 2019, 2048, 2134, 2137, 2148, 2153, 2157, 2201, 2205, 2304, 2312, 2320, 2330, 2972, 3112, 3184, 3257, 3334, 3406, 3480, 3552, 3619, 3691, 3767, 4040, 8093]@{}
http://www.sci.hkbu.edu.hk/eng@[738, 763, 795, 1018, 1090, 1104, 1118, 1928, 1994, 2019, 2048, 2134, 2137, 2148, 2153, 2157, 2201, 2205, 2304, 2312, 2320, 2330, 2972, 3112, 3184, 3257, 3334, 3406, 3480, 3552, 3619, 3691, 3767, 4040, 8093]@{}
http://www.sci.hkbu.edu.hk/eng/about-us/vision-mission@[738, 763, 795, 1018, 1090, 1104, 1118, 1928, 1994, 2019, 2048, 2134, 2137, 2148, 2153, 2157, 2201, 2205, 2304, 2312, 2320, 2330, 2431, 2466, 2507, 2540, 2651, 2680, 2728, 2738, 2767, 2784, 2818, 2834, 2867, 2884, 2905, 3317]@{}
http://www.sci.hkbu.edu.hk/eng/about-us/faculty-advisory-committee@[738, 763, 795, 1018, 1090, 1104, 1118, 1928, 1994, 2019, 2048, 2134, 2137, 2148, 2153, 2157, 2201, 2205, 2304, 2312, 2320, 2330, 2431, 2466, 2507, 2540, 2686, 2703, 2782, 2804, 2824, 2832, 2887, 2895, 2923, 2931, 2960, 2968, 3002, 3010, 3032, 3041, 3069, 3077, 3104, 3112, 3141, 3149, 3189, 3197, 3227, 3235, 3272, 3280, 3310, 3318, 3349, 3357, 3389, 3397, 3426, 3434, 3463, 3471, 3506, 3514, 3546, 3554, 3586, 3594, 3624, 3632, 3665, 3673, 3701, 3709, 4071]@{}
http://www.sci.hkbu.edu.hk/eng/about-us/vision-mission/eng/page/?page=prospective-students@[738, 763, 795, 1018, 1090, 1104, 1118, 1928, 1994, 2019, 2048, 2134, 2137, 2148, 2153, 2157, 2201, 2205, 2304, 2312, 2320, 2330, 2972, 3112, 3184, 3257, 3334, 3406, 3480, 3552, 3619, 3691, 3767, 4040, 8093]@{}
http://www.sci.hkbu.edu.hk/eng/about-us/faculty-advisory-committee/eng/page/?page=prospective-students@[738, 763, 795, 1018, 1090, 1104, 1118, 1928, 1994, 2019, 2048, 2134, 2137, 2148, 2153, 2157, 2201, 2205, 2304, 2312, 2320, 2330, 2972, 3112, 3184, 3257, 3334, 3406, 3480, 3552, 3619, 3691, 3767, 4040, 8093]@{}
http://www.sci.hkbu.edu.hk/eng/about-us/distinguished-professorship@[738, 763, 795, 1018, 1090, 1104, 1118, 1928, 1994, 2019, 2048, 2134, 2137, 2148, 2153, 2157, 2201, 2205, 2304, 2312, 2320, 2330, 2431, 2466, 2507, 2540, 2962]@{}
