http://www.comp.hkbu.edu.hk@[65, 98, 110, 130, 142, 162, 2328, 2391, 2401, 2413, 2425, 2553, 2584, 2614, 3425, 3488, 3563, 3645, 3711, 3782, 3842, 3898, 3946, 3987, 4028, 4066, 4104, 4246, 4248, 4263, 4298, 4343, 4385, 4428, 4472, 4517, 4570, 4588, 4627, 4669, 4705, 4741, 4775, 4806, 4925, 4964, 5026, 5114, 5176, 5185, 5364, 5387, 5411, 5437, 5460, 5528, 5565, 5590, 5624, 5634, 5683, 5700, 5727, 5883, 5892, 5901, 5910, 5919, 5928, 5956, 6017, 6067, 6135, 6174, 6256, 6333, 6429, 6456, 6504, 6563, 6641, 6680, 6750, 6884, 6902, 6914, 6926, 6963, 7009]@{}
http://www.comp.hkbu.edu.hk/v1/?page=sci@[140, 152, 166, 219, 237, 249, 262, 268, 277, 287, 297, 307, 317, 326, 334, 437, 445, 454, 462, 471, 480, 488, 497, 506, 513, 525, 536, 549, 559, 572, 586, 864, 2403, 2412, 2421, 2430, 2439, 2457, 2485, 2572, 2602, 2631, 2660, 2689, 2810, 2834, 2863, 2888, 3068, 3142, 3215, 3290, 3362, 3437, 3504, 3578, 3648, 3721, 3878, 3902, 3931, 3956, 4116, 4146, 4177, 4206, 4928, 4943, 4959, 4973, 4985, 5244, 5278, 5312, 5346, 5380, 5875, 5896, 5918, 5939, 5961, 6222, 6700, 7938, 8024, 8039, 8054, 8068, 8120, 8129, 8135, 8281]@{}
http://www.comp.hkbu.edu.hk/v1/?page=job_vacancies?=tc@[65, 98, 110, 130, 142, 162, 2328, 2391, 2401, 2413, 2425, 2553, 2584, 2614, 3431, 3494, 3569, 3651, 3717, 3788, 3848, 3904, 3952, 3993, 4034, 4072, 4110, 4252, 4254, 4269, 4304, 4349, 4391, 4434, 4478, 4523, 4576, 4594, 4633, 4661, 4701, 4737, 4771, 4802, 4921, 4960, 5022, 5110, 5172, 5181, 5360, 5383, 5407, 5433, 5456, 5524, 5561, 5586, 5620, 5630, 5679, 5696, 5723, 5879, 5888, 5897, 5906, 5915, 5924, 5952, 6013, 6063, 6131, 6170, 6240, 6317, 6408, 6435, 6483, 6542, 6620, 6659, 6735, 6860, 6878, 6890, 6902, 6939, 6985]@{}
http://www.comp.hkbu.edu.hk/v1/?page=job_vacancies?=sc@[65, 98, 110, 130, 142, 162, 2328, 2391, 2401, 2413, 2425, 2553, 2584, 2614, 3431, 3494, 3569, 3651, 3717, 3788, 3848, 3904, 3952, 3993, 4034, 4072, 4110, 4252, 4254, 4269, 4304, 4349, 4391, 4434, 4478, 4523, 4576, 4594, 4633, 4665, 4701, 4737, 4771, 4802, 4921, 4960, 5022, 5110, 5172, 5181, 5360, 5383, 5407, 5433, 5456, 5524, 5561, 5586, 5620, 5630, 5679, 5696, 5723, 5879, 5888, 5897, 5906, 5915, 5924, 5952, 6013, 6063, 6131, 6170, 6247, 6321, 6419, 6446, 6494, 6553, 6631, 6670, 6744, 6869, 6887, 6899, 6911, 6948, 6994]@{}
http://www.comp.hkbu.edu.hk/v1/?page=sitemap?=tc@[65, 98, 110, 130, 142, 162, 2328, 2391, 2401, 2413, 2425, 2553, 2584, 2614, 3431, 3494, 3569, 3651, 3717, 3788, 3848, 3904, 3952, 3993, 4034, 4072, 4109, 4251, 4253, 4268, 4303, 4348, 4390, 4433, 4477, 4522, 4575, 4593, 4632, 4664, 4697, 4733, 4767, 4798, 4917, 4956, 5018, 5106, 5168, 5177, 5356, 5379, 5403, 5429, 5452, 5520, 5557, 5582, 5616, 5626, 5675, 5692, 5719, 5875, 5884, 5893, 5902, 5911, 5920, 5948, 6009, 6059, 6127, 6166, 6242, 6320, 6411, 6438, 6486, 6545, 6623, 6662, 6740, 6872, 6890, 6902, 6914, 6951, 6997]@{}
http://www.comp.hkbu.edu.hk/v1/?page=sitemap?=sc@[65, 98, 110, 130, 142, 162, 2328, 2391, 2401, 2413, 2425, 2553, 2584, 2614, 3431, 3494, 3569, 3651, 3717, 3788, 3848, 3904, 3952, 3993, 4034, 4072, 4109, 4251, 4253, 4268, 4303, 4348, 4390, 4433, 4477, 4522, 4575, 4593, 4632, 4660, 4696, 4732, 4766, 4797, 4916, 4955, 5017, 5105, 5167, 5176, 5355, 5378, 5402, 5428, 5451, 5519, 5556, 5581, 5615, 5625, 5674, 5691, 5718, 5874, 5883, 5892, 5901, 5910, 5919, 5947, 6008, 6058, 6126, 6165, 6246, 6322, 6418, 6445, 6493, 6552, 6630, 6669, 6751, 6887, 6905, 6917, 6929, 6966, 7012]@{}
http://www.comp.hkbu.edu.hk/v1/?lang=sc@[65, 98, 110, 130, 142, 162, 2328, 2391, 2401, 2413, 2425, 2553, 2584, 2614, 3425, 3488, 3563, 3645, 3711, 3782, 3842, 3898, 3946, 3987, 4028, 4066, 4104, 4246, 4248, 4263, 4298, 4343, 4385, 4428, 4472, 4517, 4570, 4588, 4627, 4658, 4692, 4728, 4762, 4793, 4912, 4951, 5013, 5101, 5163, 5172, 5351, 5374, 5398, 5424, 5447, 5515, 5552, 5577, 5611, 5621, 5670, 5687, 5714, 5870, 5879, 5888, 5897, 5906, 5915, 5943, 6004, 6054, 6122, 6161, 6236, 6318, 6410, 6437, 6485, 6544, 6622, 6659, 6721, 6853, 6871, 6883, 6895, 6932, 6978]@{}
http://www.comp.hkbu.edu.hk/~alumni/news/../news/@[15, 70, 100, 113, 122, 187, 204, 230, 256, 292, 320, 358, 384, 412, 446, 472, 505, 537, 560, 625, 665, 752, 4038, 5023, 5089]@{}
http://www.comp.hkbu.edu.hk/~alumni/news/../scholarship/@[15, 70, 100, 113, 122, 187, 204, 230, 256, 292, 320, 358, 384, 412, 446, 472, 505, 537, 560, 619, 640, 661, 685, 710, 733, 755, 857, 921]@{}
http://www.comp.hkbu.edu.hk/~alumni/news/../donation/@[15, 70, 100, 113, 122, 187, 204, 230, 256, 292, 320, 358, 384, 412, 446, 472, 505, 537, 560, 1345, 1411]@{}
http://www.comp.hkbu.edu.hk/v1/?page=job_vacancies?=tc?=tc@[65, 98, 110, 130, 142, 162, 2328, 2391, 2401, 2413, 2425, 2553, 2584, 2614, 3433, 3496, 3571, 3653, 3719, 3790, 3850, 3906, 3954, 3995, 4036, 4074, 4111, 4253, 4255, 4270, 4305, 4350, 4392, 4435, 4479, 4524, 4577, 4595, 4634, 4662, 4698, 4734, 4768, 4799, 4918, 4957, 5019, 5107, 5169, 5178, 5357, 5380, 5404, 5430, 5453, 5521, 5558, 5583, 5617, 5627, 5676, 5693, 5720, 5876, 5885, 5894, 5903, 5912, 5921, 5949, 6010, 6060, 6128, 6167, 6248, 6323, 6417, 6444, 6492, 6551, 6629, 6668, 6733, 6874, 6892, 6904, 6916, 6953, 6999]@{}
http://www.comp.hkbu.edu.hk/v1/?page=job_vacancies?=sc?=tc@[65, 98, 110, 130, 142, 162, 2328, 2391, 2401, 2413, 2425, 2553, 2584, 2614, 3433, 3496, 3571, 3653, 3719, 3790, 3850, 3906, 3954, 3995, 4036, 4074, 4111, 4253, 4255, 4270, 4305, 4350, 4392, 4435, 4479, 4524, 4577, 4595, 4634, 4675, 4708, 4744, 4778, 4809, 4928, 4967, 5029, 5117, 5179, 5188, 5367, 5390, 5414, 5440, 5463, 5531, 5568, 5593, 5627, 5637, 5686, 5703, 5730, 5886, 5895, 5904, 5913, 5922, 5931, 5959, 6020, 6070, 6138, 6177, 6254, 6335, 6436, 6463, 6511, 6570, 6648, 6687, 6764, 6903, 6921, 6933, 6945, 6982, 7028]@{}
http://www.comp.hkbu.edu.hk/v1/?page=sitemap?=tc?=tc@[65, 98, 110, 130, 142, 162, 2328, 2391, 2401, 2413, 2425, 2553, 2584, 2614, 3433, 3496, 3571, 3653, 3719, 3790, 3850, 3906, 3954, 3995, 4036, 4074, 4111, 4253, 4255, 4270, 4305, 4350, 4392, 4435, 4479, 4524, 4577, 4595, 4634, 4662, 4698, 4734, 4768, 4799, 4918, 4957, 5019, 5107, 5169, 5178, 5357, 5380, 5404, 5430, 5453, 5521, 5558, 5583, 5617, 5627, 5676, 5693, 5720, 5876, 5885, 5894, 5903, 5912, 5921, 5949, 6010, 6060, 6128, 6167, 6247, 6319, 6413, 6440, 6488, 6547, 6625, 6662, 6724, 6865, 6883, 6895, 6907, 6944, 6990]@{}
http://www.comp.hkbu.edu.hk/v1/?page=sitemap?=sc?=tc@[65, 98, 110, 130, 142, 162, 2328, 2391, 2401, 2413, 2425, 2553, 2584, 2614, 3433, 3496, 3571, 3653, 3719, 3790, 3850, 3906, 3954, 3995, 4036, 4074, 4111, 4253, 4255, 4270, 4305, 4350, 4392, 4435, 4479, 4524, 4577, 4595, 4634, 4676, 4712, 4748, 4782, 4813, 4932, 4971, 5033, 5121, 5183, 5192, 5371, 5394, 5418, 5444, 5467, 5535, 5572, 5597, 5631, 5641, 5690, 5707, 5734, 5890, 5899, 5908, 5917, 5926, 5935, 5963, 6024, 6074, 6142, 6181, 6263, 6333, 6430, 6457, 6505, 6564, 6642, 6681, 6756, 6892, 6910, 6922, 6934, 6971, 7017]@{}
http://www.comp.hkbu.edu.hk/v1/?page=home@[65, 98, 110, 130, 142, 162, 2328, 2391, 2401, 2413, 2425, 2553, 2584, 2614, 3429, 3492, 3567, 3649, 3715, 3786, 3846, 3902, 3950, 3991, 4032, 4070, 4107, 4249, 4251, 4266, 4301, 4346, 4388, 4431, 4475, 4520, 4573, 4591, 4630, 4657, 4690, 4726, 4760, 4791, 4910, 4949, 5011, 5099, 5161, 5170, 5349, 5372, 5396, 5422, 5445, 5513, 5550, 5575, 5609, 5619, 5668, 5685, 5712, 5868, 5877, 5886, 5895, 5904, 5913, 5941, 6002, 6052, 6120, 6159, 6234, 6314, 6406, 6433, 6481, 6540, 6618, 6657, 6729, 6857, 6875, 6887, 6899, 6936, 6982]@{}
http://www.comp.hkbu.edu.hk/~alumni/news/../news/../news/@[15, 70, 100, 113, 122, 187, 204, 230, 256, 292, 320, 358, 384, 412, 446, 472, 505, 537, 560, 625, 665, 752, 4038, 5023, 5089]@{}
http://www.comp.hkbu.edu.hk/~alumni/news/../scholarship/../news/@[15, 70, 100, 113, 122, 187, 204, 230, 256, 292, 320, 358, 384, 412, 446, 472, 505, 537, 560, 625, 665, 752, 4038, 5023, 5089]@{}
http://www.comp.hkbu.edu.hk/~alumni/news/../donation/../news/@[15, 70, 100, 113, 122, 187, 204, 230, 256, 292, 320, 358, 384, 412, 446, 472, 505, 537, 560, 625, 665, 752, 4038, 5023, 5089]@{}
http://www.comp.hkbu.edu.hk/v1/?page=job_vacancies?=tc?=tc?=tc@[65, 98, 110, 130, 142, 162, 2328, 2391, 2401, 2413, 2425, 2553, 2584, 2614, 3435, 3498, 3573, 3655, 3721, 3792, 3852, 3908, 3956, 3997, 4038, 4076, 4114, 4256, 4258, 4273, 4308, 4353, 4395, 4438, 4482, 4527, 4580, 4598, 4637, 4679, 4712, 4748, 4782, 4813, 4932, 4971, 5033, 5121, 5183, 5192, 5371, 5394, 5418, 5444, 5467, 5535, 5572, 5597, 5631, 5641, 5690, 5707, 5734, 5890, 5899, 5908, 5917, 5926, 5935, 5963, 6024, 6074, 6142, 6181, 6258, 6337, 6433, 6460, 6508, 6567, 6645, 6684, 6760, 6900, 6918, 6930, 6942, 6979, 7025]@{}
http://www.comp.hkbu.edu.hk/v1/?page=job_vacancies?=sc?=tc?=tc@[65, 98, 110, 130, 142, 162, 2328, 2391, 2401, 2413, 2425, 2553, 2584, 2614, 3435, 3498, 3573, 3655, 3721, 3792, 3852, 3908, 3956, 3997, 4038, 4076, 4113, 4255, 4257, 4272, 4307, 4352, 4394, 4437, 4481, 4526, 4579, 4597, 4636, 4663, 4696, 4732, 4766, 4797, 4916, 4955, 5017, 5105, 5167, 5176, 5355, 5378, 5402, 5428, 5451, 5519, 5556, 5581, 5615, 5625, 5674, 5691, 5718, 5874, 5883, 5892, 5901, 5910, 5919, 5947, 6008, 6058, 6126, 6165, 6246, 6319, 6418, 6445, 6493, 6552, 6630, 6667, 6729, 6869, 6887, 6899, 6911, 6948, 6994]@{}
http://www.comp.hkbu.edu.hk/v1/?page=sitemap?=tc?=tc?=tc@[65, 98, 110, 130, 142, 162, 2328, 2391, 2401, 2413, 2425, 2553, 2584, 2614, 3435, 3498, 3573, 3655, 3721, 3792, 3852, 3908, 3956, 3997, 4038, 4076, 4114, 4256, 4258, 4273, 4308, 4353, 4395, 4438, 4482, 4527, 4580, 4598, 4637, 4668, 4702, 4738, 4772, 4803, 4922, 4961, 5023, 5111, 5173, 5182, 5361, 5384, 5408, 5434, 5457, 5525, 5562, 5587, 5621, 5631, 5680, 5697, 5724, 5880, 5889, 5898, 5907, 5916, 5925, 5953, 6014, 6064, 6132, 6171, 6252, 6334, 6425, 6452, 6500, 6559, 6637, 6676, 6752, 6897, 6915, 6927, 6939, 6976, 7022]@{}
http://www.comp.hkbu.edu.hk/v1/?page=sitemap?=sc?=tc?=tc@[65, 98, 110, 130, 142, 162, 2328, 2391, 2401, 2413, 2425, 2553, 2584, 2614, 3435, 3498, 3573, 3655, 3721, 3792, 3852, 3908, 3956, 3997, 4038, 4076, 4114, 4256, 4258, 4273, 4308, 4353, 4395, 4438, 4482, 4527, 4580, 4598, 4637, 4669, 4705, 4741, 4775, 4806, 4925, 4964, 5026, 5114, 5176, 5185, 5364, 5387, 5411, 5437, 5460, 5528, 5565, 5590, 5624, 5634, 5683, 5700, 5727, 5883, 5892, 5901, 5910, 5919, 5928, 5956, 6017, 6067, 6135, 6174, 6256, 6332, 6426, 6453, 6501, 6560, 6638, 6677, 6759, 6900, 6918, 6930, 6942, 6979, 7025]@{}
http://www.comp.hkbu.edu.hk/v1/?page=home?=tc@[65, 98, 110, 130, 142, 162, 2328, 2391, 2401, 2413, 2425, 2553, 2584, 2614, 3431, 3494, 3569, 3651, 3717, 3788, 3848, 3904, 3952, 3993, 4034, 4072, 4109, 4251, 4253, 4268, 4303, 4348, 4390, 4433, 4477, 4522, 4575, 4593, 4632, 4664, 4700, 4736, 4770, 4801, 4920, 4959, 5021, 5109, 5171, 5180, 5359, 5382, 5406, 5432, 5455, 5523, 5560, 5585, 5619, 5629, 5678, 5695, 5722, 5878, 5887, 5896, 5905, 5914, 5923, 5951, 6012, 6062, 6130, 6169, 6245, 6327, 6422, 6449, 6497, 6556, 6634, 6673, 6750, 6885, 6903, 6915, 6927, 6964, 7010]@{}
http://www.comp.hkbu.edu.hk/~alumni/news/../news/../news/../news/@[15, 70, 100, 113, 122, 187, 204, 230, 256, 292, 320, 358, 384, 412, 446, 472, 505, 537, 560, 625, 665, 752, 4038, 5023, 5089]@{}
http://www.comp.hkbu.edu.hk/~alumni/news/../scholarship/../news/../news/@[15, 70, 100, 113, 122, 187, 204, 230, 256, 292, 320, 358, 384, 412, 446, 472, 505, 537, 560, 625, 665, 752, 4038, 5023, 5089]@{}
http://www.comp.hkbu.edu.hk/~alumni/news/../donation/../news/../news/@[15, 70, 100, 113, 122, 187, 204, 230, 256, 292, 320, 358, 384, 412, 446, 472, 505, 537, 560, 625, 665, 752, 4038, 5023, 5089]@{}
http://www.comp.hkbu.edu.hk/v1/?page=job_vacancies?=tc?=tc?=tc?=tc@[65, 98, 110, 130, 142, 162, 2328, 2391, 2401, 2413, 2425, 2553, 2584, 2614, 3437, 3500, 3575, 3657, 3723, 3794, 3854, 3910, 3958, 3999, 4040, 4078, 4116, 4258, 4260, 4275, 4310, 4355, 4397, 4440, 4484, 4529, 4582, 4600, 4639, 4680, 4713, 4749, 4783, 4814, 4933, 4972, 5034, 5122, 5184, 5193, 5372, 5395, 5419, 5445, 5468, 5536, 5573, 5598, 5632, 5642, 5691, 5708, 5735, 5891, 5900, 5909, 5918, 5927, 5936, 5964, 6025, 6075, 6143, 6182, 6261, 6338, 6430, 6457, 6505, 6564, 6642, 6681, 6747, 6880, 6898, 6910, 6922, 6959, 7005]@{}
http://www.comp.hkbu.edu.hk/v1/?page=job_vacancies?=sc?=tc?=tc?=tc@[65, 98, 110, 130, 142, 162, 2328, 2391, 2401, 2413, 2425, 2553, 2584, 2614, 3437, 3500, 3575, 3657, 3723, 3794, 3854, 3910, 3958, 3999, 4040, 4078, 4116, 4258, 4260, 4275, 4310, 4355, 4397, 4440, 4484, 4529, 4582, 4600, 4639, 4680, 4714, 4750, 4784, 4815, 4934, 4973, 5035, 5123, 5185, 5194, 5373, 5396, 5420, 5446, 5469, 5537, 5574, 5599, 5633, 5643, 5692, 5709, 5736, 5892, 5901, 5910, 5919, 5928, 5937, 5965, 6026, 6076, 6144, 6183, 6258, 6328, 6423, 6450, 6498, 6557, 6635, 6674, 6743, 6868, 6886, 6898, 6910, 6947, 6993]@{}
http://www.comp.hkbu.edu.hk/v1/?page=sitemap?=tc?=tc?=tc?=tc@[65, 98, 110, 130, 142, 162, 2328, 2391, 2401, 2413, 2425, 2553, 2584, 2614, 3437, 3500, 3575, 3657, 3723, 3794, 3854, 3910, 3958, 3999, 4040, 4078, 4115, 4257, 4259, 4274, 4309, 4354, 4396, 4439, 4483, 4528, 4581, 4599, 4638, 4669, 4702, 4738, 4772, 4803, 4922, 4961, 5023, 5111, 5173, 5182, 5361, 5384, 5408, 5434, 5457, 5525, 5562, 5587, 5621, 5631, 5680, 5697, 5724, 5880, 5889, 5898, 5907, 5916, 5925, 5953, 6014, 6064, 6132, 6171, 6250, 6326, 6424, 6451, 6499, 6558, 6636, 6675, 6745, 6886, 6904, 6916, 6928, 6965, 7011]@{}
http://www.comp.hkbu.edu.hk/v1/?page=sitemap?=sc?=tc?=tc?=tc@[65, 98, 110, 130, 142, 162, 2328, 2391, 2401, 2413, 2425, 2553, 2584, 2614, 3437, 3500, 3575, 3657, 3723, 3794, 3854, 3910, 3958, 3999, 4040, 4078, 4115, 4257, 4259, 4274, 4309, 4354, 4396, 4439, 4483, 4528, 4581, 4599, 4638, 4679, 4713, 4749, 4783, 4814, 4933, 4972, 5034, 5122, 5184, 5193, 5372, 5395, 5419, 5445, 5468, 5536, 5573, 5598, 5632, 5642, 5691, 5708, 5735, 5891, 5900, 5909, 5918, 5927, 5936, 5964, 6025, 6075, 6143, 6182, 6261, 6342, 6435, 6462, 6510, 6569, 6647, 6686, 6759, 6894, 6912, 6924, 6936, 6973, 7019]@{}
http://www.comp.hkbu.edu.hk/v1/?page=home?=tc?=tc@[65, 98, 110, 130, 142, 162, 2328, 2391, 2401, 2413, 2425, 2553, 2584, 2614, 3433, 3496, 3571, 3653, 3719, 3790, 3850, 3906, 3954, 3995, 4036, 4074, 4111, 4253, 4255, 4270, 4305, 4350, 4392, 4435, 4479, 4524, 4577, 4595, 4634, 4666, 4702, 4738, 4772, 4803, 4922, 4961, 5023, 5111, 5173, 5182, 5361, 5384, 5408, 5434, 5457, 5525, 5562, 5587, 5621, 5631, 5680, 5697, 5724, 5880, 5889, 5898, 5907, 5916, 5925, 5953, 6014, 6064, 6132, 6171, 6253, 6334, 6428, 6455, 6503, 6562, 6640, 6677, 6739, 6868, 6886, 6898, 6910, 6947, 6993]@{}
http://www.comp.hkbu.edu.hk/~alumni/news/../news/../news/../news/../news/@[15, 70, 100, 113, 122, 187, 204, 230, 256, 292, 320, 358, 384, 412, 446, 472, 505, 537, 560, 625, 665, 752, 4038, 5023, 5089]@{}
http://www.comp.hkbu.edu.hk/v1/?page=alumni@[30, 76, 88, 100, 118, 131, 186]@{}
http://www.comp.hkbu.edu.hk/~alumni/news/../scholarship/../news/../news/../news/@[15, 70, 100, 113, 122, 187, 204, 230, 256, 292, 320, 358, 384, 412, 446, 472, 505, 537, 560, 625, 665, 752, 4038, 5023, 5089]@{}
http://www.comp.hkbu.edu.hk/~alumni/news/../donation/../news/../news/../news/@[15, 70, 100, 113, 122, 187, 204, 230, 256, 292, 320, 358, 384, 412, 446, 472, 505, 537, 560, 625, 665, 752, 4038, 5023, 5089]@{}
http://www.comp.hkbu.edu.hk/v1/?page=job_vacancies?=tc?=tc?=tc?=tc?=tc@[65, 98, 110, 130, 142, 162, 2328, 2391, 2401, 2413, 2425, 2553, 2584, 2614, 3439, 3502, 3577, 3659, 3725, 3796, 3856, 3912, 3960, 4001, 4042, 4080, 4118, 4260, 4262, 4277, 4312, 4357, 4399, 4442, 4486, 4531, 4584, 4602, 4641, 4682, 4716, 4752, 4786, 4817, 4936, 4975, 5037, 5125, 5187, 5196, 5375, 5398, 5422, 5448, 5471, 5539, 5576, 5601, 5635, 5645, 5694, 5711, 5738, 5894, 5903, 5912, 5921, 5930, 5939, 5967, 6028, 6078, 6146, 6185, 6262, 6338, 6432, 6459, 6507, 6566, 6644, 6683, 6750, 6875, 6893, 6905, 6917, 6954, 7000]@{}
http://www.comp.hkbu.edu.hk/v1/?page=job_vacancies?=sc?=tc?=tc?=tc?=tc@[65, 98, 110, 130, 142, 162, 2328, 2391, 2401, 2413, 2425, 2553, 2584, 2614, 3439, 3502, 3577, 3659, 3725, 3796, 3856, 3912, 3960, 4001, 4042, 4080, 4117, 4259, 4261, 4276, 4311, 4356, 4398, 4441, 4485, 4530, 4583, 4601, 4640, 4667, 4701, 4737, 4771, 4802, 4921, 4960, 5022, 5110, 5172, 5181, 5360, 5383, 5407, 5433, 5456, 5524, 5561, 5586, 5620, 5630, 5679, 5696, 5723, 5879, 5888, 5897, 5906, 5915, 5924, 5952, 6013, 6063, 6131, 6170, 6249, 6330, 6428, 6455, 6503, 6562, 6640, 6679, 6745, 6877, 6895, 6907, 6919, 6956, 7002]@{}
http://www.comp.hkbu.edu.hk/v1/?page=sitemap?=tc?=tc?=tc?=tc?=tc@[65, 98, 110, 130, 142, 162, 2328, 2391, 2401, 2413, 2425, 2553, 2584, 2614, 3439, 3502, 3577, 3659, 3725, 3796, 3856, 3912, 3960, 4001, 4042, 4080, 4118, 4260, 4262, 4277, 4312, 4357, 4399, 4442, 4486, 4531, 4584, 4602, 4641, 4669, 4709, 4745, 4779, 4810, 4929, 4968, 5030, 5118, 5180, 5189, 5368, 5391, 5415, 5441, 5464, 5532, 5569, 5594, 5628, 5638, 5687, 5704, 5731, 5887, 5896, 5905, 5914, 5923, 5932, 5960, 6021, 6071, 6139, 6178, 6251, 6332, 6428, 6455, 6503, 6562, 6640, 6679, 6759, 6897, 6915, 6927, 6939, 6976, 7022]@{}
http://www.comp.hkbu.edu.hk/v1/?page=sitemap?=sc?=tc?=tc?=tc?=tc@[65, 98, 110, 130, 142, 162, 2328, 2391, 2401, 2413, 2425, 2553, 2584, 2614, 3439, 3502, 3577, 3659, 3725, 3796, 3856, 3912, 3960, 4001, 4042, 4080, 4117, 4259, 4261, 4276, 4311, 4356, 4398, 4441, 4485, 4530, 4583, 4601, 4640, 4681, 4715, 4751, 4785, 4816, 4935, 4974, 5036, 5124, 5186, 5195, 5374, 5397, 5421, 5447, 5470, 5538, 5575, 5600, 5634, 5644, 5693, 5710, 5737, 5893, 5902, 5911, 5920, 5929, 5938, 5966, 6027, 6077, 6145, 6184, 6265, 6339, 6436, 6463, 6511, 6570, 6648, 6685, 6747, 6882, 6900, 6912, 6924, 6961, 7007]@{}
http://www.comp.hkbu.edu.hk/v1/?page=home?=tc?=tc?=tc@[65, 98, 110, 130, 142, 162, 2328, 2391, 2401, 2413, 2425, 2553, 2584, 2614, 3435, 3498, 3573, 3655, 3721, 3792, 3852, 3908, 3956, 3997, 4038, 4076, 4113, 4255, 4257, 4272, 4307, 4352, 4394, 4437, 4481, 4526, 4579, 4597, 4636, 4664, 4700, 4736, 4770, 4801, 4920, 4959, 5021, 5109, 5171, 5180, 5359, 5382, 5406, 5432, 5455, 5523, 5560, 5585, 5619, 5629, 5678, 5695, 5722, 5878, 5887, 5896, 5905, 5914, 5923, 5951, 6012, 6062, 6130, 6169, 6250, 6326, 6426, 6453, 6501, 6560, 6638, 6675, 6737, 6882, 6900, 6912, 6924, 6961, 7007]@{}
http://www.comp.hkbu.edu.hk/~alumni/news/../news/../news/../news/../news/../news/@[15, 70, 100, 113, 122, 187, 204, 230, 256, 292, 320, 358, 384, 412, 446, 472, 505, 537, 560, 625, 665, 752, 4038, 5023, 5089]@{}
http://www.comp.hkbu.edu.hk/~alumni/news/../scholarship/../news/../news/../news/../news/@[15, 70, 100, 113, 122, 187, 204, 230, 256, 292, 320, 358, 384, 412, 446, 472, 505, 537, 560, 625, 665, 752, 4038, 5023, 5089]@{}
http://www.comp.hkbu.edu.hk/~alumni/news/../donation/../news/../news/../news/../news/@[15, 70, 100, 113, 122, 187, 204, 230, 256, 292, 320, 358, 384, 412, 446, 472, 505, 537, 560, 625, 665, 752, 4038, 5023, 5089]@{}
http://www.comp.hkbu.edu.hk/v1/?page=job_vacancies@[65, 98, 110, 1876, 1939, 1949, 1961, 1973, 2101, 2132, 2162, 2977, 3040, 3115, 3197, 3263, 3334, 3394, 3450, 3498, 3539, 3580, 3618, 3656, 3798, 3800, 3815, 3850, 3895, 3937, 3980, 4024, 4069, 4395, 4413, 4425, 4437, 4510]@{}
http://www.comp.hkbu.edu.hk/v1/?page=job_vacancies?=tc?=tc?=tc?=tc?=tc?=tc@[65, 98, 110, 130, 142, 162, 2328, 2391, 2401, 2413, 2425, 2553, 2584, 2614, 3441, 3504, 3579, 3661, 3727, 3798, 3858, 3914, 3962, 4003, 4044, 4082, 4120, 4262, 4264, 4279, 4314, 4359, 4401, 4444, 4488, 4533, 4586, 4604, 4643, 4671, 4704, 4740, 4774, 4805, 4924, 4963, 5025, 5113, 5175, 5184, 5363, 5386, 5410, 5436, 5459, 5527, 5564, 5589, 5623, 5633, 5682, 5699, 5726, 5882, 5891, 5900, 5909, 5918, 5927, 5955, 6016, 6066, 6134, 6173, 6254, 6331, 6426, 6453, 6501, 6560, 6638, 6675, 6737, 6872, 6890, 6902, 6914, 6951, 6997]@{}
http://www.comp.hkbu.edu.hk/v1/?page=job_vacancies?=sc?=tc?=tc?=tc?=tc?=tc@[65, 98, 110, 130, 142, 162, 2328, 2391, 2401, 2413, 2425, 2553, 2584, 2614, 3441, 3504, 3579, 3661, 3727, 3798, 3858, 3914, 3962, 4003, 4044, 4082, 4119, 4261, 4263, 4278, 4313, 4358, 4400, 4443, 4487, 4532, 4585, 4603, 4642, 4670, 4703, 4739, 4773, 4804, 4923, 4962, 5024, 5112, 5174, 5183, 5362, 5385, 5409, 5435, 5458, 5526, 5563, 5588, 5622, 5632, 5681, 5698, 5725, 5881, 5890, 5899, 5908, 5917, 5926, 5954, 6015, 6065, 6133, 6172, 6252, 6333, 6434, 6461, 6509, 6568, 6646, 6685, 6754, 6899, 6917, 6929, 6941, 6978, 7024]@{}
http://www.comp.hkbu.edu.hk/v1/?page=sitemap?=tc?=tc?=tc?=tc?=tc?=tc@[65, 98, 110, 130, 142, 162, 2328, 2391, 2401, 2413, 2425, 2553, 2584, 2614, 3441, 3504, 3579, 3661, 3727, 3798, 3858, 3914, 3962, 4003, 4044, 4082, 4119, 4261, 4263, 4278, 4313, 4358, 4400, 4443, 4487, 4532, 4585, 4603, 4642, 4673, 4707, 4743, 4777, 4808, 4927, 4966, 5028, 5116, 5178, 5187, 5366, 5389, 5413, 5439, 5462, 5530, 5567, 5592, 5626, 5636, 5685, 5702, 5729, 5885, 5894, 5903, 5912, 5921, 5930, 5958, 6019, 6069, 6137, 6176, 6255, 6327, 6423, 6450, 6498, 6557, 6635, 6674, 6746, 6889, 6907, 6919, 6931, 6968, 7014]@{}
http://www.comp.hkbu.edu.hk/v1/?page=sitemap?=sc?=tc?=tc?=tc?=tc?=tc@[65, 98, 110, 130, 142, 162, 2328, 2391, 2401, 2413, 2425, 2553, 2584, 2614, 3441, 3504, 3579, 3661, 3727, 3798, 3858, 3914, 3962, 4003, 4044, 4082, 4120, 4262, 4264, 4279, 4314, 4359, 4401, 4444, 4488, 4533, 4586, 4604, 4643, 4685, 4725, 4761, 4795, 4826, 4945, 4984, 5046, 5134, 5196, 5205, 5384, 5407, 5431, 5457, 5480, 5548, 5585, 5610, 5644, 5654, 5703, 5720, 5747, 5903, 5912, 5921, 5930, 5939, 5948, 5976, 6037, 6087, 6155, 6194, 6276, 6346, 6442, 6469, 6517, 6576, 6654, 6693, 6759, 6899, 6917, 6929, 6941, 6978, 7024]@{}
http://www.comp.hkbu.edu.hk/v1/?page=home?=tc?=tc?=tc?=tc@[65, 98, 110, 130, 142, 162, 2328, 2391, 2401, 2413, 2425, 2553, 2584, 2614, 3437, 3500, 3575, 3657, 3723, 3794, 3854, 3910, 3958, 3999, 4040, 4078, 4116, 4258, 4260, 4275, 4310, 4355, 4397, 4440, 4484, 4529, 4582, 4600, 4639, 4671, 4706, 4742, 4776, 4807, 4926, 4965, 5027, 5115, 5177, 5186, 5365, 5388, 5412, 5438, 5461, 5529, 5566, 5591, 5625, 5635, 5684, 5701, 5728, 5884, 5893, 5902, 5911, 5920, 5929, 5957, 6018, 6068, 6136, 6175, 6254, 6329, 6424, 6451, 6499, 6558, 6636, 6675, 6748, 6883, 6901, 6913, 6925, 6962, 7008]@{}
http://www.comp.hkbu.edu.hk/~alumni/news/../news/../news/../news/../news/../news/../news/@[15, 70, 100, 113, 122, 187, 204, 230, 256, 292, 320, 358, 384, 412, 446, 472, 505, 537, 560, 625, 665, 752, 4038, 5023, 5089]@{}
http://www.comp.hkbu.edu.hk/~alumni/news/../scholarship/../news/../news/../news/../news/../news/@[15, 70, 100, 113, 122, 187, 204, 230, 256, 292, 320, 358, 384, 412, 446, 472, 505, 537, 560, 625, 665, 752, 4038, 5023, 5089]@{}
http://www.comp.hkbu.edu.hk/~alumni/news/../donation/../news/../news/../news/../news/../news/@[15, 70, 100, 113, 122, 187, 204, 230, 256, 292, 320, 358, 384, 412, 446, 472, 505, 537, 560, 625, 665, 752, 4038, 5023, 5089]@{}
http://www.comp.hkbu.edu.hk/v1/?page=job_vacancies?=tc?=tc?=tc?=tc?=tc?=tc?=tc@[65, 98, 110, 130, 142, 162, 2328, 2391, 2401, 2413, 2425, 2553, 2584, 2614, 3443, 3506, 3581, 3663, 3729, 3800, 3860, 3916, 3964, 4005, 4046, 4084, 4122, 4264, 4266, 4281, 4316, 4361, 4403, 4446, 4490, 4535, 4588, 4606, 4645, 4673, 4708, 4744, 4778, 4809, 4928, 4967, 5029, 5117, 5179, 5188, 5367, 5390, 5414, 5440, 5463, 5531, 5568, 5593, 5627, 5637, 5686, 5703, 5730, 5886, 5895, 5904, 5913, 5922, 5931, 5959, 6020, 6070, 6138, 6177, 6258, 6333, 6422, 6449, 6497, 6556, 6634, 6671, 6733, 6871, 6889, 6901, 6913, 6950, 6996]@{}
http://www.comp.hkbu.edu.hk/v1/?page=job_vacancies?=sc?=tc?=tc?=tc?=tc?=tc?=tc@[65, 98, 110, 130, 142, 162, 2328, 2391, 2401, 2413, 2425, 2553, 2584, 2614, 3443, 3506, 3581, 3663, 3729, 3800, 3860, 3916, 3964, 4005, 4046, 4084, 4122, 4264, 4266, 4281, 4316, 4361, 4403, 4446, 4490, 4535, 4588, 4606, 4645, 4672, 4705, 4741, 4775, 4806, 4925, 4964, 5026, 5114, 5176, 5185, 5364, 5387, 5411, 5437, 5460, 5528, 5565, 5590, 5624, 5634, 5683, 5700, 5727, 5883, 5892, 5901, 5910, 5919, 5928, 5956, 6017, 6067, 6135, 6174, 6253, 6326, 6422, 6449, 6497, 6556, 6634, 6673, 6755, 6891, 6909, 6921, 6933, 6970, 7016]@{}
http://www.comp.hkbu.edu.hk/v1/?page=sitemap?=tc?=tc?=tc?=tc?=tc?=tc?=tc@[65, 98, 110, 130, 142, 162, 2328, 2391, 2401, 2413, 2425, 2553, 2584, 2614, 3443, 3506, 3581, 3663, 3729, 3800, 3860, 3916, 3964, 4005, 4046, 4084, 4121, 4263, 4265, 4280, 4315, 4360, 4402, 4445, 4489, 4534, 4587, 4605, 4644, 4672, 4707, 4743, 4777, 4808, 4927, 4966, 5028, 5116, 5178, 5187, 5366, 5389, 5413, 5439, 5462, 5530, 5567, 5592, 5626, 5636, 5685, 5702, 5729, 5885, 5894, 5903, 5912, 5921, 5930, 5958, 6019, 6069, 6137, 6176, 6251, 6324, 6419, 6446, 6494, 6553, 6631, 6668, 6730, 6871, 6889, 6901, 6913, 6950, 6996]@{}
http://www.comp.hkbu.edu.hk/v1/?page=sitemap?=sc?=tc?=tc?=tc?=tc?=tc?=tc@[65, 98, 110, 130, 142, 162, 2328, 2391, 2401, 2413, 2425, 2553, 2584, 2614, 3443, 3506, 3581, 3663, 3729, 3800, 3860, 3916, 3964, 4005, 4046, 4084, 4121, 4263, 4265, 4280, 4315, 4360, 4402, 4445, 4489, 4534, 4587, 4605, 4644, 4676, 4709, 4745, 4779, 4810, 4929, 4968, 5030, 5118, 5180, 5189, 5368, 5391, 5415, 5441, 5464, 5532, 5569, 5594, 5628, 5638, 5687, 5704, 5731, 5887, 5896, 5905, 5914, 5923, 5932, 5960, 6021, 6071, 6139, 6178, 6252, 6333, 6434, 6461, 6509, 6568, 6646, 6685, 6760, 6892, 6910, 6922, 6934, 6971, 7017]@{}
http://www.comp.hkbu.edu.hk/v1/?page=home?=tc?=tc?=tc?=tc?=tc@[65, 98, 110, 130, 142, 162, 2328, 2391, 2401, 2413, 2425, 2553, 2584, 2614, 3439, 3502, 3577, 3659, 3725, 3796, 3856, 3912, 3960, 4001, 4042, 4080, 4118, 4260, 4262, 4277, 4312, 4357, 4399, 4442, 4486, 4531, 4584, 4602, 4641, 4669, 4709, 4745, 4779, 4810, 4929, 4968, 5030, 5118, 5180, 5189, 5368, 5391, 5415, 5441, 5464, 5532, 5569, 5594, 5628, 5638, 5687, 5704, 5731, 5887, 5896, 5905, 5914, 5923, 5932, 5960, 6021, 6071, 6139, 6178, 6257, 6333, 6428, 6455, 6503, 6562, 6640, 6679, 6761, 6896, 6914, 6926, 6938, 6975, 7021]@{}
http://www.comp.hkbu.edu.hk/~alumni/news/../news/../news/../news/../news/../news/../news/../news/@[15, 70, 100, 113, 122, 187, 204, 230, 256, 292, 320, 358, 384, 412, 446, 472, 505, 537, 560, 625, 665, 752, 4038, 5023, 5089]@{}
http://www.comp.hkbu.edu.hk/~alumni/news/../scholarship/../news/../news/../news/../news/../news/../news/@[15, 70, 100, 113, 122, 187, 204, 230, 256, 292, 320, 358, 384, 412, 446, 472, 505, 537, 560, 625, 665, 752, 4038, 5023, 5089]@{}
http://www.comp.hkbu.edu.hk/~alumni/news/../donation/../news/../news/../news/../news/../news/../news/@[15, 70, 100, 113, 122, 187, 204, 230, 256, 292, 320, 358, 384, 412, 446, 472, 505, 537, 560, 625, 665, 752, 4038, 5023, 5089]@{}
http://www.comp.hkbu.edu.hk/v1/?page=job_vacancies?=tc?=tc?=tc?=tc?=tc?=tc?=tc?=tc@[65, 98, 110, 130, 142, 162, 2328, 2391, 2401, 2413, 2425, 2553, 2584, 2614, 3445, 3508, 3583, 3665, 3731, 3802, 3862, 3918, 3966, 4007, 4048, 4086, 4124, 4266, 4268, 4283, 4318, 4363, 4405, 4448, 4492, 4537, 4590, 4608, 4647, 4689, 4724, 4760, 4794, 4825, 4944, 4983, 5045, 5133, 5195, 5204, 5383, 5406, 5430, 5456, 5479, 5547, 5584, 5609, 5643, 5653, 5702, 5719, 5746, 5902, 5911, 5920, 5929, 5938, 5947, 5975, 6036, 6086, 6154, 6193, 6272, 6353, 6442, 6469, 6517, 6576, 6654, 6693, 6773, 6914, 6932, 6944, 6956, 6993, 7039]@{}
http://www.comp.hkbu.edu.hk/v1/?page=job_vacancies?=sc?=tc?=tc?=tc?=tc?=tc?=tc?=tc@[65, 98, 110, 130, 142, 162, 2328, 2391, 2401, 2413, 2425, 2553, 2584, 2614, 3445, 3508, 3583, 3665, 3731, 3802, 3862, 3918, 3966, 4007, 4048, 4086, 4124, 4266, 4268, 4283, 4318, 4363, 4405, 4448, 4492, 4537, 4590, 4608, 4647, 4675, 4708, 4744, 4778, 4809, 4928, 4967, 5029, 5117, 5179, 5188, 5367, 5390, 5414, 5440, 5463, 5531, 5568, 5593, 5627, 5637, 5686, 5703, 5730, 5886, 5895, 5904, 5913, 5922, 5931, 5959, 6020, 6070, 6138, 6177, 6258, 6340, 6438, 6465, 6513, 6572, 6650, 6689, 6755, 6893, 6911, 6923, 6935, 6972, 7018]@{}
http://www.comp.hkbu.edu.hk/v1/?page=sitemap?=tc?=tc?=tc?=tc?=tc?=tc?=tc?=tc@[65, 98, 110, 130, 142, 162, 2328, 2391, 2401, 2413, 2425, 2553, 2584, 2614, 3445, 3508, 3583, 3665, 3731, 3802, 3862, 3918, 3966, 4007, 4048, 4086, 4124, 4266, 4268, 4283, 4318, 4363, 4405, 4448, 4492, 4537, 4590, 4608, 4647, 4675, 4711, 4747, 4781, 4812, 4931, 4970, 5032, 5120, 5182, 5191, 5370, 5393, 5417, 5443, 5466, 5534, 5571, 5596, 5630, 5640, 5689, 5706, 5733, 5889, 5898, 5907, 5916, 5925, 5934, 5962, 6023, 6073, 6141, 6180, 6253, 6326, 6423, 6450, 6498, 6557, 6635, 6674, 6752, 6884, 6902, 6914, 6926, 6963, 7009]@{}
http://www.comp.hkbu.edu.hk/v1/?page=sitemap?=sc?=tc?=tc?=tc?=tc?=tc?=tc?=tc@[65, 98, 110, 130, 142, 162, 2328, 2391, 2401, 2413, 2425, 2553, 2584, 2614, 3445, 3508, 3583, 3665, 3731, 3802, 3862, 3918, 3966, 4007, 4048, 4086, 4124, 4266, 4268, 4283, 4318, 4363, 4405, 4448, 4492, 4537, 4590, 4608, 4647, 4689, 4725, 4761, 4795, 4826, 4945, 4984, 5046, 5134, 5196, 5205, 5384, 5407, 5431, 5457, 5480, 5548, 5585, 5610, 5644, 5654, 5703, 5720, 5747, 5903, 5912, 5921, 5930, 5939, 5948, 5976, 6037, 6087, 6155, 6194, 6276, 6349, 6449, 6476, 6524, 6583, 6661, 6698, 6760, 6892, 6910, 6922, 6934, 6971, 7017]@{}
http://www.comp.hkbu.edu.hk/v1/?page=sitemap@[65, 98, 110, 1874, 1937, 1947, 1959, 1971, 2099, 2130, 2160, 2975, 3038, 3113, 3195, 3261, 3332, 3392, 3448, 3496, 3537, 3578, 3616, 3653, 3795, 3797, 3812, 3847, 3892, 3934, 3977, 4021, 4066, 5755, 5773, 5785, 5797, 5870]@{}
http://www.comp.hkbu.edu.hk/v1/?page=home?=tc?=tc?=tc?=tc?=tc?=tc@[65, 98, 110, 130, 142, 162, 2328, 2391, 2401, 2413, 2425, 2553, 2584, 2614, 3441, 3504, 3579, 3661, 3727, 3798, 3858, 3914, 3962, 4003, 4044, 4082, 4119, 4261, 4263, 4278, 4313, 4358, 4400, 4443, 4487, 4532, 4585, 4603, 4642, 4674, 4710, 4746, 4780, 4811, 4930, 4969, 5031, 5119, 5181, 5190, 5369, 5392, 5416, 5442, 5465, 5533, 5570, 5595, 5629, 5639, 5688, 5705, 5732, 5888, 5897, 5906, 5915, 5924, 5933, 5961, 6022, 6072, 6140, 6179, 6261, 6336, 6435, 6462, 6510, 6569, 6647, 6686, 6761, 6892, 6910, 6922, 6934, 6971, 7017]@{}
http://www.comp.hkbu.edu.hk/~alumni/news/../news/../news/../news/../news/../news/../news/../news/../news/@[15, 70, 100, 113, 122, 187, 204, 230, 256, 292, 320, 358, 384, 412, 446, 472, 505, 537, 560, 625, 665, 752, 4038, 5023, 5089]@{}
http://www.comp.hkbu.edu.hk/~alumni/news/../scholarship/../news/../news/../news/../news/../news/../news/../news/@[15, 70, 100, 113, 122, 187, 204, 230, 256, 292, 320, 358, 384, 412, 446, 472, 505, 537, 560, 625, 665, 752, 4038, 5023, 5089]@{}
http://www.comp.hkbu.edu.hk/~alumni/news/../donation/../news/../news/../news/../news/../news/../news/../news/@[15, 70, 100, 113, 122, 187, 204, 230, 256, 292, 320, 358, 384, 412, 446, 472, 505, 537, 560, 625, 665, 752, 4038, 5023, 5089]@{}
http://www.comp.hkbu.edu.hk/v1/?page=job_vacancies?=tc?=tc?=tc?=tc?=tc?=tc?=tc?=tc?=tc@[65, 98, 110, 130, 142, 162, 2328, 2391, 2401, 2413, 2425, 2553, 2584, 2614, 3447, 3510, 3585, 3667, 3733, 3804, 3864, 3920, 3968, 4009, 4050, 4088, 4126, 4268, 4270, 4285, 4320, 4365, 4407, 4450, 4494, 4539, 4592, 4610, 4649, 4691, 4724, 4760, 4794, 4825, 4944, 4983, 5045, 5133, 5195, 5204, 5383, 5406, 5430, 5456, 5479, 5547, 5584, 5609, 5643, 5653, 5702, 5719, 5746, 5902, 5911, 5920, 5929, 5938, 5947, 5975, 6036, 6086, 6154, 6193, 6269, 6346, 6441, 6468, 6516, 6575, 6653, 6692, 6763, 6888, 6906, 6918, 6930, 6967, 7013]@{}
http://www.comp.hkbu.edu.hk/v1/?page=job_vacancies?=sc?=tc?=tc?=tc?=tc?=tc?=tc?=tc?=tc@[65, 98, 110, 130, 142, 162, 2328, 2391, 2401, 2413, 2425, 2553, 2584, 2614, 3447, 3510, 3585, 3667, 3733, 3804, 3864, 3920, 3968, 4009, 4050, 4088, 4126, 4268, 4270, 4285, 4320, 4365, 4407, 4450, 4494, 4539, 4592, 4610, 4649, 4690, 4723, 4759, 4793, 4824, 4943, 4982, 5044, 5132, 5194, 5203, 5382, 5405, 5429, 5455, 5478, 5546, 5583, 5608, 5642, 5652, 5701, 5718, 5745, 5901, 5910, 5919, 5928, 5937, 5946, 5974, 6035, 6085, 6153, 6192, 6268, 6349, 6445, 6472, 6520, 6579, 6657, 6696, 6771, 6900, 6918, 6930, 6942, 6979, 7025]@{}
http://www.comp.hkbu.edu.hk/v1/?page=sitemap?=tc?=tc?=tc?=tc?=tc?=tc?=tc?=tc?=tc@[65, 98, 110, 130, 142, 162, 2328, 2391, 2401, 2413, 2425, 2553, 2584, 2614, 3447, 3510, 3585, 3667, 3733, 3804, 3864, 3920, 3968, 4009, 4050, 4088, 4125, 4267, 4269, 4284, 4319, 4364, 4406, 4449, 4493, 4538, 4591, 4609, 4648, 4675, 4708, 4744, 4778, 4809, 4928, 4967, 5029, 5117, 5179, 5188, 5367, 5390, 5414, 5440, 5463, 5531, 5568, 5593, 5627, 5637, 5686, 5703, 5730, 5886, 5895, 5904, 5913, 5922, 5931, 5959, 6020, 6070, 6138, 6177, 6258, 6334, 6423, 6450, 6498, 6557, 6635, 6672, 6734, 6868, 6886, 6898, 6910, 6947, 6993]@{}
http://www.comp.hkbu.edu.hk/v1/?page=sitemap?=sc?=tc?=tc?=tc?=tc?=tc?=tc?=tc?=tc@[65, 98, 110, 130, 142, 162, 2328, 2391, 2401, 2413, 2425, 2553, 2584, 2614, 3447, 3510, 3585, 3667, 3733, 3804, 3864, 3920, 3968, 4009, 4050, 4088, 4125, 4267, 4269, 4284, 4319, 4364, 4406, 4449, 4493, 4538, 4591, 4609, 4648, 4690, 4726, 4762, 4796, 4827, 4946, 4985, 5047, 5135, 5197, 5206, 5385, 5408, 5432, 5458, 5481, 5549, 5586, 5611, 5645, 5655, 5704, 5721, 5748, 5904, 5913, 5922, 5931, 5940, 5949, 5977, 6038, 6088, 6156, 6195, 6272, 6349, 6447, 6474, 6522, 6581, 6659, 6698, 6769, 6894, 6912, 6924, 6936, 6973, 7019]@{}
http://www.comp.hkbu.edu.hk/v1/?lang=tc@[65, 98, 110, 130, 142, 162, 2328, 2391, 2401, 2413, 2425, 2553, 2584, 2614, 3425, 3488, 3563, 3645, 3711, 3782, 3842, 3898, 3946, 3987, 4028, 4066, 4103, 4245, 4247, 4262, 4297, 4342, 4384, 4427, 4471, 4516, 4569, 4587, 4626, 4668, 4708, 4744, 4778, 4809, 4928, 4967, 5029, 5117, 5179, 5188, 5367, 5390, 5414, 5440, 5463, 5531, 5568, 5593, 5627, 5637, 5686, 5703, 5730, 5886, 5895, 5904, 5913, 5922, 5931, 5959, 6020, 6070, 6138, 6177, 6258, 6334, 6435, 6462, 6510, 6569, 6647, 6686, 6755, 6896, 6914, 6926, 6938, 6975, 7021]@{}
http://www.comp.hkbu.edu.hk/~alumni/news/@[15, 70, 100, 113, 122, 187, 204, 230, 256, 292, 320, 358, 384, 412, 446, 472, 505, 537, 560, 625, 665, 752, 4038, 5023, 5089]@{}
http://www.sci.hkbu.edu.hk/eng/page/?page=prospective-students@[140, 152, 166, 219, 237, 249, 262, 268, 277, 287, 297, 307, 317, 326, 334, 437, 445, 454, 462, 471, 480, 488, 497, 506, 513, 525, 536, 549, 559, 572, 586, 864, 3483, 3569, 3584, 3599, 3613, 3665, 3674, 3680, 3826]@{}
http://www.sci.hkbu.edu.hk/eng/page/?page=current-students@[140, 152, 166, 219, 237, 249, 262, 268, 277, 287, 297, 307, 317, 326, 334, 437, 445, 454, 462, 471, 480, 488, 497, 506, 513, 525, 536, 549, 559, 572, 586, 864, 3139, 3225, 3240, 3255, 3269, 3321, 3330, 3336, 3482]@{}
http://www.sci.hkbu.edu.hk/eng/page/@[140, 152, 166, 219, 237, 249, 262, 268, 277, 287, 297, 307, 317, 326, 334, 437, 445, 454, 462, 471, 480, 488, 497, 506, 513, 525, 536, 549, 559, 572, 586, 864, 3242, 3328, 3343, 3358, 3372, 3424, 3433, 3439, 3585]@{}
http://www.sci.hkbu.edu.hk/eng/about-us/honorary-doctorate@[140, 152, 166, 219, 237, 249, 262, 268, 277, 287, 297, 307, 317, 326, 334, 437, 445, 454, 462, 471, 480, 488, 497, 506, 513, 525, 536, 549, 559, 572, 586, 864, 2672, 2736, 2816, 2895, 2976, 3055, 3135, 3214, 3293, 3773, 3859, 3874, 3889, 3903, 3955, 3964, 3970, 4116]@{}
http://www.sci.hkbu.edu.hk/eng/about-us/distinguished-professorship/eng/page/?page=prospective-students@[140, 152, 166, 219, 237, 249, 262, 268, 277, 287, 297, 307, 317, 326, 334, 437, 445, 454, 462, 471, 480, 488, 497, 506, 513, 525, 536, 549, 559, 572, 586, 864, 2403, 2412, 2421, 2430, 2439, 2457, 2485, 2572, 2602, 2631, 2660, 2689, 2810, 2834, 2863, 2888, 3068, 3142, 3215, 3290, 3362, 3437, 3504, 3578, 3648, 3721, 3878, 3902, 3931, 3956, 4116, 4146, 4177, 4206, 4928, 4943, 4959, 4973, 4985, 5244, 5278, 5312, 5346, 5380, 5875, 5896, 5918, 5939, 5961, 6222, 6700, 7938, 8024, 8039, 8054, 8068, 8120, 8129, 8135, 8281]@{}
http://www.sci.hkbu.edu.hk/eng/about-us/honorary-doctorate/eng/page/?page=prospective-students@[140, 152, 166, 219, 237, 249, 262, 268, 277, 287, 297, 307, 317, 326, 334, 437, 445, 454, 462, 471, 480, 488, 497, 506, 513, 525, 536, 549, 559, 572, 586, 864, 2403, 2412, 2421, 2430, 2439, 2457, 2485, 2572, 2602, 2631, 2660, 2689, 2810, 2834, 2863, 2888, 3068, 3142, 3215, 3290, 3362, 3437, 3504, 3578, 3648, 3721, 3878, 3902, 3931, 3956, 4116, 4146, 4177, 4206, 4928, 4943, 4959, 4973, 4985, 5244, 5278, 5312, 5346, 5380, 5875, 5896, 5918, 5939, 5961, 6222, 6700, 7938, 8024, 8039, 8054, 8068, 8120, 8129, 8135, 8281]@{}
http://www.sci.hkbu.edu.hk/eng/about-us/distinguished-professor-of-science@[140, 152, 166, 219, 237, 249, 262, 268, 277, 287, 297, 307, 317, 326, 334, 437, 445, 454, 462, 471, 480, 488, 497, 506, 513, 525, 536, 549, 559, 572, 586, 864, 2750, 2836, 2936, 3014, 3105, 3185, 3283, 3359, 3589, 3675, 3690, 3705, 3719, 3771, 3780, 3786, 3932]@{}
http://www.sci.hkbu.edu.hk/eng/about-us/dr-kennedy-wong-distinguished-visiting-professorship-scheme@[140, 152, 166, 219, 237, 249, 262, 268, 277, 287, 297, 307, 317, 326, 334, 437, 445, 454, 462, 471, 480, 488, 497, 506, 513, 525, 536, 549, 559, 572, 586, 864, 2684, 2796, 2905, 3005, 3258, 3344, 3359, 3374, 3388, 3440, 3449, 3455, 3601]@{}
http://www.sci.hkbu.edu.hk/eng/about-us/distinguished-professor-of-science/eng/page/?page=prospective-students@[140, 152, 166, 219, 237, 249, 262, 268, 277, 287, 297, 307, 317, 326, 334, 437, 445, 454, 462, 471, 480, 488, 497, 506, 513, 525, 536, 549, 559, 572, 586, 864, 2403, 2412, 2421, 2430, 2439, 2457, 2485, 2572, 2602, 2631, 2660, 2689, 2810, 2834, 2863, 2888, 3068, 3142, 3215, 3290, 3362, 3437, 3504, 3578, 3648, 3721, 3878, 3902, 3931, 3956, 4116, 4146, 4177, 4206, 4928, 4943, 4959, 4973, 4985, 5244, 5278, 5312, 5346, 5380, 5875, 5896, 5918, 5939, 5961, 6222, 6700, 7938, 8024, 8039, 8054, 8068, 8120, 8129, 8135, 8281]@{}
http://www.sci.hkbu.edu.hk/eng/about-us/dr-kennedy-wong-distinguished-visiting-professorship-scheme/eng/page/?page=prospective-students@[140, 152, 166, 219, 237, 249, 262, 268, 277, 287, 297, 307, 317, 326, 334, 437, 445, 454, 462, 471, 480, 488, 497, 506, 513, 525, 536, 549, 559, 572, 586, 864, 2403, 2412, 2421, 2430, 2439, 2457, 2485, 2572, 2602, 2631, 2660, 2689, 2810, 2834, 2863, 2888, 3068, 3142, 3215, 3290, 3362, 3437, 3504, 3578, 3648, 3721, 3878, 3902, 3931, 3956, 4116, 4146, 4177, 4206, 4928, 4943, 4959, 4973, 4985, 5244, 5278, 5312, 5346, 5380, 5875, 5896, 5918, 5939, 5961, 6222, 6700, 7938, 8024, 8039, 8054, 8068, 8120, 8129, 8135, 8281]@{}
http://www.sci.hkbu.edu.hk/eng/page/eng/about-us/vision-mission@[140, 152, 166, 219, 237, 249, 262, 268, 277, 287, 297, 307, 317, 326, 334, 437, 445, 454, 462, 471, 480, 488, 497, 506, 513, 525, 536, 549, 559, 572, 586, 864, 2403, 2412, 2421, 2430, 2439, 2457, 2485, 2572, 2602, 2631, 2660, 2689, 2810, 2834, 2863, 2888, 3068, 3142, 3215, 3290, 3362, 3437, 3504, 3578, 3648, 3721, 3878, 3902, 3931, 3956, 4116, 4146, 4177, 4206, 4928, 4943, 4959, 4973, 4985, 5244, 5278, 5312, 5346, 5380, 5875, 5896, 5918, 5939, 5961, 6222, 6700, 7938, 8024, 8039, 8054, 8068, 8120, 8129, 8135, 8281]@{}
http://www.sci.hkbu.edu.hk/eng/page/eng/about-us/faculty-advisory-committee@[140, 152, 166, 219, 237, 249, 262, 268, 277, 287, 297, 307, 317, 326, 334, 437, 445, 454, 462, 471, 480, 488, 497, 506, 513, 525, 536, 549, 559, 572, 586, 864, 2403, 2412, 2421, 2430, 2439, 2457, 2485, 2572, 2602, 2631, 2660, 2689, 2810, 2834, 2863, 2888, 3068, 3142, 3215, 3290, 3362, 3437, 3504, 3578, 3648, 3721, 3878, 3902, 3931, 3956, 4116, 4146, 4177, 4206, 4928, 4943, 4959, 4973, 4985, 5244, 5278, 5312, 5346, 5380, 5875, 5896, 5918, 5939, 5961, 6222, 6700, 7938, 8024, 8039, 8054, 8068, 8120, 8129, 8135, 8281]@{}
http://www.sci.hkbu.edu.hk/eng@[140, 152, 166, 219, 237, 249, 262, 268, 277, 287, 297, 307, 317, 326, 334, 437, 445, 454, 462, 471, 480, 488, 497, 506, 513, 525, 536, 549, 559, 572, 586, 864, 2403, 2412, 2421, 2430, 2439, 2457, 2485, 2572, 2602, 2631, 2660, 2689, 2810, 2834, 2863, 2888, 3068, 3142, 3215, 3290, 3362, 3437, 3504, 3578, 3648, 3721, 3878, 3902, 3931, 3956, 4116, 4146, 4177, 4206, 4928, 4943, 4959, 4973, 4985, 5244, 5278, 5312, 5346, 5380, 5875, 5896, 5918, 5939, 5961, 6222, 6700, 7938, 8024, 8039, 8054, 8068, 8120, 8129, 8135, 8281]@{}
http://www.sci.hkbu.edu.hk/eng/about-us/vision-mission@[140, 152, 166, 219, 237, 249, 262, 268, 277, 287, 297, 307, 317, 326, 334, 437, 445, 454, 462, 471, 480, 488, 497, 506, 513, 525, 536, 549, 559, 572, 586, 864, 2635, 3162, 3248, 3263, 3278, 3292, 3344, 3353, 3359, 3505]@{}
http://www.sci.hkbu.edu.hk/eng/about-us/faculty-advisory-committee@[140, 152, 166, 219, 237, 249, 262, 268, 277, 287, 297, 307, 317, 326, 334, 437, 445, 454, 462, 471, 480, 488, 497, 506, 513, 525, 536, 549, 559, 572, 586, 864, 3916, 4002, 4017, 4032, 4046, 4098, 4107, 4113, 4259]@{}
http://www.sci.hkbu.edu.hk/eng/about-us/vision-mission/eng/page/?page=prospective-students@[140, 152, 166, 219, 237, 249, 262, 268, 277, 287, 297, 307, 317, 326, 334, 437, 445, 454, 462, 471, 480, 488, 497, 506, 513, 525, 536, 549, 559, 572, 586, 864, 2403, 2412, 2421, 2430, 2439, 2457, 2485, 2572, 2602, 2631, 2660, 2689, 2810, 2834, 2863, 2888, 3068, 3142, 3215, 3290, 3362, 3437, 3504, 3578, 3648, 3721, 3878, 3902, 3931, 3956, 4116, 4146, 4177, 4206, 4928, 4943, 4959, 4973, 4985, 5244, 5278, 5312, 5346, 5380, 5875, 5896, 5918, 5939, 5961, 6222, 6700, 7938, 8024, 8039, 8054, 8068, 8120, 8129, 8135, 8281]@{}
http://www.sci.hkbu.edu.hk/eng/about-us/faculty-advisory-committee/eng/page/?page=prospective-students@[140, 152, 166, 219, 237, 249, 262, 268, 277, 287, 297, 307, 317, 326, 334, 437, 445, 454, 462, 471, 480, 488, 497, 506, 513, 525, 536, 549, 559, 572, 586, 864, 2403, 2412, 2421, 2430, 2439, 2457, 2485, 2572, 2602, 2631, 2660, 2689, 2810, 2834, 2863, 2888, 3068, 3142, 3215, 3290, 3362, 3437, 3504, 3578, 3648, 3721, 3878, 3902, 3931, 3956, 4116, 4146, 4177, 4206, 4928, 4943, 4959, 4973, 4985, 5244, 5278, 5312, 5346, 5380, 5875, 5896, 5918, 5939, 5961, 6222, 6700, 7938, 8024, 8039, 8054, 8068, 8120, 8129, 8135, 8281]@{}
http://www.sci.hkbu.edu.hk/eng/about-us/distinguished-professorship@[140, 152, 166, 219, 237, 249, 262, 268, 277, 287, 297, 307, 317, 326, 334, 437, 445, 454, 462, 471, 480, 488, 497, 506, 513, 525, 536, 549, 559, 572, 586, 864, 2807, 2893, 2908, 2923, 2937, 2989, 2998, 3004, 3150]@{}
