https://www.comp.hkbu.edu.hk/v1/?page=faculty@[124]@[124]
https://www.comp.hkbu.edu.hk/v1/?page=mscitm@[11]@[11]
https://www.comp.hkbu.edu.hk/v1/?pid=95@[11]@[11]
https://www.comp.hkbu.edu.hk/msc@[27]@[]
https://www.comp.hkbu.edu.hk/msc/itm/en@[11]@[11]
https://www.comp.hkbu.edu.hk/v1/?page=events@[7700]@[7700]
https://www.comp.hkbu.edu.hk/v1/?file=355@[212, 228, 253, 308, 359, 387, 398, 425, 489, 676, 692, 717, 737, 745, 762, 771, 851, 880, 886, 893, 921, 972, 997, 1001, 1035, 1039, 1056, 1094, 1125, 1166, 1178, 1201, 1213, 1276, 1303, 1316, 1336, 1337, 1368, 1556, 1566, 1592, 1664, 1665, 1678, 1701, 1721, 1728, 1734, 1779, 1828, 1855, 1939, 1962, 1964, 1994, 2012, 2017, 2019, 2044, 2090, 2107, 2130, 2173, 2185, 2238, 2240, 2263, 2268, 2304, 2354, 2401, 2412, 2433, 2508, 2551, 2586, 2641, 2701, 2718, 2734, 2809, 2813, 2815, 2838, 2850, 2883, 2912, 3002, 3032, 3093, 3117, 3127, 3151, 3155, 3160, 3221, 3276, 3324, 3331, 3425, 3453, 3474, 3490, 3506, 3527, 3533, 3591, 3724, 3746, 3781, 3796, 3804, 3853, 3862, 3868, 3907, 3959, 3963, 3974, 4008, 4016, 4057, 4073, 4101, 4109, 4154, 4181, 4236, 4250, 4286, 4309, 4390, 4397, 4408, 4438, 4456, 4477, 4553, 4612, 4635, 4638, 4651, 4664, 4720, 4867, 4915, 4929, 4962, 4977, 5035, 5050, 5072, 5091, 5164, 5182, 5192, 5250, 5290, 5294, 5500, 5507, 5511, 5542, 5571, 5647, 5786, 5819, 5839, 6152, 6194, 6246, 6388, 6422, 6449, 6495, 6498, 6558, 6575, 6637, 6642, 6643, 6670, 6678, 6692, 6719, 6734, 6739, 6741, 6789, 6808, 6883, 6893, 6907, 6951, 6987, 7018, 7029, 7097, 7164, 7195, 7205, 7356, 7360, 7364, 7419, 7436, 7442, 7656, 7676, 7699, 7722, 7745, 7768, 7791, 7814, 7837, 7860, 7883, 7906]@[]
https://www.comp.hkbu.edu.hk/v1/?file=1431@[1117, 1119, 1278, 1303, 1391, 1431, 1439, 1455, 1460, 1468, 1476, 1480, 1507, 1741, 1835, 1847, 1881, 1884, 1911, 1936, 1944, 1988, 2010, 2090, 2093, 2158, 2234, 2260, 2274, 2296, 2332, 2333, 2334, 2335, 2412, 2825, 2892, 3057, 3126, 3138, 3139, 3161, 3236, 3272, 3318, 3325, 3437, 3518, 3694, 3745, 3776, 3848, 3981, 4004, 4022, 4056, 4099, 4105, 4139, 4212, 4248, 4259, 4321, 4331, 4339, 4377, 4489, 4559, 4669, 4800, 4836, 4845, 4942, 5065, 5155, 5252, 5259, 5275, 5324, 5649]@[]
https://policies.google.com/terms@[955, 982, 1017, 1233, 1249, 1275, 2163, 2262, 2336, 2509, 2552, 2632, 2647, 2685, 2721, 2830, 2909, 2931, 3181, 3385, 3418, 3507, 3520, 3527, 3652, 4166, 4167]@[955, 982, 1017, 1233, 1249, 1275, 2163, 2262, 2336, 2509, 2552, 2632, 2647, 2685, 2721, 2830, 2909, 2931, 3181, 3385, 3418, 3507, 3520, 3527, 3652, 4166, 4167]
https://policies.google.com/privacy@[612, 1561, 1580, 2084, 4003, 4023, 5487, 5865, 6349, 6994, 7667, 7668]@[612, 1561, 1580, 2084, 4003, 4023, 5487, 5865, 6349, 6994, 7667, 7668]
https://myaccount.google.com@[74, 75]@[74, 75]
https://www.hkstp.org/en/about-us/who-we-are@[471, 756, 1063]@[471, 756, 1063]
https://www.hkstp.org/about-us/who-we-are@[471, 756, 1063]@[471, 756, 1063]
https://news.google.com/?tab=wn@[650, 747, 1217, 1567, 1740]@[650, 747, 1217, 1567, 1740]
https://mail.google.com/mail/?tab=wm@[74, 75]@[74, 75]
https://drive.google.com/?tab=wo@[74, 75]@[74, 75]
https://accounts.google.com/SignUp?continue=https%3A%2F%2Fmyaccount.google.com%2Fgeneral-light@[26, 28, 275, 427, 428]@[26, 28, 275, 427, 428]
https://news.google.com/?tab=nn@[259, 976, 1125, 1376, 1876]@[259, 976, 1125, 1376, 1876]
https://itunes.apple.com/app/google-search/id284815942?mt=8@[507, 854, 868, 1077]@[507, 854, 868, 1077]
https://support.google.com/websearch?hl=zh@[107, 108]@[107, 108]
https://support.google.com/accounts/answer/23852?hl=zh-HK@[72, 73]@[72, 73]
