http://www.comp.hkbu.edu.hk@[656, 743, 1319, 1839, 1853, 2437, 2493, 2503, 2646, 2652, 2791, 2795, 2992, 3039, 3042, 3090, 3093, 3140, 3143, 3187, 3190, 3235, 3238, 3283, 3286, 3333, 3351, 3432, 3437, 3495, 3500, 3570, 3575, 3652, 3657, 3718, 3723, 3789, 3850, 4120, 4273, 4538, 4889, 4902, 5068, 5092, 5651, 5661, 6095, 6109, 6396, 6408, 6610, 6619, 6807, 6811, 6936]@{}
http://www.comp.hkbu.edu.hk/v1/?page=sci@[2401, 4089, 4215, 4998, 5017, 6178, 6184, 6286, 6291, 6294, 6667, 6757]@{}
http://www.comp.hkbu.edu.hk/v1/?page=job_vacancies?=tc@[656, 743, 1319, 1839, 1853, 2437, 2493, 2503, 2646, 2652, 2791, 2795, 2998, 3045, 3048, 3096, 3099, 3146, 3149, 3193, 3196, 3241, 3244, 3289, 3292, 3339, 3357, 3438, 3443, 3501, 3506, 3576, 3581, 3658, 3663, 3724, 3729, 3795, 3856, 4126, 4279, 4544, 4885, 4898, 5064, 5088, 5647, 5657, 6091, 6105, 6375, 6387, 6589, 6598, 6783, 6787, 6912]@{}
http://www.comp.hkbu.edu.hk/v1/?page=job_vacancies?=sc@[656, 743, 1319, 1839, 1853, 2437, 2493, 2503, 2646, 2652, 2791, 2795, 2998, 3045, 3048, 3096, 3099, 3146, 3149, 3193, 3196, 3241, 3244, 3289, 3292, 3339, 3357, 3438, 3443, 3501, 3506, 3576, 3581, 3658, 3663, 3724, 3729, 3795, 3856, 4126, 4279, 4544, 4885, 4898, 5064, 5088, 5647, 5657, 6091, 6105, 6386, 6398, 6600, 6609, 6792, 6796, 6921]@{}
http://www.comp.hkbu.edu.hk/v1/?page=sitemap?=tc@[656, 743, 1319, 1839, 1853, 2437, 2493, 2503, 2646, 2652, 2791, 2795, 2998, 3045, 3048, 3096, 3099, 3146, 3149, 3193, 3196, 3241, 3244, 3289, 3292, 3339, 3357, 3438, 3443, 3501, 3506, 3576, 3581, 3658, 3663, 3724, 3729, 3795, 3856, 4125, 4278, 4543, 4881, 4894, 5060, 5084, 5643, 5653, 6087, 6101, 6378, 6390, 6592, 6601, 6795, 6799, 6924]@{}
http://www.comp.hkbu.edu.hk/v1/?page=sitemap?=sc@[656, 743, 1319, 1839, 1853, 2437, 2493, 2503, 2646, 2652, 2791, 2795, 2998, 3045, 3048, 3096, 3099, 3146, 3149, 3193, 3196, 3241, 3244, 3289, 3292, 3339, 3357, 3438, 3443, 3501, 3506, 3576, 3581, 3658, 3663, 3724, 3729, 3795, 3856, 4125, 4278, 4543, 4880, 4893, 5059, 5083, 5642, 5652, 6086, 6100, 6385, 6397, 6599, 6608, 6810, 6814, 6939]@{}
http://www.comp.hkbu.edu.hk/v1/?lang=sc@[656, 743, 1319, 1839, 1853, 2437, 2493, 2503, 2646, 2652, 2791, 2795, 2992, 3039, 3042, 3090, 3093, 3140, 3143, 3187, 3190, 3235, 3238, 3283, 3286, 3333, 3351, 3432, 3437, 3495, 3500, 3570, 3575, 3652, 3657, 3718, 3723, 3789, 3850, 4120, 4273, 4538, 4876, 4889, 5055, 5079, 5638, 5648, 6082, 6096, 6377, 6389, 6591, 6600, 6776, 6780, 6905]@{}
http://www.comp.hkbu.edu.hk/~alumni/news/../news/@[51, 93, 134, 137, 138, 167, 570, 580, 764, 830, 835, 907, 912, 1054, 1059, 1104, 1109, 1192, 1197, 1274, 1279, 1349, 1354, 1400, 1405, 1478, 1483, 1529, 1534, 1610, 1615, 1667, 1672, 1746, 1751, 1799, 1804, 1854, 1859, 1912, 1917, 1969, 1974, 2043, 2048, 2128, 2133, 2185, 2190, 2264, 2269, 2313, 2318, 2403, 2408, 2458, 2463, 2532, 2537, 2590, 2595, 2644, 2649, 2732, 2737, 2812, 2817, 2897, 2902, 2996, 3001, 3121, 3126, 3196, 3201, 3287, 3292, 3376, 3381, 3478, 3483, 3568, 3573, 3652, 3657, 3744, 3749, 3844, 3849, 3951, 3956, 4063, 4068, 4173, 4178, 4302, 4307, 4394, 4399, 4484, 4489, 4546, 4551, 4612, 4617, 4676, 4681, 4753, 4758, 4838, 4843, 4920, 4925, 4997, 5008, 5035]@{}
http://www.comp.hkbu.edu.hk/~alumni/news/../scholarship/@[51, 93, 134, 137, 138, 167, 570, 580, 609, 771, 773, 831, 842, 867]@{}
http://www.comp.hkbu.edu.hk/~alumni/news/../donation/@[51, 93, 134, 137, 138, 167, 570, 580, 633, 657, 658, 688, 691, 720, 723, 753, 756, 786, 789, 831, 834, 876, 879, 921, 924, 971, 974, 1192, 1195, 1319, 1330, 1357]@{}
http://www.comp.hkbu.edu.hk/v1/?page=job_vacancies?=tc?=tc@[656, 743, 1319, 1839, 1853, 2437, 2493, 2503, 2646, 2652, 2791, 2795, 3000, 3047, 3050, 3098, 3101, 3148, 3151, 3195, 3198, 3243, 3246, 3291, 3294, 3341, 3359, 3440, 3445, 3503, 3508, 3578, 3583, 3660, 3665, 3726, 3731, 3797, 3858, 4127, 4280, 4545, 4882, 4895, 5061, 5085, 5644, 5654, 6088, 6102, 6384, 6396, 6598, 6607, 6797, 6801, 6926]@{}
http://www.comp.hkbu.edu.hk/v1/?page=job_vacancies?=sc?=tc@[656, 743, 1319, 1839, 1853, 2437, 2493, 2503, 2646, 2652, 2791, 2795, 3000, 3047, 3050, 3098, 3101, 3148, 3151, 3195, 3198, 3243, 3246, 3291, 3294, 3341, 3359, 3440, 3445, 3503, 3508, 3578, 3583, 3660, 3665, 3726, 3731, 3797, 3858, 4127, 4280, 4545, 4892, 4905, 5071, 5095, 5654, 5664, 6098, 6112, 6403, 6415, 6617, 6626, 6826, 6830, 6955]@{}
http://www.comp.hkbu.edu.hk/v1/?page=sitemap?=tc?=tc@[656, 743, 1319, 1839, 1853, 2437, 2493, 2503, 2646, 2652, 2791, 2795, 3000, 3047, 3050, 3098, 3101, 3148, 3151, 3195, 3198, 3243, 3246, 3291, 3294, 3341, 3359, 3440, 3445, 3503, 3508, 3578, 3583, 3660, 3665, 3726, 3731, 3797, 3858, 4127, 4280, 4545, 4882, 4895, 5061, 5085, 5644, 5654, 6088, 6102, 6380, 6392, 6594, 6603, 6788, 6792, 6917]@{}
http://www.comp.hkbu.edu.hk/v1/?page=sitemap?=sc?=tc@[656, 743, 1319, 1839, 1853, 2437, 2493, 2503, 2646, 2652, 2791, 2795, 3000, 3047, 3050, 3098, 3101, 3148, 3151, 3195, 3198, 3243, 3246, 3291, 3294, 3341, 3359, 3440, 3445, 3503, 3508, 3578, 3583, 3660, 3665, 3726, 3731, 3797, 3858, 4127, 4280, 4545, 4896, 4909, 5075, 5099, 5658, 5668, 6102, 6116, 6397, 6409, 6611, 6620, 6815, 6819, 6944]@{}
http://www.comp.hkbu.edu.hk/v1/?page=home@[656, 743, 1319, 1839, 1853, 2437, 2493, 2503, 2646, 2652, 2791, 2795, 2996, 3043, 3046, 3094, 3097, 3144, 3147, 3191, 3194, 3239, 3242, 3287, 3290, 3337, 3355, 3436, 3441, 3499, 3504, 3574, 3579, 3656, 3661, 3722, 3727, 3793, 3854, 4123, 4276, 4541, 4874, 4887, 5053, 5077, 5636, 5646, 6080, 6094, 6373, 6385, 6587, 6596, 6780, 6784, 6909]@{}
http://www.comp.hkbu.edu.hk/~alumni/news/../news/../news/@[51, 93, 134, 137, 138, 167, 570, 580, 764, 830, 835, 907, 912, 1054, 1059, 1104, 1109, 1192, 1197, 1274, 1279, 1349, 1354, 1400, 1405, 1478, 1483, 1529, 1534, 1610, 1615, 1667, 1672, 1746, 1751, 1799, 1804, 1854, 1859, 1912, 1917, 1969, 1974, 2043, 2048, 2128, 2133, 2185, 2190, 2264, 2269, 2313, 2318, 2403, 2408, 2458, 2463, 2532, 2537, 2590, 2595, 2644, 2649, 2732, 2737, 2812, 2817, 2897, 2902, 2996, 3001, 3121, 3126, 3196, 3201, 3287, 3292, 3376, 3381, 3478, 3483, 3568, 3573, 3652, 3657, 3744, 3749, 3844, 3849, 3951, 3956, 4063, 4068, 4173, 4178, 4302, 4307, 4394, 4399, 4484, 4489, 4546, 4551, 4612, 4617, 4676, 4681, 4753, 4758, 4838, 4843, 4920, 4925, 4997, 5008, 5035]@{}
http://www.comp.hkbu.edu.hk/~alumni/news/../scholarship/../news/@[51, 93, 134, 137, 138, 167, 570, 580, 764, 830, 835, 907, 912, 1054, 1059, 1104, 1109, 1192, 1197, 1274, 1279, 1349, 1354, 1400, 1405, 1478, 1483, 1529, 1534, 1610, 1615, 1667, 1672, 1746, 1751, 1799, 1804, 1854, 1859, 1912, 1917, 1969, 1974, 2043, 2048, 2128, 2133, 2185, 2190, 2264, 2269, 2313, 2318, 2403, 2408, 2458, 2463, 2532, 2537, 2590, 2595, 2644, 2649, 2732, 2737, 2812, 2817, 2897, 2902, 2996, 3001, 3121, 3126, 3196, 3201, 3287, 3292, 3376, 3381, 3478, 3483, 3568, 3573, 3652, 3657, 3744, 3749, 3844, 3849, 3951, 3956, 4063, 4068, 4173, 4178, 4302, 4307, 4394, 4399, 4484, 4489, 4546, 4551, 4612, 4617, 4676, 4681, 4753, 4758, 4838, 4843, 4920, 4925, 4997, 5008, 5035]@{}
http://www.comp.hkbu.edu.hk/~alumni/news/../donation/../news/@[51, 93, 134, 137, 138, 167, 570, 580, 764, 830, 835, 907, 912, 1054, 1059, 1104, 1109, 1192, 1197, 1274, 1279, 1349, 1354, 1400, 1405, 1478, 1483, 1529, 1534, 1610, 1615, 1667, 1672, 1746, 1751, 1799, 1804, 1854, 1859, 1912, 1917, 1969, 1974, 2043, 2048, 2128, 2133, 2185, 2190, 2264, 2269, 2313, 2318, 2403, 2408, 2458, 2463, 2532, 2537, 2590, 2595, 2644, 2649, 2732, 2737, 2812, 2817, 2897, 2902, 2996, 3001, 3121, 3126, 3196, 3201, 3287, 3292, 3376, 3381, 3478, 3483, 3568, 3573, 3652, 3657, 3744, 3749, 3844, 3849, 3951, 3956, 4063, 4068, 4173, 4178, 4302, 4307, 4394, 4399, 4484, 4489, 4546, 4551, 4612, 4617, 4676, 4681, 4753, 4758, 4838, 4843, 4920, 4925, 4997, 5008, 5035]@{}
http://www.comp.hkbu.edu.hk/v1/?page=job_vacancies?=tc?=tc?=tc@[656, 743, 1319, 1839, 1853, 2437, 2493, 2503, 2646, 2652, 2791, 2795, 3002, 3049, 3052, 3100, 3103, 3150, 3153, 3197, 3200, 3245, 3248, 3293, 3296, 3343, 3361, 3442, 3447, 3505, 3510, 3580, 3585, 3662, 3667, 3728, 3733, 3799, 3860, 4130, 4283, 4548, 4896, 4909, 5075, 5099, 5658, 5668, 6102, 6116, 6400, 6412, 6614, 6623, 6823, 6827, 6952]@{}
http://www.comp.hkbu.edu.hk/v1/?page=job_vacancies?=sc?=tc?=tc@[656, 743, 1319, 1839, 1853, 2437, 2493, 2503, 2646, 2652, 2791, 2795, 3002, 3049, 3052, 3100, 3103, 3150, 3153, 3197, 3200, 3245, 3248, 3293, 3296, 3343, 3361, 3442, 3447, 3505, 3510, 3580, 3585, 3662, 3667, 3728, 3733, 3799, 3860, 4129, 4282, 4547, 4880, 4893, 5059, 5083, 5642, 5652, 6086, 6100, 6385, 6397, 6599, 6608, 6792, 6796, 6921]@{}
http://www.comp.hkbu.edu.hk/v1/?page=sitemap?=tc?=tc?=tc@[656, 743, 1319, 1839, 1853, 2437, 2493, 2503, 2646, 2652, 2791, 2795, 3002, 3049, 3052, 3100, 3103, 3150, 3153, 3197, 3200, 3245, 3248, 3293, 3296, 3343, 3361, 3442, 3447, 3505, 3510, 3580, 3585, 3662, 3667, 3728, 3733, 3799, 3860, 4130, 4283, 4548, 4886, 4899, 5065, 5089, 5648, 5658, 6092, 6106, 6392, 6404, 6606, 6615, 6820, 6824, 6949]@{}
http://www.comp.hkbu.edu.hk/v1/?page=sitemap?=sc?=tc?=tc@[656, 743, 1319, 1839, 1853, 2437, 2493, 2503, 2646, 2652, 2791, 2795, 3002, 3049, 3052, 3100, 3103, 3150, 3153, 3197, 3200, 3245, 3248, 3293, 3296, 3343, 3361, 3442, 3447, 3505, 3510, 3580, 3585, 3662, 3667, 3728, 3733, 3799, 3860, 4130, 4283, 4548, 4889, 4902, 5068, 5092, 5651, 5661, 6095, 6109, 6393, 6405, 6607, 6616, 6823, 6827, 6952]@{}
http://www.comp.hkbu.edu.hk/v1/?page=home?=tc@[656, 743, 1319, 1839, 1853, 2437, 2493, 2503, 2646, 2652, 2791, 2795, 2998, 3045, 3048, 3096, 3099, 3146, 3149, 3193, 3196, 3241, 3244, 3289, 3292, 3339, 3357, 3438, 3443, 3501, 3506, 3576, 3581, 3658, 3663, 3724, 3729, 3795, 3856, 4125, 4278, 4543, 4884, 4897, 5063, 5087, 5646, 5656, 6090, 6104, 6389, 6401, 6603, 6612, 6808, 6812, 6937]@{}
http://www.comp.hkbu.edu.hk/~alumni/news/../news/../news/../news/@[51, 93, 134, 137, 138, 167, 570, 580, 764, 830, 835, 907, 912, 1054, 1059, 1104, 1109, 1192, 1197, 1274, 1279, 1349, 1354, 1400, 1405, 1478, 1483, 1529, 1534, 1610, 1615, 1667, 1672, 1746, 1751, 1799, 1804, 1854, 1859, 1912, 1917, 1969, 1974, 2043, 2048, 2128, 2133, 2185, 2190, 2264, 2269, 2313, 2318, 2403, 2408, 2458, 2463, 2532, 2537, 2590, 2595, 2644, 2649, 2732, 2737, 2812, 2817, 2897, 2902, 2996, 3001, 3121, 3126, 3196, 3201, 3287, 3292, 3376, 3381, 3478, 3483, 3568, 3573, 3652, 3657, 3744, 3749, 3844, 3849, 3951, 3956, 4063, 4068, 4173, 4178, 4302, 4307, 4394, 4399, 4484, 4489, 4546, 4551, 4612, 4617, 4676, 4681, 4753, 4758, 4838, 4843, 4920, 4925, 4997, 5008, 5035]@{}
http://www.comp.hkbu.edu.hk/~alumni/news/../scholarship/../news/../news/@[51, 93, 134, 137, 138, 167, 570, 580, 764, 830, 835, 907, 912, 1054, 1059, 1104, 1109, 1192, 1197, 1274, 1279, 1349, 1354, 1400, 1405, 1478, 1483, 1529, 1534, 1610, 1615, 1667, 1672, 1746, 1751, 1799, 1804, 1854, 1859, 1912, 1917, 1969, 1974, 2043, 2048, 2128, 2133, 2185, 2190, 2264, 2269, 2313, 2318, 2403, 2408, 2458, 2463, 2532, 2537, 2590, 2595, 2644, 2649, 2732, 2737, 2812, 2817, 2897, 2902, 2996, 3001, 3121, 3126, 3196, 3201, 3287, 3292, 3376, 3381, 3478, 3483, 3568, 3573, 3652, 3657, 3744, 3749, 3844, 3849, 3951, 3956, 4063, 4068, 4173, 4178, 4302, 4307, 4394, 4399, 4484, 4489, 4546, 4551, 4612, 4617, 4676, 4681, 4753, 4758, 4838, 4843, 4920, 4925, 4997, 5008, 5035]@{}
http://www.comp.hkbu.edu.hk/~alumni/news/../donation/../news/../news/@[51, 93, 134, 137, 138, 167, 570, 580, 764, 830, 835, 907, 912, 1054, 1059, 1104, 1109, 1192, 1197, 1274, 1279, 1349, 1354, 1400, 1405, 1478, 1483, 1529, 1534, 1610, 1615, 1667, 1672, 1746, 1751, 1799, 1804, 1854, 1859, 1912, 1917, 1969, 1974, 2043, 2048, 2128, 2133, 2185, 2190, 2264, 2269, 2313, 2318, 2403, 2408, 2458, 2463, 2532, 2537, 2590, 2595, 2644, 2649, 2732, 2737, 2812, 2817, 2897, 2902, 2996, 3001, 3121, 3126, 3196, 3201, 3287, 3292, 3376, 3381, 3478, 3483, 3568, 3573, 3652, 3657, 3744, 3749, 3844, 3849, 3951, 3956, 4063, 4068, 4173, 4178, 4302, 4307, 4394, 4399, 4484, 4489, 4546, 4551, 4612, 4617, 4676, 4681, 4753, 4758, 4838, 4843, 4920, 4925, 4997, 5008, 5035]@{}
http://www.comp.hkbu.edu.hk/v1/?page=job_vacancies?=tc?=tc?=tc?=tc@[656, 743, 1319, 1839, 1853, 2437, 2493, 2503, 2646, 2652, 2791, 2795, 3004, 3051, 3054, 3102, 3105, 3152, 3155, 3199, 3202, 3247, 3250, 3295, 3298, 3345, 3363, 3444, 3449, 3507, 3512, 3582, 3587, 3664, 3669, 3730, 3735, 3801, 3862, 4132, 4285, 4550, 4897, 4910, 5076, 5100, 5659, 5669, 6103, 6117, 6397, 6409, 6611, 6620, 6803, 6807, 6932]@{}
http://www.comp.hkbu.edu.hk/v1/?page=job_vacancies?=sc?=tc?=tc?=tc@[656, 743, 1319, 1839, 1853, 2437, 2493, 2503, 2646, 2652, 2791, 2795, 3004, 3051, 3054, 3102, 3105, 3152, 3155, 3199, 3202, 3247, 3250, 3295, 3298, 3345, 3363, 3444, 3449, 3507, 3512, 3582, 3587, 3664, 3669, 3730, 3735, 3801, 3862, 4132, 4285, 4550, 4898, 4911, 5077, 5101, 5660, 5670, 6104, 6118, 6390, 6402, 6604, 6613, 6791, 6795, 6920]@{}
http://www.comp.hkbu.edu.hk/v1/?page=sitemap?=tc?=tc?=tc?=tc@[656, 743, 1319, 1839, 1853, 2437, 2493, 2503, 2646, 2652, 2791, 2795, 3004, 3051, 3054, 3102, 3105, 3152, 3155, 3199, 3202, 3247, 3250, 3295, 3298, 3345, 3363, 3444, 3449, 3507, 3512, 3582, 3587, 3664, 3669, 3730, 3735, 3801, 3862, 4131, 4284, 4549, 4886, 4899, 5065, 5089, 5648, 5658, 6092, 6106, 6391, 6403, 6605, 6614, 6809, 6813, 6938]@{}
http://www.comp.hkbu.edu.hk/v1/?page=sitemap?=sc?=tc?=tc?=tc@[656, 743, 1319, 1839, 1853, 2437, 2493, 2503, 2646, 2652, 2791, 2795, 3004, 3051, 3054, 3102, 3105, 3152, 3155, 3199, 3202, 3247, 3250, 3295, 3298, 3345, 3363, 3444, 3449, 3507, 3512, 3582, 3587, 3664, 3669, 3730, 3735, 3801, 3862, 4131, 4284, 4549, 4897, 4910, 5076, 5100, 5659, 5669, 6103, 6117, 6402, 6414, 6616, 6625, 6817, 6821, 6946]@{}
http://www.comp.hkbu.edu.hk/v1/?page=home?=tc?=tc@[656, 743, 1319, 1839, 1853, 2437, 2493, 2503, 2646, 2652, 2791, 2795, 3000, 3047, 3050, 3098, 3101, 3148, 3151, 3195, 3198, 3243, 3246, 3291, 3294, 3341, 3359, 3440, 3445, 3503, 3508, 3578, 3583, 3660, 3665, 3726, 3731, 3797, 3858, 4127, 4280, 4545, 4886, 4899, 5065, 5089, 5648, 5658, 6092, 6106, 6395, 6407, 6609, 6618, 6791, 6795, 6920]@{}
http://www.comp.hkbu.edu.hk/~alumni/news/../news/../news/../news/../news/@[51, 93, 134, 137, 138, 167, 570, 580, 764, 830, 835, 907, 912, 1054, 1059, 1104, 1109, 1192, 1197, 1274, 1279, 1349, 1354, 1400, 1405, 1478, 1483, 1529, 1534, 1610, 1615, 1667, 1672, 1746, 1751, 1799, 1804, 1854, 1859, 1912, 1917, 1969, 1974, 2043, 2048, 2128, 2133, 2185, 2190, 2264, 2269, 2313, 2318, 2403, 2408, 2458, 2463, 2532, 2537, 2590, 2595, 2644, 2649, 2732, 2737, 2812, 2817, 2897, 2902, 2996, 3001, 3121, 3126, 3196, 3201, 3287, 3292, 3376, 3381, 3478, 3483, 3568, 3573, 3652, 3657, 3744, 3749, 3844, 3849, 3951, 3956, 4063, 4068, 4173, 4178, 4302, 4307, 4394, 4399, 4484, 4489, 4546, 4551, 4612, 4617, 4676, 4681, 4753, 4758, 4838, 4843, 4920, 4925, 4997, 5008, 5035]@{}
http://www.comp.hkbu.edu.hk/v1/?page=alumni@[48, 57, 58, 68, 109, 110, 157, 163]@{}
http://www.comp.hkbu.edu.hk/~alumni/news/../scholarship/../news/../news/../news/@[51, 93, 134, 137, 138, 167, 570, 580, 764, 830, 835, 907, 912, 1054, 1059, 1104, 1109, 1192, 1197, 1274, 1279, 1349, 1354, 1400, 1405, 1478, 1483, 1529, 1534, 1610, 1615, 1667, 1672, 1746, 1751, 1799, 1804, 1854, 1859, 1912, 1917, 1969, 1974, 2043, 2048, 2128, 2133, 2185, 2190, 2264, 2269, 2313, 2318, 2403, 2408, 2458, 2463, 2532, 2537, 2590, 2595, 2644, 2649, 2732, 2737, 2812, 2817, 2897, 2902, 2996, 3001, 3121, 3126, 3196, 3201, 3287, 3292, 3376, 3381, 3478, 3483, 3568, 3573, 3652, 3657, 3744, 3749, 3844, 3849, 3951, 3956, 4063, 4068, 4173, 4178, 4302, 4307, 4394, 4399, 4484, 4489, 4546, 4551, 4612, 4617, 4676, 4681, 4753, 4758, 4838, 4843, 4920, 4925, 4997, 5008, 5035]@{}
http://www.comp.hkbu.edu.hk/~alumni/news/../donation/../news/../news/../news/@[51, 93, 134, 137, 138, 167, 570, 580, 764, 830, 835, 907, 912, 1054, 1059, 1104, 1109, 1192, 1197, 1274, 1279, 1349, 1354, 1400, 1405, 1478, 1483, 1529, 1534, 1610, 1615, 1667, 1672, 1746, 1751, 1799, 1804, 1854, 1859, 1912, 1917, 1969, 1974, 2043, 2048, 2128, 2133, 2185, 2190, 2264, 2269, 2313, 2318, 2403, 2408, 2458, 2463, 2532, 2537, 2590, 2595, 2644, 2649, 2732, 2737, 2812, 2817, 2897, 2902, 2996, 3001, 3121, 3126, 3196, 3201, 3287, 3292, 3376, 3381, 3478, 3483, 3568, 3573, 3652, 3657, 3744, 3749, 3844, 3849, 3951, 3956, 4063, 4068, 4173, 4178, 4302, 4307, 4394, 4399, 4484, 4489, 4546, 4551, 4612, 4617, 4676, 4681, 4753, 4758, 4838, 4843, 4920, 4925, 4997, 5008, 5035]@{}
http://www.comp.hkbu.edu.hk/v1/?page=job_vacancies?=tc?=tc?=tc?=tc?=tc@[656, 743, 1319, 1839, 1853, 2437, 2493, 2503, 2646, 2652, 2791, 2795, 3006, 3053, 3056, 3104, 3107, 3154, 3157, 3201, 3204, 3249, 3252, 3297, 3300, 3347, 3365, 3446, 3451, 3509, 3514, 3584, 3589, 3666, 3671, 3732, 3737, 3803, 3864, 4134, 4287, 4552, 4900, 4913, 5079, 5103, 5662, 5672, 6106, 6120, 6399, 6411, 6613, 6622, 6798, 6802, 6927]@{}
http://www.comp.hkbu.edu.hk/v1/?page=job_vacancies?=sc?=tc?=tc?=tc?=tc@[656, 743, 1319, 1839, 1853, 2437, 2493, 2503, 2646, 2652, 2791, 2795, 3006, 3053, 3056, 3104, 3107, 3154, 3157, 3201, 3204, 3249, 3252, 3297, 3300, 3347, 3365, 3446, 3451, 3509, 3514, 3584, 3589, 3666, 3671, 3732, 3737, 3803, 3864, 4133, 4286, 4551, 4885, 4898, 5064, 5088, 5647, 5657, 6091, 6105, 6395, 6407, 6609, 6618, 6800, 6804, 6929]@{}
http://www.comp.hkbu.edu.hk/v1/?page=sitemap?=tc?=tc?=tc?=tc?=tc@[656, 743, 1319, 1839, 1853, 2437, 2493, 2503, 2646, 2652, 2791, 2795, 3006, 3053, 3056, 3104, 3107, 3154, 3157, 3201, 3204, 3249, 3252, 3297, 3300, 3347, 3365, 3446, 3451, 3509, 3514, 3584, 3589, 3666, 3671, 3732, 3737, 3803, 3864, 4134, 4287, 4552, 4893, 4906, 5072, 5096, 5655, 5665, 6099, 6113, 6395, 6407, 6609, 6618, 6820, 6824, 6949]@{}
http://www.comp.hkbu.edu.hk/v1/?page=sitemap?=sc?=tc?=tc?=tc?=tc@[656, 743, 1319, 1839, 1853, 2437, 2493, 2503, 2646, 2652, 2791, 2795, 3006, 3053, 3056, 3104, 3107, 3154, 3157, 3201, 3204, 3249, 3252, 3297, 3300, 3347, 3365, 3446, 3451, 3509, 3514, 3584, 3589, 3666, 3671, 3732, 3737, 3803, 3864, 4133, 4286, 4551, 4899, 4912, 5078, 5102, 5661, 5671, 6105, 6119, 6403, 6415, 6617, 6626, 6805, 6809, 6934]@{}
http://www.comp.hkbu.edu.hk/v1/?page=home?=tc?=tc?=tc@[656, 743, 1319, 1839, 1853, 2437, 2493, 2503, 2646, 2652, 2791, 2795, 3002, 3049, 3052, 3100, 3103, 3150, 3153, 3197, 3200, 3245, 3248, 3293, 3296, 3343, 3361, 3442, 3447, 3505, 3510, 3580, 3585, 3662, 3667, 3728, 3733, 3799, 3860, 4129, 4282, 4547, 4884, 4897, 5063, 5087, 5646, 5656, 6090, 6104, 6393, 6405, 6607, 6616, 6805, 6809, 6934]@{}
http://www.comp.hkbu.edu.hk/~alumni/news/../news/../news/../news/../news/../news/@[51, 93, 134, 137, 138, 167, 570, 580, 764, 830, 835, 907, 912, 1054, 1059, 1104, 1109, 1192, 1197, 1274, 1279, 1349, 1354, 1400, 1405, 1478, 1483, 1529, 1534, 1610, 1615, 1667, 1672, 1746, 1751, 1799, 1804, 1854, 1859, 1912, 1917, 1969, 1974, 2043, 2048, 2128, 2133, 2185, 2190, 2264, 2269, 2313, 2318, 2403, 2408, 2458, 2463, 2532, 2537, 2590, 2595, 2644, 2649, 2732, 2737, 2812, 2817, 2897, 2902, 2996, 3001, 3121, 3126, 3196, 3201, 3287, 3292, 3376, 3381, 3478, 3483, 3568, 3573, 3652, 3657, 3744, 3749, 3844, 3849, 3951, 3956, 4063, 4068, 4173, 4178, 4302, 4307, 4394, 4399, 4484, 4489, 4546, 4551, 4612, 4617, 4676, 4681, 4753, 4758, 4838, 4843, 4920, 4925, 4997, 5008, 5035]@{}
http://www.comp.hkbu.edu.hk/~alumni/news/../scholarship/../news/../news/../news/../news/@[51, 93, 134, 137, 138, 167, 570, 580, 764, 830, 835, 907, 912, 1054, 1059, 1104, 1109, 1192, 1197, 1274, 1279, 1349, 1354, 1400, 1405, 1478, 1483, 1529, 1534, 1610, 1615, 1667, 1672, 1746, 1751, 1799, 1804, 1854, 1859, 1912, 1917, 1969, 1974, 2043, 2048, 2128, 2133, 2185, 2190, 2264, 2269, 2313, 2318, 2403, 2408, 2458, 2463, 2532, 2537, 2590, 2595, 2644, 2649, 2732, 2737, 2812, 2817, 2897, 2902, 2996, 3001, 3121, 3126, 3196, 3201, 3287, 3292, 3376, 3381, 3478, 3483, 3568, 3573, 3652, 3657, 3744, 3749, 3844, 3849, 3951, 3956, 4063, 4068, 4173, 4178, 4302, 4307, 4394, 4399, 4484, 4489, 4546, 4551, 4612, 4617, 4676, 4681, 4753, 4758, 4838, 4843, 4920, 4925, 4997, 5008, 5035]@{}
http://www.comp.hkbu.edu.hk/~alumni/news/../donation/../news/../news/../news/../news/@[51, 93, 134, 137, 138, 167, 570, 580, 764, 830, 835, 907, 912, 1054, 1059, 1104, 1109, 1192, 1197, 1274, 1279, 1349, 1354, 1400, 1405, 1478, 1483, 1529, 1534, 1610, 1615, 1667, 1672, 1746, 1751, 1799, 1804, 1854, 1859, 1912, 1917, 1969, 1974, 2043, 2048, 2128, 2133, 2185, 2190, 2264, 2269, 2313, 2318, 2403, 2408, 2458, 2463, 2532, 2537, 2590, 2595, 2644, 2649, 2732, 2737, 2812, 2817, 2897, 2902, 2996, 3001, 3121, 3126, 3196, 3201, 3287, 3292, 3376, 3381, 3478, 3483, 3568, 3573, 3652, 3657, 3744, 3749, 3844, 3849, 3951, 3956, 4063, 4068, 4173, 4178, 4302, 4307, 4394, 4399, 4484, 4489, 4546, 4551, 4612, 4617, 4676, 4681, 4753, 4758, 4838, 4843, 4920, 4925, 4997, 5008, 5035]@{}
http://www.comp.hkbu.edu.hk/v1/?page=job_vacancies@[204, 291, 867, 1387, 1401, 1985, 2041, 2051, 2194, 2200, 2339, 2343, 2544, 2591, 2594, 2642, 2645, 2692, 2695, 2739, 2742, 2787, 2790, 2835, 2838, 2885, 2903, 2984, 2989, 3047, 3052, 3122, 3127, 3204, 3209, 3270, 3275, 3341, 3402, 3672, 3825, 4090, 4447]@{}
http://www.comp.hkbu.edu.hk/v1/?page=job_vacancies?=tc?=tc?=tc?=tc?=tc?=tc@[656, 743, 1319, 1839, 1853, 2437, 2493, 2503, 2646, 2652, 2791, 2795, 3008, 3055, 3058, 3106, 3109, 3156, 3159, 3203, 3206, 3251, 3254, 3299, 3302, 3349, 3367, 3448, 3453, 3511, 3516, 3586, 3591, 3668, 3673, 3734, 3739, 3805, 3866, 4136, 4289, 4554, 4888, 4901, 5067, 5091, 5650, 5660, 6094, 6108, 6393, 6405, 6607, 6616, 6795, 6799, 6924]@{}
http://www.comp.hkbu.edu.hk/v1/?page=job_vacancies?=sc?=tc?=tc?=tc?=tc?=tc@[656, 743, 1319, 1839, 1853, 2437, 2493, 2503, 2646, 2652, 2791, 2795, 3008, 3055, 3058, 3106, 3109, 3156, 3159, 3203, 3206, 3251, 3254, 3299, 3302, 3349, 3367, 3448, 3453, 3511, 3516, 3586, 3591, 3668, 3673, 3734, 3739, 3805, 3866, 4135, 4288, 4553, 4887, 4900, 5066, 5090, 5649, 5659, 6093, 6107, 6401, 6413, 6615, 6624, 6822, 6826, 6951]@{}
http://www.comp.hkbu.edu.hk/v1/?page=sitemap?=tc?=tc?=tc?=tc?=tc?=tc@[656, 743, 1319, 1839, 1853, 2437, 2493, 2503, 2646, 2652, 2791, 2795, 3008, 3055, 3058, 3106, 3109, 3156, 3159, 3203, 3206, 3251, 3254, 3299, 3302, 3349, 3367, 3448, 3453, 3511, 3516, 3586, 3591, 3668, 3673, 3734, 3739, 3805, 3866, 4135, 4288, 4553, 4891, 4904, 5070, 5094, 5653, 5663, 6097, 6111, 6390, 6402, 6604, 6613, 6812, 6816, 6941]@{}
http://www.comp.hkbu.edu.hk/v1/?page=sitemap?=sc?=tc?=tc?=tc?=tc?=tc@[656, 743, 1319, 1839, 1853, 2437, 2493, 2503, 2646, 2652, 2791, 2795, 3008, 3055, 3058, 3106, 3109, 3156, 3159, 3203, 3206, 3251, 3254, 3299, 3302, 3349, 3367, 3448, 3453, 3511, 3516, 3586, 3591, 3668, 3673, 3734, 3739, 3805, 3866, 4136, 4289, 4554, 4909, 4922, 5088, 5112, 5671, 5681, 6115, 6129, 6409, 6421, 6623, 6632, 6822, 6826, 6951]@{}
http://www.comp.hkbu.edu.hk/v1/?page=home?=tc?=tc?=tc?=tc@[656, 743, 1319, 1839, 1853, 2437, 2493, 2503, 2646, 2652, 2791, 2795, 3004, 3051, 3054, 3102, 3105, 3152, 3155, 3199, 3202, 3247, 3250, 3295, 3298, 3345, 3363, 3444, 3449, 3507, 3512, 3582, 3587, 3664, 3669, 3730, 3735, 3801, 3862, 4132, 4285, 4550, 4890, 4903, 5069, 5093, 5652, 5662, 6096, 6110, 6391, 6403, 6605, 6614, 6806, 6810, 6935]@{}
http://www.comp.hkbu.edu.hk/~alumni/news/../news/../news/../news/../news/../news/../news/@[51, 93, 134, 137, 138, 167, 570, 580, 764, 830, 835, 907, 912, 1054, 1059, 1104, 1109, 1192, 1197, 1274, 1279, 1349, 1354, 1400, 1405, 1478, 1483, 1529, 1534, 1610, 1615, 1667, 1672, 1746, 1751, 1799, 1804, 1854, 1859, 1912, 1917, 1969, 1974, 2043, 2048, 2128, 2133, 2185, 2190, 2264, 2269, 2313, 2318, 2403, 2408, 2458, 2463, 2532, 2537, 2590, 2595, 2644, 2649, 2732, 2737, 2812, 2817, 2897, 2902, 2996, 3001, 3121, 3126, 3196, 3201, 3287, 3292, 3376, 3381, 3478, 3483, 3568, 3573, 3652, 3657, 3744, 3749, 3844, 3849, 3951, 3956, 4063, 4068, 4173, 4178, 4302, 4307, 4394, 4399, 4484, 4489, 4546, 4551, 4612, 4617, 4676, 4681, 4753, 4758, 4838, 4843, 4920, 4925, 4997, 5008, 5035]@{}
http://www.comp.hkbu.edu.hk/~alumni/news/../scholarship/../news/../news/../news/../news/../news/@[51, 93, 134, 137, 138, 167, 570, 580, 764, 830, 835, 907, 912, 1054, 1059, 1104, 1109, 1192, 1197, 1274, 1279, 1349, 1354, 1400, 1405, 1478, 1483, 1529, 1534, 1610, 1615, 1667, 1672, 1746, 1751, 1799, 1804, 1854, 1859, 1912, 1917, 1969, 1974, 2043, 2048, 2128, 2133, 2185, 2190, 2264, 2269, 2313, 2318, 2403, 2408, 2458, 2463, 2532, 2537, 2590, 2595, 2644, 2649, 2732, 2737, 2812, 2817, 2897, 2902, 2996, 3001, 3121, 3126, 3196, 3201, 3287, 3292, 3376, 3381, 3478, 3483, 3568, 3573, 3652, 3657, 3744, 3749, 3844, 3849, 3951, 3956, 4063, 4068, 4173, 4178, 4302, 4307, 4394, 4399, 4484, 4489, 4546, 4551, 4612, 4617, 4676, 4681, 4753, 4758, 4838, 4843, 4920, 4925, 4997, 5008, 5035]@{}
http://www.comp.hkbu.edu.hk/~alumni/news/../donation/../news/../news/../news/../news/../news/@[51, 93, 134, 137, 138, 167, 570, 580, 764, 830, 835, 907, 912, 1054, 1059, 1104, 1109, 1192, 1197, 1274, 1279, 1349, 1354, 1400, 1405, 1478, 1483, 1529, 1534, 1610, 1615, 1667, 1672, 1746, 1751, 1799, 1804, 1854, 1859, 1912, 1917, 1969, 1974, 2043, 2048, 2128, 2133, 2185, 2190, 2264, 2269, 2313, 2318, 2403, 2408, 2458, 2463, 2532, 2537, 2590, 2595, 2644, 2649, 2732, 2737, 2812, 2817, 2897, 2902, 2996, 3001, 3121, 3126, 3196, 3201, 3287, 3292, 3376, 3381, 3478, 3483, 3568, 3573, 3652, 3657, 3744, 3749, 3844, 3849, 3951, 3956, 4063, 4068, 4173, 4178, 4302, 4307, 4394, 4399, 4484, 4489, 4546, 4551, 4612, 4617, 4676, 4681, 4753, 4758, 4838, 4843, 4920, 4925, 4997, 5008, 5035]@{}
http://www.comp.hkbu.edu.hk/v1/?page=job_vacancies?=tc?=tc?=tc?=tc?=tc?=tc?=tc@[656, 743, 1319, 1839, 1853, 2437, 2493, 2503, 2646, 2652, 2791, 2795, 3010, 3057, 3060, 3108, 3111, 3158, 3161, 3205, 3208, 3253, 3256, 3301, 3304, 3351, 3369, 3450, 3455, 3513, 3518, 3588, 3593, 3670, 3675, 3736, 3741, 3807, 3868, 4138, 4291, 4556, 4892, 4905, 5071, 5095, 5654, 5664, 6098, 6112, 6389, 6401, 6603, 6612, 6794, 6798, 6923]@{}
http://www.comp.hkbu.edu.hk/v1/?page=job_vacancies?=sc?=tc?=tc?=tc?=tc?=tc?=tc@[656, 743, 1319, 1839, 1853, 2437, 2493, 2503, 2646, 2652, 2791, 2795, 3010, 3057, 3060, 3108, 3111, 3158, 3161, 3205, 3208, 3253, 3256, 3301, 3304, 3351, 3369, 3450, 3455, 3513, 3518, 3588, 3593, 3670, 3675, 3736, 3741, 3807, 3868, 4138, 4291, 4556, 4889, 4902, 5068, 5092, 5651, 5661, 6095, 6109, 6389, 6401, 6603, 6612, 6814, 6818, 6943]@{}
http://www.comp.hkbu.edu.hk/v1/?page=sitemap?=tc?=tc?=tc?=tc?=tc?=tc?=tc@[656, 743, 1319, 1839, 1853, 2437, 2493, 2503, 2646, 2652, 2791, 2795, 3010, 3057, 3060, 3108, 3111, 3158, 3161, 3205, 3208, 3253, 3256, 3301, 3304, 3351, 3369, 3450, 3455, 3513, 3518, 3588, 3593, 3670, 3675, 3736, 3741, 3807, 3868, 4137, 4290, 4555, 4891, 4904, 5070, 5094, 5653, 5663, 6097, 6111, 6386, 6398, 6600, 6609, 6794, 6798, 6923]@{}
http://www.comp.hkbu.edu.hk/v1/?page=sitemap?=sc?=tc?=tc?=tc?=tc?=tc?=tc@[656, 743, 1319, 1839, 1853, 2437, 2493, 2503, 2646, 2652, 2791, 2795, 3010, 3057, 3060, 3108, 3111, 3158, 3161, 3205, 3208, 3253, 3256, 3301, 3304, 3351, 3369, 3450, 3455, 3513, 3518, 3588, 3593, 3670, 3675, 3736, 3741, 3807, 3868, 4137, 4290, 4555, 4893, 4906, 5072, 5096, 5655, 5665, 6099, 6113, 6401, 6413, 6615, 6624, 6815, 6819, 6944]@{}
http://www.comp.hkbu.edu.hk/v1/?page=home?=tc?=tc?=tc?=tc?=tc@[656, 743, 1319, 1839, 1853, 2437, 2493, 2503, 2646, 2652, 2791, 2795, 3006, 3053, 3056, 3104, 3107, 3154, 3157, 3201, 3204, 3249, 3252, 3297, 3300, 3347, 3365, 3446, 3451, 3509, 3514, 3584, 3589, 3666, 3671, 3732, 3737, 3803, 3864, 4134, 4287, 4552, 4893, 4906, 5072, 5096, 5655, 5665, 6099, 6113, 6395, 6407, 6609, 6618, 6819, 6823, 6948]@{}
http://www.comp.hkbu.edu.hk/~alumni/news/../news/../news/../news/../news/../news/../news/../news/@[51, 93, 134, 137, 138, 167, 570, 580, 764, 830, 835, 907, 912, 1054, 1059, 1104, 1109, 1192, 1197, 1274, 1279, 1349, 1354, 1400, 1405, 1478, 1483, 1529, 1534, 1610, 1615, 1667, 1672, 1746, 1751, 1799, 1804, 1854, 1859, 1912, 1917, 1969, 1974, 2043, 2048, 2128, 2133, 2185, 2190, 2264, 2269, 2313, 2318, 2403, 2408, 2458, 2463, 2532, 2537, 2590, 2595, 2644, 2649, 2732, 2737, 2812, 2817, 2897, 2902, 2996, 3001, 3121, 3126, 3196, 3201, 3287, 3292, 3376, 3381, 3478, 3483, 3568, 3573, 3652, 3657, 3744, 3749, 3844, 3849, 3951, 3956, 4063, 4068, 4173, 4178, 4302, 4307, 4394, 4399, 4484, 4489, 4546, 4551, 4612, 4617, 4676, 4681, 4753, 4758, 4838, 4843, 4920, 4925, 4997, 5008, 5035]@{}
http://www.comp.hkbu.edu.hk/~alumni/news/../scholarship/../news/../news/../news/../news/../news/../news/@[51, 93, 134, 137, 138, 167, 570, 580, 764, 830, 835, 907, 912, 1054, 1059, 1104, 1109, 1192, 1197, 1274, 1279, 1349, 1354, 1400, 1405, 1478, 1483, 1529, 1534, 1610, 1615, 1667, 1672, 1746, 1751, 1799, 1804, 1854, 1859, 1912, 1917, 1969, 1974, 2043, 2048, 2128, 2133, 2185, 2190, 2264, 2269, 2313, 2318, 2403, 2408, 2458, 2463, 2532, 2537, 2590, 2595, 2644, 2649, 2732, 2737, 2812, 2817, 2897, 2902, 2996, 3001, 3121, 3126, 3196, 3201, 3287, 3292, 3376, 3381, 3478, 3483, 3568, 3573, 3652, 3657, 3744, 3749, 3844, 3849, 3951, 3956, 4063, 4068, 4173, 4178, 4302, 4307, 4394, 4399, 4484, 4489, 4546, 4551, 4612, 4617, 4676, 4681, 4753, 4758, 4838, 4843, 4920, 4925, 4997, 5008, 5035]@{}
http://www.comp.hkbu.edu.hk/~alumni/news/../donation/../news/../news/../news/../news/../news/../news/@[51, 93, 134, 137, 138, 167, 570, 580, 764, 830, 835, 907, 912, 1054, 1059, 1104, 1109, 1192, 1197, 1274, 1279, 1349, 1354, 1400, 1405, 1478, 1483, 1529, 1534, 1610, 1615, 1667, 1672, 1746, 1751, 1799, 1804, 1854, 1859, 1912, 1917, 1969, 1974, 2043, 2048, 2128, 2133, 2185, 2190, 2264, 2269, 2313, 2318, 2403, 2408, 2458, 2463, 2532, 2537, 2590, 2595, 2644, 2649, 2732, 2737, 2812, 2817, 2897, 2902, 2996, 3001, 3121, 3126, 3196, 3201, 3287, 3292, 3376, 3381, 3478, 3483, 3568, 3573, 3652, 3657, 3744, 3749, 3844, 3849, 3951, 3956, 4063, 4068, 4173, 4178, 4302, 4307, 4394, 4399, 4484, 4489, 4546, 4551, 4612, 4617, 4676, 4681, 4753, 4758, 4838, 4843, 4920, 4925, 4997, 5008, 5035]@{}
http://www.comp.hkbu.edu.hk/v1/?page=job_vacancies?=tc?=tc?=tc?=tc?=tc?=tc?=tc?=tc@[656, 743, 1319, 1839, 1853, 2437, 2493, 2503, 2646, 2652, 2791, 2795, 3012, 3059, 3062, 3110, 3113, 3160, 3163, 3207, 3210, 3255, 3258, 3303, 3306, 3353, 3371, 3452, 3457, 3515, 3520, 3590, 3595, 3672, 3677, 3738, 3743, 3809, 3870, 4140, 4293, 4558, 4908, 4921, 5087, 5111, 5670, 5680, 6114, 6128, 6409, 6421, 6623, 6632, 6837, 6841, 6966]@{}
http://www.comp.hkbu.edu.hk/v1/?page=job_vacancies?=sc?=tc?=tc?=tc?=tc?=tc?=tc?=tc@[656, 743, 1319, 1839, 1853, 2437, 2493, 2503, 2646, 2652, 2791, 2795, 3012, 3059, 3062, 3110, 3113, 3160, 3163, 3207, 3210, 3255, 3258, 3303, 3306, 3353, 3371, 3452, 3457, 3515, 3520, 3590, 3595, 3672, 3677, 3738, 3743, 3809, 3870, 4140, 4293, 4558, 4892, 4905, 5071, 5095, 5654, 5664, 6098, 6112, 6405, 6417, 6619, 6628, 6816, 6820, 6945]@{}
http://www.comp.hkbu.edu.hk/v1/?page=sitemap?=tc?=tc?=tc?=tc?=tc?=tc?=tc?=tc@[656, 743, 1319, 1839, 1853, 2437, 2493, 2503, 2646, 2652, 2791, 2795, 3012, 3059, 3062, 3110, 3113, 3160, 3163, 3207, 3210, 3255, 3258, 3303, 3306, 3353, 3371, 3452, 3457, 3515, 3520, 3590, 3595, 3672, 3677, 3738, 3743, 3809, 3870, 4140, 4293, 4558, 4895, 4908, 5074, 5098, 5657, 5667, 6101, 6115, 6390, 6402, 6604, 6613, 6807, 6811, 6936]@{}
http://www.comp.hkbu.edu.hk/v1/?page=sitemap?=sc?=tc?=tc?=tc?=tc?=tc?=tc?=tc@[656, 743, 1319, 1839, 1853, 2437, 2493, 2503, 2646, 2652, 2791, 2795, 3012, 3059, 3062, 3110, 3113, 3160, 3163, 3207, 3210, 3255, 3258, 3303, 3306, 3353, 3371, 3452, 3457, 3515, 3520, 3590, 3595, 3672, 3677, 3738, 3743, 3809, 3870, 4140, 4293, 4558, 4909, 4922, 5088, 5112, 5671, 5681, 6115, 6129, 6416, 6428, 6630, 6639, 6815, 6819, 6944]@{}
http://www.comp.hkbu.edu.hk/v1/?page=sitemap@[202, 289, 865, 1385, 1399, 1983, 2039, 2049, 2192, 2198, 2337, 2341, 2542, 2589, 2592, 2640, 2643, 2690, 2693, 2737, 2740, 2785, 2788, 2833, 2836, 2883, 2901, 2982, 2987, 3045, 3050, 3120, 3125, 3202, 3207, 3268, 3273, 3339, 3400, 3669, 3822, 4087, 5807]@{}
http://www.comp.hkbu.edu.hk/v1/?page=home?=tc?=tc?=tc?=tc?=tc?=tc@[656, 743, 1319, 1839, 1853, 2437, 2493, 2503, 2646, 2652, 2791, 2795, 3008, 3055, 3058, 3106, 3109, 3156, 3159, 3203, 3206, 3251, 3254, 3299, 3302, 3349, 3367, 3448, 3453, 3511, 3516, 3586, 3591, 3668, 3673, 3734, 3739, 3805, 3866, 4135, 4288, 4553, 4894, 4907, 5073, 5097, 5656, 5666, 6100, 6114, 6402, 6414, 6616, 6625, 6815, 6819, 6944]@{}
http://www.comp.hkbu.edu.hk/~alumni/news/../news/../news/../news/../news/../news/../news/../news/../news/@[51, 93, 134, 137, 138, 167, 570, 580, 764, 830, 835, 907, 912, 1054, 1059, 1104, 1109, 1192, 1197, 1274, 1279, 1349, 1354, 1400, 1405, 1478, 1483, 1529, 1534, 1610, 1615, 1667, 1672, 1746, 1751, 1799, 1804, 1854, 1859, 1912, 1917, 1969, 1974, 2043, 2048, 2128, 2133, 2185, 2190, 2264, 2269, 2313, 2318, 2403, 2408, 2458, 2463, 2532, 2537, 2590, 2595, 2644, 2649, 2732, 2737, 2812, 2817, 2897, 2902, 2996, 3001, 3121, 3126, 3196, 3201, 3287, 3292, 3376, 3381, 3478, 3483, 3568, 3573, 3652, 3657, 3744, 3749, 3844, 3849, 3951, 3956, 4063, 4068, 4173, 4178, 4302, 4307, 4394, 4399, 4484, 4489, 4546, 4551, 4612, 4617, 4676, 4681, 4753, 4758, 4838, 4843, 4920, 4925, 4997, 5008, 5035]@{}
http://www.comp.hkbu.edu.hk/~alumni/news/../scholarship/../news/../news/../news/../news/../news/../news/../news/@[51, 93, 134, 137, 138, 167, 570, 580, 764, 830, 835, 907, 912, 1054, 1059, 1104, 1109, 1192, 1197, 1274, 1279, 1349, 1354, 1400, 1405, 1478, 1483, 1529, 1534, 1610, 1615, 1667, 1672, 1746, 1751, 1799, 1804, 1854, 1859, 1912, 1917, 1969, 1974, 2043, 2048, 2128, 2133, 2185, 2190, 2264, 2269, 2313, 2318, 2403, 2408, 2458, 2463, 2532, 2537, 2590, 2595, 2644, 2649, 2732, 2737, 2812, 2817, 2897, 2902, 2996, 3001, 3121, 3126, 3196, 3201, 3287, 3292, 3376, 3381, 3478, 3483, 3568, 3573, 3652, 3657, 3744, 3749, 3844, 3849, 3951, 3956, 4063, 4068, 4173, 4178, 4302, 4307, 4394, 4399, 4484, 4489, 4546, 4551, 4612, 4617, 4676, 4681, 4753, 4758, 4838, 4843, 4920, 4925, 4997, 5008, 5035]@{}
http://www.comp.hkbu.edu.hk/~alumni/news/../donation/../news/../news/../news/../news/../news/../news/../news/@[51, 93, 134, 137, 138, 167, 570, 580, 764, 830, 835, 907, 912, 1054, 1059, 1104, 1109, 1192, 1197, 1274, 1279, 1349, 1354, 1400, 1405, 1478, 1483, 1529, 1534, 1610, 1615, 1667, 1672, 1746, 1751, 1799, 1804, 1854, 1859, 1912, 1917, 1969, 1974, 2043, 2048, 2128, 2133, 2185, 2190, 2264, 2269, 2313, 2318, 2403, 2408, 2458, 2463, 2532, 2537, 2590, 2595, 2644, 2649, 2732, 2737, 2812, 2817, 2897, 2902, 2996, 3001, 3121, 3126, 3196, 3201, 3287, 3292, 3376, 3381, 3478, 3483, 3568, 3573, 3652, 3657, 3744, 3749, 3844, 3849, 3951, 3956, 4063, 4068, 4173, 4178, 4302, 4307, 4394, 4399, 4484, 4489, 4546, 4551, 4612, 4617, 4676, 4681, 4753, 4758, 4838, 4843, 4920, 4925, 4997, 5008, 5035]@{}
http://www.comp.hkbu.edu.hk/v1/?page=job_vacancies?=tc?=tc?=tc?=tc?=tc?=tc?=tc?=tc?=tc@[656, 743, 1319, 1839, 1853, 2437, 2493, 2503, 2646, 2652, 2791, 2795, 3014, 3061, 3064, 3112, 3115, 3162, 3165, 3209, 3212, 3257, 3260, 3305, 3308, 3355, 3373, 3454, 3459, 3517, 3522, 3592, 3597, 3674, 3679, 3740, 3745, 3811, 3872, 4142, 4295, 4560, 4908, 4921, 5087, 5111, 5670, 5680, 6114, 6128, 6408, 6420, 6622, 6631, 6811, 6815, 6940]@{}
http://www.comp.hkbu.edu.hk/v1/?page=job_vacancies?=sc?=tc?=tc?=tc?=tc?=tc?=tc?=tc?=tc@[656, 743, 1319, 1839, 1853, 2437, 2493, 2503, 2646, 2652, 2791, 2795, 3014, 3061, 3064, 3112, 3115, 3162, 3165, 3209, 3212, 3257, 3260, 3305, 3308, 3355, 3373, 3454, 3459, 3517, 3522, 3592, 3597, 3674, 3679, 3740, 3745, 3811, 3872, 4142, 4295, 4560, 4907, 4920, 5086, 5110, 5669, 5679, 6113, 6127, 6412, 6424, 6626, 6635, 6823, 6827, 6952]@{}
http://www.comp.hkbu.edu.hk/v1/?page=sitemap?=tc?=tc?=tc?=tc?=tc?=tc?=tc?=tc?=tc@[656, 743, 1319, 1839, 1853, 2437, 2493, 2503, 2646, 2652, 2791, 2795, 3014, 3061, 3064, 3112, 3115, 3162, 3165, 3209, 3212, 3257, 3260, 3305, 3308, 3355, 3373, 3454, 3459, 3517, 3522, 3592, 3597, 3674, 3679, 3740, 3745, 3811, 3872, 4141, 4294, 4559, 4892, 4905, 5071, 5095, 5654, 5664, 6098, 6112, 6390, 6402, 6604, 6613, 6791, 6795, 6920]@{}
http://www.comp.hkbu.edu.hk/v1/?page=sitemap?=sc?=tc?=tc?=tc?=tc?=tc?=tc?=tc?=tc@[656, 743, 1319, 1839, 1853, 2437, 2493, 2503, 2646, 2652, 2791, 2795, 3014, 3061, 3064, 3112, 3115, 3162, 3165, 3209, 3212, 3257, 3260, 3305, 3308, 3355, 3373, 3454, 3459, 3517, 3522, 3592, 3597, 3674, 3679, 3740, 3745, 3811, 3872, 4141, 4294, 4559, 4910, 4923, 5089, 5113, 5672, 5682, 6116, 6130, 6414, 6426, 6628, 6637, 6817, 6821, 6946]@{}
http://www.comp.hkbu.edu.hk/v1/?lang=tc@[656, 743, 1319, 1839, 1853, 2437, 2493, 2503, 2646, 2652, 2791, 2795, 2992, 3039, 3042, 3090, 3093, 3140, 3143, 3187, 3190, 3235, 3238, 3283, 3286, 3333, 3351, 3432, 3437, 3495, 3500, 3570, 3575, 3652, 3657, 3718, 3723, 3789, 3850, 4119, 4272, 4537, 4892, 4905, 5071, 5095, 5654, 5664, 6098, 6112, 6402, 6414, 6616, 6625, 6819, 6823, 6948]@{}
http://www.comp.hkbu.edu.hk/~alumni/news/@[51, 93, 134, 137, 138, 167, 570, 580, 764, 830, 835, 907, 912, 1054, 1059, 1104, 1109, 1192, 1197, 1274, 1279, 1349, 1354, 1400, 1405, 1478, 1483, 1529, 1534, 1610, 1615, 1667, 1672, 1746, 1751, 1799, 1804, 1854, 1859, 1912, 1917, 1969, 1974, 2043, 2048, 2128, 2133, 2185, 2190, 2264, 2269, 2313, 2318, 2403, 2408, 2458, 2463, 2532, 2537, 2590, 2595, 2644, 2649, 2732, 2737, 2812, 2817, 2897, 2902, 2996, 3001, 3121, 3126, 3196, 3201, 3287, 3292, 3376, 3381, 3478, 3483, 3568, 3573, 3652, 3657, 3744, 3749, 3844, 3849, 3951, 3956, 4063, 4068, 4173, 4178, 4302, 4307, 4394, 4399, 4484, 4489, 4546, 4551, 4612, 4617, 4676, 4681, 4753, 4758, 4838, 4843, 4920, 4925, 4997, 5008, 5035]@{}
http://www.sci.hkbu.edu.hk/eng/page/?page=prospective-students@[2402, 2404, 3134]@{}
http://www.sci.hkbu.edu.hk/eng/page/@[2468, 2470, 2546, 2547, 3058]@{}
http://www.sci.hkbu.edu.hk/eng/about-us/distinguished-professorship/eng/page/?page=prospective-students@[2401, 4089, 4215, 4998, 5017, 6178, 6184, 6286, 6291, 6294, 6667, 6757]@{}
http://www.sci.hkbu.edu.hk/eng/about-us/honorary-doctorate/eng/page/?page=prospective-students@[2401, 4089, 4215, 4998, 5017, 6178, 6184, 6286, 6291, 6294, 6667, 6757]@{}
http://www.sci.hkbu.edu.hk/eng/about-us/distinguished-professor-of-science/eng/page/?page=prospective-students@[2401, 4089, 4215, 4998, 5017, 6178, 6184, 6286, 6291, 6294, 6667, 6757]@{}
http://www.sci.hkbu.edu.hk/eng/about-us/dr-kennedy-wong-distinguished-visiting-professorship-scheme/eng/page/?page=prospective-students@[2401, 4089, 4215, 4998, 5017, 6178, 6184, 6286, 6291, 6294, 6667, 6757]@{}
http://www.sci.hkbu.edu.hk/eng/page/eng/about-us/vision-mission@[2401, 4089, 4215, 4998, 5017, 6178, 6184, 6286, 6291, 6294, 6667, 6757]@{}
http://www.sci.hkbu.edu.hk/eng/page/eng/about-us/faculty-advisory-committee@[2401, 4089, 4215, 4998, 5017, 6178, 6184, 6286, 6291, 6294, 6667, 6757]@{}
http://www.sci.hkbu.edu.hk/eng@[2401, 4089, 4215, 4998, 5017, 6178, 6184, 6286, 6291, 6294, 6667, 6757]@{}
http://www.sci.hkbu.edu.hk/eng/about-us/faculty-advisory-committee@[2789, 2791, 3731]@{}
http://www.sci.hkbu.edu.hk/eng/about-us/vision-mission/eng/page/?page=prospective-students@[2401, 4089, 4215, 4998, 5017, 6178, 6184, 6286, 6291, 6294, 6667, 6757]@{}
http://www.sci.hkbu.edu.hk/eng/about-us/faculty-advisory-committee/eng/page/?page=prospective-students@[2401, 4089, 4215, 4998, 5017, 6178, 6184, 6286, 6291, 6294, 6667, 6757]@{}
