https://iss.hkbu.edu.hk/buam/buam2/reset_pwd/verify_acct.seam@[18]@[18]
https://library.hkbu.edu.hk/happenings/news/service-arrangements-7-sep-2020@[1023, 1091, 1105]@[1023, 1091, 1105]
https://www.comp.hkbu.edu.hk/v1/?page=head@[124, 458, 476]@[124, 458, 476]
https://iss.hkbu.edu.hk/buam/buam2/reset_pwd_alumni/verify_acct.seam@[15]@[15]
https://aao.hkbu.edu.hk/en/contact/index.php@[68]@[68]
https://www.hkbu.edu.hk/eng/about/privacy.jsp@[409, 528, 670, 778]@[409, 528, 670, 778]
https://www.comp.hkbu.edu.hk/v1/?page=funded_projects@[1222]@[1222]
https://twitter.com/HKBU_alumni@[3]@[]
https://www.comp.hkbu.edu.hk/v1/?page=events@[5596]@[5596]
https://www.comp.hkbu.edu.hk/v1/?page=highlights@[295, 327, 529, 1336, 1806]@[295, 327, 529, 1336, 1806]
https://www.comp.hkbu.edu.hk/v1/?pid=77@[176]@[176]
https://foundation.hkbu.edu.hk/en@[705]@[705]
https://forms.gle/DjStXN8kEpUVwTW38@[47]@[]
https://foundation.hkbu.edu.hk/en/user/login@[587]@[587]
https://ito.hkbu.edu.hk/index.php/services-2/account-password/#tab-3@[173, 313, 473]@[173, 313, 473]
https://policies.google.com/terms@[169, 260, 585, 649, 677, 734, 1004, 1014, 1097, 1122, 1134, 1141, 1204, 1218, 1259, 1272, 1285, 1292, 1443, 1647, 1659, 1706, 1740, 1784, 1805, 1882, 1900, 2006, 2016, 2116, 2156, 2204, 2237, 2285, 2312, 2362, 2370, 2385, 2452, 2880, 2976, 3020, 3061, 3073, 3081, 3153, 3179, 3228, 3313, 3383, 3433, 3482, 3488, 3525, 3535, 3688, 3707, 3764, 3785, 3796, 3952, 4010, 4031, 4045, 4100]@[169, 260, 585, 649, 677, 734, 1004, 1014, 1097, 1122, 1134, 1141, 1204, 1218, 1259, 1272, 1285, 1292, 1443, 1647, 1659, 1706, 1740, 1784, 1805, 1882, 1900, 2006, 2016, 2116, 2156, 2204, 2237, 2285, 2312, 2362, 2370, 2385, 2452, 2880, 2976, 3020, 3061, 3073, 3081, 3153, 3179, 3228, 3313, 3383, 3433, 3482, 3488, 3525, 3535, 3688, 3707, 3764, 3785, 3796, 3952, 4010, 4031, 4045, 4100]
https://policies.google.com/privacy@[220, 260, 485, 554, 586, 937, 1012, 1180, 1357, 1537, 1583, 1709, 1726, 1733, 1854, 1878, 1991, 2039, 2082, 2297, 2367, 2392, 2533, 2724, 2748, 2970, 3127, 3336, 3368, 3476, 3753, 3774, 3840, 3847, 3955, 4007, 4012, 4034, 4049, 4326, 4338, 4350, 4484, 4503, 4523, 4596, 4739, 4745, 4761, 4782, 4876, 4965, 5158, 5171, 5291, 5398, 5420, 5467, 5485, 5532, 5692, 5831, 5967, 5988, 6212, 6376, 6391, 6404, 6416, 6468, 6514, 6602, 6655, 6771, 6808, 6938, 6964, 7019, 7033, 7148, 7502]@[220, 260, 485, 554, 586, 937, 1012, 1180, 1357, 1537, 1583, 1709, 1726, 1733, 1854, 1878, 1991, 2039, 2082, 2297, 2367, 2392, 2533, 2724, 2748, 2970, 3127, 3336, 3368, 3476, 3753, 3774, 3840, 3847, 3955, 4007, 4012, 4034, 4049, 4326, 4338, 4350, 4484, 4503, 4523, 4596, 4739, 4745, 4761, 4782, 4876, 4965, 5158, 5171, 5291, 5398, 5420, 5467, 5485, 5532, 5692, 5831, 5967, 5988, 6212, 6376, 6391, 6404, 6416, 6468, 6514, 6602, 6655, 6771, 6808, 6938, 6964, 7019, 7033, 7148, 7502]
https://foundation.hkbu.edu.hk/zh/user/login@[489]@[489]
