http://www.comp.hkbu.edu.hk@[173, 205]@[173, 205]
https://www.comp.hkbu.edu.hk/v1/?page=library@[172, 179, 224, 240, 302, 602, 605, 646, 707, 721, 753, 797, 853, 860, 874, 906, 950, 1006, 1013, 1027, 1059, 1103, 1159, 1217, 1293]@[172, 179, 224, 240, 302, 602, 605, 646, 707, 721, 753, 797, 853, 860, 874, 906, 950, 1006, 1013, 1027, 1059, 1103, 1159, 1217, 1293]
https://www.comp.hkbu.edu.hk/v1/?page=job_vacancies@[127, 143, 177]@[127, 143, 177]
https://www.comp.hkbu.edu.hk/v1/?page=home@[201]@[201]
https://iss.hkbu.edu.hk/buam/buam2/reset_pwd/verify_acct.seam@[71]@[71]
https://iss.hkbu.edu.hk/buam/buam2/change_pwd/index.seam@[9, 39, 45, 54, 108, 127]@[9, 39, 45, 54, 108, 127]
https://library.hkbu.edu.hk/happenings/news/service-arrangements-7-sep-2020@[178, 185, 230, 246, 308, 437, 445, 470, 478, 498, 501, 508, 512, 520, 713, 720, 738, 748, 751, 756, 760, 794, 798, 800, 816, 818, 853, 862, 887, 892, 926, 930, 979, 989, 1005, 1008, 1015, 1037, 1057, 1063, 1082, 1113, 1195]@[178, 185, 230, 246, 308, 437, 445, 470, 478, 498, 501, 508, 512, 520, 713, 720, 738, 748, 751, 756, 760, 794, 798, 800, 816, 818, 853, 862, 887, 892, 926, 930, 979, 989, 1005, 1008, 1015, 1037, 1057, 1063, 1082, 1113, 1195]
https://www.comp.hkbu.edu.hk/v1/?page=head@[112, 122, 148, 196, 199, 227, 305, 419, 426, 450, 454, 496]@[112, 122, 148, 196, 199, 227, 305, 419, 426, 450, 454, 496]
https://iss.hkbu.edu.hk/buam/buam2/reset_pwd_alumni/verify_acct.seam@[43, 97]@[43, 97]
https://www.comp.hkbu.edu.hk/v1/?page=whats_new@[227, 290, 343, 360, 441, 659, 729, 762, 804, 830, 930, 965, 1626, 1636, 1833, 1920, 2047, 2112, 2215, 2326, 2351, 2371, 2414, 2472, 2602, 2663, 2682, 2722, 2746, 2805, 2816, 2840, 2865, 2917, 2973, 2979, 3020, 3043, 3048, 3056, 3221, 3271, 3281, 3286, 3296, 3342, 3370, 3387, 3432, 3470, 3494, 3611, 3631, 3682, 3690, 3714, 3728, 3757, 3932, 3984, 4050, 4080, 4157, 4166, 4181]@[227, 290, 343, 360, 441, 659, 729, 762, 804, 830, 930, 965, 1626, 1636, 1833, 1920, 2047, 2112, 2215, 2326, 2351, 2371, 2414, 2472, 2602, 2663, 2682, 2722, 2746, 2805, 2816, 2840, 2865, 2917, 2973, 2979, 3020, 3043, 3048, 3056, 3221, 3271, 3281, 3286, 3296, 3342, 3370, 3387, 3432, 3470, 3494, 3611, 3631, 3682, 3690, 3714, 3728, 3757, 3932, 3984, 4050, 4080, 4157, 4166, 4181]
https://www.comp.hkbu.edu.hk/v1/?page=contact@[141, 145, 155]@[141, 145, 155]
https://aao.hkbu.edu.hk/en/contact/index.php@[20, 24, 27, 79, 88, 114, 117, 131, 258]@[20, 24, 27, 79, 88, 114, 117, 131, 258]
https://iss.hkbu.edu.hk/buam/buam2/activation/index.seam@[20, 30]@[20, 30]
https://www.comp.hkbu.edu.hk/v1/?page=research_areas@[106, 110]@[106, 110]
https://www.comp.hkbu.edu.hk/v1/?page=centres@[113, 121, 155, 162, 180, 202, 207, 222, 230, 244, 247, 255, 271, 293, 333, 341, 353, 363, 398]@[113, 121, 155, 162, 180, 202, 207, 222, 230, 244, 247, 255, 271, 293, 333, 341, 353, 363, 398]
https://www.hkbu.edu.hk/eng/about/privacy.jsp@[180, 185, 195, 198, 207, 210, 215, 221, 240, 242, 246, 299, 303, 312, 317, 324, 330, 349, 354, 358, 361, 374, 379, 410, 428, 431, 439, 448, 456, 460, 476, 483, 495, 499, 504, 546, 552, 554, 558, 564, 569, 587, 596, 605, 625, 649, 683, 706, 709, 750, 754, 758, 773, 779, 787, 800, 826, 832, 849, 870, 893, 913, 916, 964, 973, 980, 987, 998, 1017, 1042, 1049, 1064, 1066, 1073, 1101, 1109, 1113, 1148, 1151, 1159, 1177, 1187, 1200, 1227, 1265, 1270, 1273, 1277, 1285, 1293, 1301, 1314, 1319, 1326, 1329, 1344, 1347, 1365, 1389, 1402, 1417, 1437, 1440, 1515, 1550, 1557, 1577, 1580, 1600, 1616, 1626, 1673, 1677, 1681, 1683, 1686, 1694, 1700, 1720, 1738, 1741, 1752, 1757, 1800, 1824, 1859, 1863, 1895, 1904, 1944, 1966, 1980, 1996, 2001, 2024, 2052, 2058, 2069, 2078, 2089, 2092, 2096, 2107, 2114, 2125, 2128, 2137, 2151, 2155, 2163, 2173, 2176]@[180, 185, 195, 198, 207, 210, 215, 221, 240, 242, 246, 299, 303, 312, 317, 324, 330, 349, 354, 358, 361, 374, 379, 410, 428, 431, 439, 448, 456, 460, 476, 483, 495, 499, 504, 546, 552, 554, 558, 564, 569, 587, 596, 605, 625, 649, 683, 706, 709, 750, 754, 758, 773, 779, 787, 800, 826, 832, 849, 870, 893, 913, 916, 964, 973, 980, 987, 998, 1017, 1042, 1049, 1064, 1066, 1073, 1101, 1109, 1113, 1148, 1151, 1159, 1177, 1187, 1200, 1227, 1265, 1270, 1273, 1277, 1285, 1293, 1301, 1314, 1319, 1326, 1329, 1344, 1347, 1365, 1389, 1402, 1417, 1437, 1440, 1515, 1550, 1557, 1577, 1580, 1600, 1616, 1626, 1673, 1677, 1681, 1683, 1686, 1694, 1700, 1720, 1738, 1741, 1752, 1757, 1800, 1824, 1859, 1863, 1895, 1904, 1944, 1966, 1980, 1996, 2001, 2024, 2052, 2058, 2069, 2078, 2089, 2092, 2096, 2107, 2114, 2125, 2128, 2137, 2151, 2155, 2163, 2173, 2176]
https://www.comp.hkbu.edu.hk/v1/?page=funded_projects@[607, 947, 1225, 1230, 1347, 1788, 2368, 2537, 2542, 2742, 2763, 2954, 3170, 3182, 3387, 3444, 3625]@[607, 947, 1225, 1230, 1347, 1788, 2368, 2537, 2542, 2742, 2763, 2954, 3170, 3182, 3387, 3444, 3625]
https://www.comp.hkbu.edu.hk/v1/?page=journal_editorship@[332]@[332]
https://www.comp.hkbu.edu.hk/v1/?pid=32@[108, 129, 162, 179, 230, 254, 277, 294, 328, 347, 365, 399, 419]@[108, 129, 162, 179, 230, 254, 277, 294, 328, 347, 365, 399, 419]
https://www.comp.hkbu.edu.hk/v1/?page=mscais@[122, 233, 239, 245, 253, 257, 263]@[122, 233, 239, 245, 253, 257, 263]
https://www.comp.hkbu.edu.hk/v1/?page=mscitm@[93, 207, 213, 219, 227, 231, 237]@[93, 207, 213, 219, 227, 231, 237]
https://www.comp.hkbu.edu.hk/v1/?pid=273@[122, 233, 239, 245, 253, 257, 263]@[122, 233, 239, 245, 253, 257, 263]
https://www.comp.hkbu.edu.hk/v1/?pid=95@[93, 207, 213, 219, 227, 231, 237]@[93, 207, 213, 219, 227, 231, 237]
https://www.comp.hkbu.edu.hk/v1/?pid=128@[106, 111, 118]@[106, 111, 118]
https://aao.hkbu.edu.hk/en/home/index.php@[227]@[227]
https://www.hkbu.edu.hk/eng/visitors/visitors.jsp@[137, 145, 148, 160, 164, 170, 173]@[137, 145, 148, 160, 164, 170, 173]
https://www.comp.hkbu.edu.hk@[207]@[207]
https://www.comp.hkbu.edu.hk/v1/?pid=174@[110, 128, 137, 147]@[110, 128, 137, 147]
https://www.comp.hkbu.edu.hk/v1/?pid=175@[116, 134, 143, 153]@[116, 134, 143, 153]
https://www.comp.hkbu.edu.hk/v1/?page=facilities_teaching@[108, 133, 152, 177, 184, 189, 228, 314, 400, 405, 412]@[108, 133, 152, 177, 184, 189, 228, 314, 400, 405, 412]
https://www.comp.hkbu.edu.hk/msc/itm/en@[93, 207, 213, 219, 227, 231, 237]@[93, 207, 213, 219, 227, 231, 237]
https://www.comp.hkbu.edu.hk/v1/?page=facilities_research@[106, 191, 200, 214, 260]@[106, 191, 200, 214, 260]
https://www.hkbu.edu.hk/eng/media/media1.jsp@[148, 152, 158]@[148, 152, 158]
https://www.comp.hkbu.edu.hk/v1/?page=news@[227, 290, 343, 360, 441, 659, 729, 762, 804, 830, 930, 965, 1626, 1636, 1833, 1920, 2047, 2112, 2215, 2326, 2351, 2371, 2414, 2472, 2602, 2663, 2682, 2722, 2746, 2805, 2816, 2840, 2865, 2917, 2973, 2979, 3020, 3043, 3048, 3056, 3221, 3271, 3281, 3286, 3296, 3342, 3370, 3387, 3432, 3470, 3494, 3611, 3631, 3682, 3690, 3714, 3728, 3757, 3932, 3984, 4050, 4080, 4157, 4166, 4181]@[227, 290, 343, 360, 441, 659, 729, 762, 804, 830, 930, 965, 1626, 1636, 1833, 1920, 2047, 2112, 2215, 2326, 2351, 2371, 2414, 2472, 2602, 2663, 2682, 2722, 2746, 2805, 2816, 2840, 2865, 2917, 2973, 2979, 3020, 3043, 3048, 3056, 3221, 3271, 3281, 3286, 3296, 3342, 3370, 3387, 3432, 3470, 3494, 3611, 3631, 3682, 3690, 3714, 3728, 3757, 3932, 3984, 4050, 4080, 4157, 4166, 4181]
https://www.comp.hkbu.edu.hk/v1/?page=events@[155, 280, 350, 397, 400, 425, 507, 528, 531, 538, 637, 642, 658, 813, 890, 1005, 1029, 1033, 1157, 1176, 1526, 1633, 2068, 2136, 2198, 2282, 2322, 2325, 2658, 2676, 2678, 2681, 2726, 2749, 2752, 2788, 2999, 3015, 3059, 3075, 3341, 3344, 3362, 3388, 3401, 3415, 3436, 3441, 3540, 3568, 3584, 3591, 3679, 3901, 3973, 3981, 4001, 4010, 4061, 4081, 4198, 4235, 4255, 4306, 4454, 4533, 4824, 4827, 4853, 5024, 5051, 5061, 5101, 5109, 5253, 5355, 5456, 5550, 5594, 5598, 5640, 5939, 5960, 6107, 6124, 6143, 6343, 6394, 6457, 6460, 6594, 6619, 6778, 6794, 6934, 6986, 7001, 7128, 7160, 7198, 7369, 7377, 7708, 7792, 7807, 7823, 7865, 7887, 7910, 7936, 7961, 7973, 8042, 8060, 8079, 8140, 8232, 8250]@[155, 280, 350, 397, 400, 425, 507, 528, 531, 538, 637, 642, 658, 813, 890, 1005, 1029, 1033, 1157, 1176, 1526, 1633, 2068, 2136, 2198, 2282, 2322, 2325, 2658, 2676, 2678, 2681, 2726, 2749, 2752, 2788, 2999, 3015, 3059, 3075, 3341, 3344, 3362, 3388, 3401, 3415, 3436, 3441, 3540, 3568, 3584, 3591, 3679, 3901, 3973, 3981, 4001, 4010, 4061, 4081, 4198, 4235, 4255, 4306, 4454, 4533, 4824, 4827, 4853, 5024, 5051, 5061, 5101, 5109, 5253, 5355, 5456, 5550, 5594, 5598, 5640, 5939, 5960, 6107, 6124, 6143, 6343, 6394, 6457, 6460, 6594, 6619, 6778, 6794, 6934, 6986, 7001, 7128, 7160, 7198, 7369, 7377, 7708, 7792, 7807, 7823, 7865, 7887, 7910, 7936, 7961, 7973, 8042, 8060, 8079, 8140, 8232, 8250]
https://www.comp.hkbu.edu.hk/v1/?page=highlights@[108, 112, 169, 191, 198, 251, 264, 292, 319, 391, 417, 423, 459, 501, 539, 543, 562, 568, 596, 615, 622, 631, 638, 663, 674, 687, 719, 740, 749, 782, 804, 816, 855, 868, 882, 934, 947, 953, 1011, 1020, 1046, 1078, 1083, 1101, 1117, 1166, 1199, 1217, 1232, 1257, 1283, 1311, 1317, 1327, 1413, 1475, 1515, 1528, 1536, 1604, 1631, 1635, 1678, 1687, 1690, 1764, 1807, 1817, 1863, 1897, 1900, 1924, 1934, 1939, 1957, 1961, 1967]@[108, 112, 169, 191, 198, 251, 264, 292, 319, 391, 417, 423, 459, 501, 539, 543, 562, 568, 596, 615, 622, 631, 638, 663, 674, 687, 719, 740, 749, 782, 804, 816, 855, 868, 882, 934, 947, 953, 1011, 1020, 1046, 1078, 1083, 1101, 1117, 1166, 1199, 1217, 1232, 1257, 1283, 1311, 1317, 1327, 1413, 1475, 1515, 1528, 1536, 1604, 1631, 1635, 1678, 1687, 1690, 1764, 1807, 1817, 1863, 1897, 1900, 1924, 1934, 1939, 1957, 1961, 1967]
https://www.comp.hkbu.edu.hk/v1/?pid=16@[141, 145, 155]@[141, 145, 155]
https://foundation.hkbu.edu.hk/en/ways-to-give@[482, 503, 507, 523, 566, 614, 621, 627, 632, 647, 660, 670, 690, 698, 701, 707, 722, 739, 744, 755, 835]@[482, 503, 507, 523, 566, 614, 621, 627, 632, 647, 660, 670, 690, 698, 701, 707, 722, 739, 744, 755, 835]
https://pers.hkbu.edu.hk/job@[75, 119, 144, 178, 214, 236]@[75, 119, 144, 178, 214, 236]
https://www.comp.hkbu.edu.hk/outreach@[10, 75]@[10, 75]
https://www.comp.hkbu.edu.hk/v1/?pid=77@[113, 118, 130, 139, 144, 148, 155, 182, 197, 203, 208, 243, 288, 436, 515, 588, 730, 790, 810, 818, 871, 915, 944, 961, 977, 993, 1006, 1063, 1106]@[113, 118, 130, 139, 144, 148, 155, 182, 197, 203, 208, 243, 288, 436, 515, 588, 730, 790, 810, 818, 871, 915, 944, 961, 977, 993, 1006, 1063, 1106]
https://hugefiles.comp.hkbu.edu.hk/album/web/video/hkbu_cn_introduction.html@[5]@[]
https://www.comp.hkbu.edu.hk/v1/?page=driving_direction@[115, 119, 145, 157, 165]@[115, 119, 145, 157, 165]
https://foundation.hkbu.edu.hk/en@[499, 520, 524, 540, 595, 600, 625, 662, 790, 796, 814, 817, 822, 837, 866, 899, 904, 945, 1008, 1019, 1022, 1028, 1035, 1078, 1097, 1101, 1105]@[499, 520, 524, 540, 595, 600, 625, 662, 790, 796, 814, 817, 822, 837, 866, 899, 904, 945, 1008, 1019, 1022, 1028, 1035, 1078, 1097, 1101, 1105]
https://iss.hkbu.edu.hk/buam/buam2/registration/index.seam@[22, 32]@[22, 32]
https://www.comp.hkbu.edu.hk/v1/?pid=124@[138, 158, 176, 180, 193, 215, 218, 227, 236, 245, 270, 277, 291, 313, 319, 324, 350, 365, 381]@[138, 158, 176, 180, 193, 215, 218, 227, 236, 245, 270, 277, 291, 313, 319, 324, 350, 365, 381]
https://www.comp.hkbu.edu.hk/v1/?pid=125@[122, 143, 172, 200, 207, 213]@[122, 143, 172, 200, 207, 213]
https://forms.gle/DjStXN8kEpUVwTW38@[52, 68, 81]@[]
https://foundation.hkbu.edu.hk/en/contact-us@[482, 503, 507, 523]@[482, 503, 507, 523]
https://foundation.hkbu.edu.hk/en/user/login@[482, 503, 507, 523, 585, 599, 602, 606]@[482, 503, 507, 523, 585, 599, 602, 606]
https://ito.hkbu.edu.hk/index.php/services-2/account-password/#tab-3@[63, 149, 161, 390, 395, 420, 424, 580, 620, 626, 634, 790, 799, 814]@[63, 149, 161, 390, 395, 420, 424, 580, 620, 626, 634, 790, 799, 814]
https://policies.google.com/terms@[161, 167, 209, 247, 252, 362, 365, 373, 376, 392, 443, 461, 514, 636, 802, 898, 944, 989, 1047, 1095, 1115, 1123, 1155, 1169, 1266, 1306, 1324, 1418, 1451, 1456, 1465, 1472, 1477, 1559, 1577, 1604, 1609, 1844, 1988, 2020, 2045, 2080, 2094, 2124, 2187, 2249, 2290, 2292, 2306, 2316, 2351, 2381, 2487, 2554, 2576, 2579, 2588, 2591, 2593, 2613, 2619, 2653, 2705, 2759, 2797, 2834, 2868, 2878, 2885, 2889, 2893, 2918, 2958, 2970, 2992, 3005, 3052, 3099, 3108, 3288, 3311, 3361, 3410, 3471, 3476, 3512, 3544, 3618, 3622, 3655, 3666, 3691, 3704, 3712, 3766, 3807, 3836, 3857, 3906, 3959, 4015]@[161, 167, 209, 247, 252, 362, 365, 373, 376, 392, 443, 461, 514, 636, 802, 898, 944, 989, 1047, 1095, 1115, 1123, 1155, 1169, 1266, 1306, 1324, 1418, 1451, 1456, 1465, 1472, 1477, 1559, 1577, 1604, 1609, 1844, 1988, 2020, 2045, 2080, 2094, 2124, 2187, 2249, 2290, 2292, 2306, 2316, 2351, 2381, 2487, 2554, 2576, 2579, 2588, 2591, 2593, 2613, 2619, 2653, 2705, 2759, 2797, 2834, 2868, 2878, 2885, 2889, 2893, 2918, 2958, 2970, 2992, 3005, 3052, 3099, 3108, 3288, 3311, 3361, 3410, 3471, 3476, 3512, 3544, 3618, 3622, 3655, 3666, 3691, 3704, 3712, 3766, 3807, 3836, 3857, 3906, 3959, 4015]
https://policies.google.com/privacy@[163, 231, 252, 350, 420, 464, 479, 515, 524, 640, 695, 724, 759, 778, 809, 890, 1092, 1122, 1287, 1296, 1312, 1398, 1442, 1614, 1631, 1678, 1687, 1825, 1833, 1861, 1953, 1965, 2023, 2097, 2122, 2183, 2285, 2521, 2669, 2896, 2943, 3134, 3156, 3194, 3204, 3241, 3289, 3341, 3609, 3643, 3857, 3870, 3897, 3913, 3927, 3931, 3936, 3950, 3976, 4026, 4097, 4099, 4141, 4155, 4198, 4204, 4229, 4341, 4347, 4355, 4373, 4379, 4427, 4430, 4517, 4520, 4691, 4721, 4730, 4817, 4823, 4878, 4882, 4885, 4888, 4929, 4953, 5014, 5020, 5023, 5029, 5040, 5051, 5060, 5065, 5075, 5079, 5091, 5100, 5109, 5122, 5126, 5129, 5132, 5143, 5151, 5300, 5343, 5405, 5472, 5555, 5565, 5589, 5597, 5615, 5686, 5721, 5763, 5781, 5818, 5902, 5912, 5938, 6034, 6079, 6142, 6180, 6208, 6296, 6304, 6351, 6420, 6436, 6441, 6457, 6554, 6640, 6717, 6901, 6935, 6942, 6946, 7015, 7067, 7077, 7158, 7214, 7235, 7307, 7323, 7341, 7435, 7464, 7468, 7564]@[163, 231, 252, 350, 420, 464, 479, 515, 524, 640, 695, 724, 759, 778, 809, 890, 1092, 1122, 1287, 1296, 1312, 1398, 1442, 1614, 1631, 1678, 1687, 1825, 1833, 1861, 1953, 1965, 2023, 2097, 2122, 2183, 2285, 2521, 2669, 2896, 2943, 3134, 3156, 3194, 3204, 3241, 3289, 3341, 3609, 3643, 3857, 3870, 3897, 3913, 3927, 3931, 3936, 3950, 3976, 4026, 4097, 4099, 4141, 4155, 4198, 4204, 4229, 4341, 4347, 4355, 4373, 4379, 4427, 4430, 4517, 4520, 4691, 4721, 4730, 4817, 4823, 4878, 4882, 4885, 4888, 4929, 4953, 5014, 5020, 5023, 5029, 5040, 5051, 5060, 5065, 5075, 5079, 5091, 5100, 5109, 5122, 5126, 5129, 5132, 5143, 5151, 5300, 5343, 5405, 5472, 5555, 5565, 5589, 5597, 5615, 5686, 5721, 5763, 5781, 5818, 5902, 5912, 5938, 6034, 6079, 6142, 6180, 6208, 6296, 6304, 6351, 6420, 6436, 6441, 6457, 6554, 6640, 6717, 6901, 6935, 6942, 6946, 7015, 7067, 7077, 7158, 7214, 7235, 7307, 7323, 7341, 7435, 7464, 7468, 7564]
https://foundation.hkbu.edu.hk/zh/user/login@[487, 501, 504, 508]@[487, 501, 504, 508]
