http://www.comp.hkbu.edu.hk/v1/?page=sci@[2779, 2796, 2808, 2818, 2824, 2832, 2842, 2848, 2861, 2871, 2877, 2886, 2896, 2902, 2938, 2941, 2982, 2995, 3847, 3864, 3876, 3886, 3892, 3900, 3910, 3916, 3929, 3939, 3945, 3954, 3964, 3970, 4006, 4009, 4050, 4063]@{}
http://www.sci.hkbu.edu.hk/eng/about-us/distinguished-professorship/eng/page/?page=prospective-students@[2779, 2796, 2808, 2818, 2824, 2832, 2842, 2848, 2861, 2871, 2877, 2886, 2896, 2902, 2938, 2941, 2982, 2995, 3847, 3864, 3876, 3886, 3892, 3900, 3910, 3916, 3929, 3939, 3945, 3954, 3964, 3970, 4006, 4009, 4050, 4063]@{}
http://www.sci.hkbu.edu.hk/eng/about-us/honorary-doctorate/eng/page/?page=prospective-students@[2779, 2796, 2808, 2818, 2824, 2832, 2842, 2848, 2861, 2871, 2877, 2886, 2896, 2902, 2938, 2941, 2982, 2995, 3847, 3864, 3876, 3886, 3892, 3900, 3910, 3916, 3929, 3939, 3945, 3954, 3964, 3970, 4006, 4009, 4050, 4063]@{}
http://www.sci.hkbu.edu.hk/eng/about-us/distinguished-professor-of-science/eng/page/?page=prospective-students@[2779, 2796, 2808, 2818, 2824, 2832, 2842, 2848, 2861, 2871, 2877, 2886, 2896, 2902, 2938, 2941, 2982, 2995, 3847, 3864, 3876, 3886, 3892, 3900, 3910, 3916, 3929, 3939, 3945, 3954, 3964, 3970, 4006, 4009, 4050, 4063]@{}
http://www.sci.hkbu.edu.hk/eng/about-us/dr-kennedy-wong-distinguished-visiting-professorship-scheme/eng/page/?page=prospective-students@[2779, 2796, 2808, 2818, 2824, 2832, 2842, 2848, 2861, 2871, 2877, 2886, 2896, 2902, 2938, 2941, 2982, 2995, 3847, 3864, 3876, 3886, 3892, 3900, 3910, 3916, 3929, 3939, 3945, 3954, 3964, 3970, 4006, 4009, 4050, 4063]@{}
http://www.sci.hkbu.edu.hk/eng/page/eng/about-us/vision-mission@[2779, 2796, 2808, 2818, 2824, 2832, 2842, 2848, 2861, 2871, 2877, 2886, 2896, 2902, 2938, 2941, 2982, 2995, 3847, 3864, 3876, 3886, 3892, 3900, 3910, 3916, 3929, 3939, 3945, 3954, 3964, 3970, 4006, 4009, 4050, 4063]@{}
http://www.sci.hkbu.edu.hk/eng/page/eng/about-us/faculty-advisory-committee@[2779, 2796, 2808, 2818, 2824, 2832, 2842, 2848, 2861, 2871, 2877, 2886, 2896, 2902, 2938, 2941, 2982, 2995, 3847, 3864, 3876, 3886, 3892, 3900, 3910, 3916, 3929, 3939, 3945, 3954, 3964, 3970, 4006, 4009, 4050, 4063]@{}
http://www.sci.hkbu.edu.hk/eng@[2779, 2796, 2808, 2818, 2824, 2832, 2842, 2848, 2861, 2871, 2877, 2886, 2896, 2902, 2938, 2941, 2982, 2995, 3847, 3864, 3876, 3886, 3892, 3900, 3910, 3916, 3929, 3939, 3945, 3954, 3964, 3970, 4006, 4009, 4050, 4063]@{}
http://www.sci.hkbu.edu.hk/eng/about-us/vision-mission/eng/page/?page=prospective-students@[2779, 2796, 2808, 2818, 2824, 2832, 2842, 2848, 2861, 2871, 2877, 2886, 2896, 2902, 2938, 2941, 2982, 2995, 3847, 3864, 3876, 3886, 3892, 3900, 3910, 3916, 3929, 3939, 3945, 3954, 3964, 3970, 4006, 4009, 4050, 4063]@{}
http://www.sci.hkbu.edu.hk/eng/about-us/faculty-advisory-committee/eng/page/?page=prospective-students@[2779, 2796, 2808, 2818, 2824, 2832, 2842, 2848, 2861, 2871, 2877, 2886, 2896, 2902, 2938, 2941, 2982, 2995, 3847, 3864, 3876, 3886, 3892, 3900, 3910, 3916, 3929, 3939, 3945, 3954, 3964, 3970, 4006, 4009, 4050, 4063]@{}
