http://www.comp.hkbu.edu.hk@[671, 2165, 2183, 2212, 2236, 2342, 2374, 2379, 4137, 4143, 4153, 4160, 4169, 4176, 4183, 4193, 4225, 5140, 5192, 5215, 5244, 5265, 5286, 5307, 5326, 5352, 5492, 5541, 6985, 6996, 7022]@{}
http://www.comp.hkbu.edu.hk/v1/?page=sci@[350, 367, 396, 601, 610, 988, 2090, 2142, 2149, 2159, 2165, 2240, 4236, 4278, 4312, 4805, 4811, 4838, 4857, 4915, 4930, 4994, 4997, 5004, 5009, 5011, 5013, 5015, 5021, 5027, 5029, 5031, 5033, 5035, 5037, 5039, 5041, 5045, 5048, 5050, 5063, 5080, 5111, 5128, 5151, 5158, 5163, 5185, 5198, 5211, 5224, 5237, 5271, 5305, 5339, 5373, 5407, 5437, 5467, 5497, 5527, 5557, 5590, 5615, 5640, 5665, 5775, 5795, 5800, 5819, 5868, 5889, 5911, 5932, 5954, 6005, 6032, 6068, 6099, 6160, 6181, 6187, 6201, 6213, 6231, 6249, 6277, 6301, 6307, 6315, 6321, 6329, 6372, 6378, 6386, 6391, 6436, 6438, 6463, 6474, 6480, 6516, 6525, 6573, 6635, 6663, 6764, 6795, 6864, 6872, 6958, 6966, 7051, 7059, 7150, 7186, 7192, 7196, 7314, 7431, 7462, 7669, 7675, 7684, 8162, 8178, 8180, 8188, 8250, 8268, 8295]@{}
http://www.comp.hkbu.edu.hk/v1/?page=job_vacancies?=tc@[671, 2165, 2183, 2212, 2236, 2342, 2374, 2379, 4143, 4149, 4159, 4166, 4175, 4182, 4189, 4199, 4231, 5136, 5188, 5211, 5240, 5261, 5282, 5303, 5322, 5348, 5488, 5537, 6961, 6972, 6998]@{}
http://www.comp.hkbu.edu.hk/v1/?page=job_vacancies?=sc@[671, 2165, 2183, 2212, 2236, 2342, 2374, 2379, 4143, 4149, 4159, 4166, 4175, 4182, 4189, 4199, 4231, 5136, 5188, 5211, 5240, 5261, 5282, 5303, 5322, 5348, 5488, 5537, 6970, 6981, 7007]@{}
http://www.comp.hkbu.edu.hk/v1/?page=sitemap?=tc@[671, 2165, 2183, 2212, 2236, 2342, 2374, 2379, 4142, 4148, 4158, 4165, 4174, 4181, 4188, 4198, 4230, 5132, 5184, 5207, 5236, 5257, 5278, 5299, 5318, 5344, 5484, 5533, 6973, 6984, 7010]@{}
http://www.comp.hkbu.edu.hk/v1/?page=sitemap?=sc@[671, 2165, 2183, 2212, 2236, 2342, 2374, 2379, 4142, 4148, 4158, 4165, 4174, 4181, 4188, 4198, 4230, 5131, 5183, 5206, 5235, 5256, 5277, 5298, 5317, 5343, 5483, 5532, 6988, 6999, 7025]@{}
http://www.comp.hkbu.edu.hk/v1/?lang=sc@[671, 2165, 2183, 2212, 2236, 2342, 2374, 2379, 4137, 4143, 4153, 4160, 4169, 4176, 4183, 4193, 4225, 5127, 5179, 5202, 5231, 5252, 5273, 5294, 5313, 5339, 5479, 5528, 6954, 6965, 6991]@{}
http://www.comp.hkbu.edu.hk/~alumni/news/../news/@[606, 5075, 5109]@{}
http://www.comp.hkbu.edu.hk/~alumni/news/../scholarship/@[907, 941]@{}
http://www.comp.hkbu.edu.hk/~alumni/news/../donation/@[1397, 1431]@{}
http://www.comp.hkbu.edu.hk/v1/?page=job_vacancies?=tc?=tc@[671, 2165, 2183, 2212, 2236, 2342, 2374, 2379, 4144, 4150, 4160, 4167, 4176, 4183, 4190, 4200, 4232, 5133, 5185, 5208, 5237, 5258, 5279, 5300, 5319, 5345, 5485, 5534, 6975, 6986, 7012]@{}
http://www.comp.hkbu.edu.hk/v1/?page=job_vacancies?=sc?=tc@[671, 2165, 2183, 2212, 2236, 2342, 2374, 2379, 4144, 4150, 4160, 4167, 4176, 4183, 4190, 4200, 4232, 5143, 5195, 5218, 5247, 5268, 5289, 5310, 5329, 5355, 5495, 5544, 7004, 7015, 7041]@{}
http://www.comp.hkbu.edu.hk/v1/?page=sitemap?=tc?=tc@[671, 2165, 2183, 2212, 2236, 2342, 2374, 2379, 4144, 4150, 4160, 4167, 4176, 4183, 4190, 4200, 4232, 5133, 5185, 5208, 5237, 5258, 5279, 5300, 5319, 5345, 5485, 5534, 6966, 6977, 7003]@{}
http://www.comp.hkbu.edu.hk/v1/?page=sitemap?=sc?=tc@[671, 2165, 2183, 2212, 2236, 2342, 2374, 2379, 4144, 4150, 4160, 4167, 4176, 4183, 4190, 4200, 4232, 5147, 5199, 5222, 5251, 5272, 5293, 5314, 5333, 5359, 5499, 5548, 6993, 7004, 7030]@{}
http://www.comp.hkbu.edu.hk/v1/?page=home@[671, 2165, 2183, 2212, 2236, 2342, 2374, 2379, 4140, 4146, 4156, 4163, 4172, 4179, 4186, 4196, 4228, 5125, 5177, 5200, 5229, 5250, 5271, 5292, 5311, 5337, 5477, 5526, 6958, 6969, 6995]@{}
http://www.comp.hkbu.edu.hk/~alumni/news/../news/../news/@[606, 5075, 5109]@{}
http://www.comp.hkbu.edu.hk/~alumni/news/../scholarship/../news/@[606, 5075, 5109]@{}
http://www.comp.hkbu.edu.hk/~alumni/news/../donation/../news/@[606, 5075, 5109]@{}
http://www.comp.hkbu.edu.hk/v1/?page=job_vacancies?=tc?=tc?=tc@[671, 2165, 2183, 2212, 2236, 2342, 2374, 2379, 4147, 4153, 4163, 4170, 4179, 4186, 4193, 4203, 4235, 5147, 5199, 5222, 5251, 5272, 5293, 5314, 5333, 5359, 5499, 5548, 7001, 7012, 7038]@{}
http://www.comp.hkbu.edu.hk/v1/?page=job_vacancies?=sc?=tc?=tc@[671, 2165, 2183, 2212, 2236, 2342, 2374, 2379, 4146, 4152, 4162, 4169, 4178, 4185, 4192, 4202, 4234, 5131, 5183, 5206, 5235, 5256, 5277, 5298, 5317, 5343, 5483, 5532, 6970, 6981, 7007]@{}
http://www.comp.hkbu.edu.hk/v1/?page=sitemap?=tc?=tc?=tc@[671, 2165, 2183, 2212, 2236, 2342, 2374, 2379, 4147, 4153, 4163, 4170, 4179, 4186, 4193, 4203, 4235, 5137, 5189, 5212, 5241, 5262, 5283, 5304, 5323, 5349, 5489, 5538, 6998, 7009, 7035]@{}
http://www.comp.hkbu.edu.hk/v1/?page=sitemap?=sc?=tc?=tc@[671, 2165, 2183, 2212, 2236, 2342, 2374, 2379, 4147, 4153, 4163, 4170, 4179, 4186, 4193, 4203, 4235, 5140, 5192, 5215, 5244, 5265, 5286, 5307, 5326, 5352, 5492, 5541, 7001, 7012, 7038]@{}
http://www.comp.hkbu.edu.hk/v1/?page=home?=tc@[671, 2165, 2183, 2212, 2236, 2342, 2374, 2379, 4142, 4148, 4158, 4165, 4174, 4181, 4188, 4198, 4230, 5135, 5187, 5210, 5239, 5260, 5281, 5302, 5321, 5347, 5487, 5536, 6986, 6997, 7023]@{}
http://www.comp.hkbu.edu.hk/~alumni/news/../news/../news/../news/@[606, 5075, 5109]@{}
http://www.comp.hkbu.edu.hk/~alumni/news/../scholarship/../news/../news/@[606, 5075, 5109]@{}
http://www.comp.hkbu.edu.hk/~alumni/news/../donation/../news/../news/@[606, 5075, 5109]@{}
http://www.comp.hkbu.edu.hk/v1/?page=job_vacancies?=tc?=tc?=tc?=tc@[671, 2165, 2183, 2212, 2236, 2342, 2374, 2379, 4149, 4155, 4165, 4172, 4181, 4188, 4195, 4205, 4237, 5148, 5200, 5223, 5252, 5273, 5294, 5315, 5334, 5360, 5500, 5549, 6981, 6992, 7018]@{}
http://www.comp.hkbu.edu.hk/v1/?page=job_vacancies?=sc?=tc?=tc?=tc@[671, 2165, 2183, 2212, 2236, 2342, 2374, 2379, 4149, 4155, 4165, 4172, 4181, 4188, 4195, 4205, 4237, 5149, 5201, 5224, 5253, 5274, 5295, 5316, 5335, 5361, 5501, 5550, 6969, 6980, 7006]@{}
http://www.comp.hkbu.edu.hk/v1/?page=sitemap?=tc?=tc?=tc?=tc@[671, 2165, 2183, 2212, 2236, 2342, 2374, 2379, 4148, 4154, 4164, 4171, 4180, 4187, 4194, 4204, 4236, 5137, 5189, 5212, 5241, 5262, 5283, 5304, 5323, 5349, 5489, 5538, 6987, 6998, 7024]@{}
http://www.comp.hkbu.edu.hk/v1/?page=sitemap?=sc?=tc?=tc?=tc@[671, 2165, 2183, 2212, 2236, 2342, 2374, 2379, 4148, 4154, 4164, 4171, 4180, 4187, 4194, 4204, 4236, 5148, 5200, 5223, 5252, 5273, 5294, 5315, 5334, 5360, 5500, 5549, 6995, 7006, 7032]@{}
http://www.comp.hkbu.edu.hk/v1/?page=home?=tc?=tc@[671, 2165, 2183, 2212, 2236, 2342, 2374, 2379, 4144, 4150, 4160, 4167, 4176, 4183, 4190, 4200, 4232, 5137, 5189, 5212, 5241, 5262, 5283, 5304, 5323, 5349, 5489, 5538, 6969, 6980, 7006]@{}
http://www.comp.hkbu.edu.hk/~alumni/news/../news/../news/../news/../news/@[606, 5075, 5109]@{}
http://www.comp.hkbu.edu.hk/v1/?page=alumni@[172, 206]@{}
http://www.comp.hkbu.edu.hk/~alumni/news/../scholarship/../news/../news/../news/@[606, 5075, 5109]@{}
http://www.comp.hkbu.edu.hk/~alumni/news/../donation/../news/../news/../news/@[606, 5075, 5109]@{}
http://www.comp.hkbu.edu.hk/v1/?page=job_vacancies?=tc?=tc?=tc?=tc?=tc@[671, 2165, 2183, 2212, 2236, 2342, 2374, 2379, 4151, 4157, 4167, 4174, 4183, 4190, 4197, 4207, 4239, 5151, 5203, 5226, 5255, 5276, 5297, 5318, 5337, 5363, 5503, 5552, 6976, 6987, 7013]@{}
http://www.comp.hkbu.edu.hk/v1/?page=job_vacancies?=sc?=tc?=tc?=tc?=tc@[671, 2165, 2183, 2212, 2236, 2342, 2374, 2379, 4150, 4156, 4166, 4173, 4182, 4189, 4196, 4206, 4238, 5136, 5188, 5211, 5240, 5261, 5282, 5303, 5322, 5348, 5488, 5537, 6978, 6989, 7015]@{}
http://www.comp.hkbu.edu.hk/v1/?page=sitemap?=tc?=tc?=tc?=tc?=tc@[671, 2165, 2183, 2212, 2236, 2342, 2374, 2379, 4151, 4157, 4167, 4174, 4183, 4190, 4197, 4207, 4239, 5144, 5196, 5219, 5248, 5269, 5290, 5311, 5330, 5356, 5496, 5545, 6998, 7009, 7035]@{}
http://www.comp.hkbu.edu.hk/v1/?page=sitemap?=sc?=tc?=tc?=tc?=tc@[671, 2165, 2183, 2212, 2236, 2342, 2374, 2379, 4150, 4156, 4166, 4173, 4182, 4189, 4196, 4206, 4238, 5150, 5202, 5225, 5254, 5275, 5296, 5317, 5336, 5362, 5502, 5551, 6983, 6994, 7020]@{}
http://www.comp.hkbu.edu.hk/v1/?page=home?=tc?=tc?=tc@[671, 2165, 2183, 2212, 2236, 2342, 2374, 2379, 4146, 4152, 4162, 4169, 4178, 4185, 4192, 4202, 4234, 5135, 5187, 5210, 5239, 5260, 5281, 5302, 5321, 5347, 5487, 5536, 6983, 6994, 7020]@{}
http://www.comp.hkbu.edu.hk/~alumni/news/../news/../news/../news/../news/../news/@[606, 5075, 5109]@{}
http://www.comp.hkbu.edu.hk/~alumni/news/../scholarship/../news/../news/../news/../news/@[606, 5075, 5109]@{}
http://www.comp.hkbu.edu.hk/~alumni/news/../donation/../news/../news/../news/../news/@[606, 5075, 5109]@{}
http://www.comp.hkbu.edu.hk/v1/?page=job_vacancies@[219, 1713, 1731, 1760, 1784, 1890, 1922, 1927, 3689, 3695, 3705, 3712, 3721, 3728, 3735, 3745, 3777, 4486, 4497, 4523]@{}
http://www.comp.hkbu.edu.hk/v1/?page=job_vacancies?=tc?=tc?=tc?=tc?=tc?=tc@[671, 2165, 2183, 2212, 2236, 2342, 2374, 2379, 4153, 4159, 4169, 4176, 4185, 4192, 4199, 4209, 4241, 5139, 5191, 5214, 5243, 5264, 5285, 5306, 5325, 5351, 5491, 5540, 6973, 6984, 7010]@{}
http://www.comp.hkbu.edu.hk/v1/?page=job_vacancies?=sc?=tc?=tc?=tc?=tc?=tc@[671, 2165, 2183, 2212, 2236, 2342, 2374, 2379, 4152, 4158, 4168, 4175, 4184, 4191, 4198, 4208, 4240, 5138, 5190, 5213, 5242, 5263, 5284, 5305, 5324, 5350, 5490, 5539, 7000, 7011, 7037]@{}
http://www.comp.hkbu.edu.hk/v1/?page=sitemap?=tc?=tc?=tc?=tc?=tc?=tc@[671, 2165, 2183, 2212, 2236, 2342, 2374, 2379, 4152, 4158, 4168, 4175, 4184, 4191, 4198, 4208, 4240, 5142, 5194, 5217, 5246, 5267, 5288, 5309, 5328, 5354, 5494, 5543, 6990, 7001, 7027]@{}
http://www.comp.hkbu.edu.hk/v1/?page=sitemap?=sc?=tc?=tc?=tc?=tc?=tc@[671, 2165, 2183, 2212, 2236, 2342, 2374, 2379, 4153, 4159, 4169, 4176, 4185, 4192, 4199, 4209, 4241, 5160, 5212, 5235, 5264, 5285, 5306, 5327, 5346, 5372, 5512, 5561, 7000, 7011, 7037]@{}
http://www.comp.hkbu.edu.hk/v1/?page=home?=tc?=tc?=tc?=tc@[671, 2165, 2183, 2212, 2236, 2342, 2374, 2379, 4149, 4155, 4165, 4172, 4181, 4188, 4195, 4205, 4237, 5141, 5193, 5216, 5245, 5266, 5287, 5308, 5327, 5353, 5493, 5542, 6984, 6995, 7021]@{}
http://www.comp.hkbu.edu.hk/~alumni/news/../news/../news/../news/../news/../news/../news/@[606, 5075, 5109]@{}
http://www.comp.hkbu.edu.hk/~alumni/news/../scholarship/../news/../news/../news/../news/../news/@[606, 5075, 5109]@{}
http://www.comp.hkbu.edu.hk/~alumni/news/../donation/../news/../news/../news/../news/../news/@[606, 5075, 5109]@{}
http://www.comp.hkbu.edu.hk/v1/?page=job_vacancies?=tc?=tc?=tc?=tc?=tc?=tc?=tc@[671, 2165, 2183, 2212, 2236, 2342, 2374, 2379, 4155, 4161, 4171, 4178, 4187, 4194, 4201, 4211, 4243, 5143, 5195, 5218, 5247, 5268, 5289, 5310, 5329, 5355, 5495, 5544, 6972, 6983, 7009]@{}
http://www.comp.hkbu.edu.hk/v1/?page=job_vacancies?=sc?=tc?=tc?=tc?=tc?=tc?=tc@[671, 2165, 2183, 2212, 2236, 2342, 2374, 2379, 4155, 4161, 4171, 4178, 4187, 4194, 4201, 4211, 4243, 5140, 5192, 5215, 5244, 5265, 5286, 5307, 5326, 5352, 5492, 5541, 6992, 7003, 7029]@{}
http://www.comp.hkbu.edu.hk/v1/?page=sitemap?=tc?=tc?=tc?=tc?=tc?=tc?=tc@[671, 2165, 2183, 2212, 2236, 2342, 2374, 2379, 4154, 4160, 4170, 4177, 4186, 4193, 4200, 4210, 4242, 5142, 5194, 5217, 5246, 5267, 5288, 5309, 5328, 5354, 5494, 5543, 6972, 6983, 7009]@{}
http://www.comp.hkbu.edu.hk/v1/?page=sitemap?=sc?=tc?=tc?=tc?=tc?=tc?=tc@[671, 2165, 2183, 2212, 2236, 2342, 2374, 2379, 4154, 4160, 4170, 4177, 4186, 4193, 4200, 4210, 4242, 5144, 5196, 5219, 5248, 5269, 5290, 5311, 5330, 5356, 5496, 5545, 6993, 7004, 7030]@{}
http://www.comp.hkbu.edu.hk/v1/?page=home?=tc?=tc?=tc?=tc?=tc@[671, 2165, 2183, 2212, 2236, 2342, 2374, 2379, 4151, 4157, 4167, 4174, 4183, 4190, 4197, 4207, 4239, 5144, 5196, 5219, 5248, 5269, 5290, 5311, 5330, 5356, 5496, 5545, 6997, 7008, 7034]@{}
http://www.comp.hkbu.edu.hk/~alumni/news/../news/../news/../news/../news/../news/../news/../news/@[606, 5075, 5109]@{}
http://www.comp.hkbu.edu.hk/~alumni/news/../scholarship/../news/../news/../news/../news/../news/../news/@[606, 5075, 5109]@{}
http://www.comp.hkbu.edu.hk/~alumni/news/../donation/../news/../news/../news/../news/../news/../news/@[606, 5075, 5109]@{}
http://www.comp.hkbu.edu.hk/v1/?page=job_vacancies?=tc?=tc?=tc?=tc?=tc?=tc?=tc?=tc@[671, 2165, 2183, 2212, 2236, 2342, 2374, 2379, 4157, 4163, 4173, 4180, 4189, 4196, 4203, 4213, 4245, 5159, 5211, 5234, 5263, 5284, 5305, 5326, 5345, 5371, 5511, 5560, 7015, 7026, 7052]@{}
http://www.comp.hkbu.edu.hk/v1/?page=job_vacancies?=sc?=tc?=tc?=tc?=tc?=tc?=tc?=tc@[671, 2165, 2183, 2212, 2236, 2342, 2374, 2379, 4157, 4163, 4173, 4180, 4189, 4196, 4203, 4213, 4245, 5143, 5195, 5218, 5247, 5268, 5289, 5310, 5329, 5355, 5495, 5544, 6994, 7005, 7031]@{}
http://www.comp.hkbu.edu.hk/v1/?page=sitemap?=tc?=tc?=tc?=tc?=tc?=tc?=tc?=tc@[671, 2165, 2183, 2212, 2236, 2342, 2374, 2379, 4157, 4163, 4173, 4180, 4189, 4196, 4203, 4213, 4245, 5146, 5198, 5221, 5250, 5271, 5292, 5313, 5332, 5358, 5498, 5547, 6985, 6996, 7022]@{}
http://www.comp.hkbu.edu.hk/v1/?page=sitemap?=sc?=tc?=tc?=tc?=tc?=tc?=tc?=tc@[671, 2165, 2183, 2212, 2236, 2342, 2374, 2379, 4157, 4163, 4173, 4180, 4189, 4196, 4203, 4213, 4245, 5160, 5212, 5235, 5264, 5285, 5306, 5327, 5346, 5372, 5512, 5561, 6993, 7004, 7030]@{}
http://www.comp.hkbu.edu.hk/v1/?page=sitemap@[217, 1711, 1729, 1758, 1782, 1888, 1920, 1925, 3686, 3692, 3702, 3709, 3718, 3725, 3732, 3742, 3774, 5846, 5857, 5883]@{}
http://www.comp.hkbu.edu.hk/v1/?page=home?=tc?=tc?=tc?=tc?=tc?=tc@[671, 2165, 2183, 2212, 2236, 2342, 2374, 2379, 4152, 4158, 4168, 4175, 4184, 4191, 4198, 4208, 4240, 5145, 5197, 5220, 5249, 5270, 5291, 5312, 5331, 5357, 5497, 5546, 6993, 7004, 7030]@{}
http://www.comp.hkbu.edu.hk/~alumni/news/../news/../news/../news/../news/../news/../news/../news/../news/@[606, 5075, 5109]@{}
http://www.comp.hkbu.edu.hk/~alumni/news/../scholarship/../news/../news/../news/../news/../news/../news/../news/@[606, 5075, 5109]@{}
http://www.comp.hkbu.edu.hk/~alumni/news/../donation/../news/../news/../news/../news/../news/../news/../news/@[606, 5075, 5109]@{}
http://www.comp.hkbu.edu.hk/v1/?page=job_vacancies?=tc?=tc?=tc?=tc?=tc?=tc?=tc?=tc?=tc@[671, 2165, 2183, 2212, 2236, 2342, 2374, 2379, 4159, 4165, 4175, 4182, 4191, 4198, 4205, 4215, 4247, 5159, 5211, 5234, 5263, 5284, 5305, 5326, 5345, 5371, 5511, 5560, 6989, 7000, 7026]@{}
http://www.comp.hkbu.edu.hk/v1/?page=job_vacancies?=sc?=tc?=tc?=tc?=tc?=tc?=tc?=tc?=tc@[671, 2165, 2183, 2212, 2236, 2342, 2374, 2379, 4159, 4165, 4175, 4182, 4191, 4198, 4205, 4215, 4247, 5158, 5210, 5233, 5262, 5283, 5304, 5325, 5344, 5370, 5510, 5559, 7001, 7012, 7038]@{}
http://www.comp.hkbu.edu.hk/v1/?page=sitemap?=tc?=tc?=tc?=tc?=tc?=tc?=tc?=tc?=tc@[671, 2165, 2183, 2212, 2236, 2342, 2374, 2379, 4158, 4164, 4174, 4181, 4190, 4197, 4204, 4214, 4246, 5143, 5195, 5218, 5247, 5268, 5289, 5310, 5329, 5355, 5495, 5544, 6969, 6980, 7006]@{}
http://www.comp.hkbu.edu.hk/v1/?page=sitemap?=sc?=tc?=tc?=tc?=tc?=tc?=tc?=tc?=tc@[671, 2165, 2183, 2212, 2236, 2342, 2374, 2379, 4158, 4164, 4174, 4181, 4190, 4197, 4204, 4214, 4246, 5161, 5213, 5236, 5265, 5286, 5307, 5328, 5347, 5373, 5513, 5562, 6995, 7006, 7032]@{}
http://www.comp.hkbu.edu.hk/v1/?lang=tc@[671, 2165, 2183, 2212, 2236, 2342, 2374, 2379, 4136, 4142, 4152, 4159, 4168, 4175, 4182, 4192, 4224, 5143, 5195, 5218, 5247, 5268, 5289, 5310, 5329, 5355, 5495, 5544, 6997, 7008, 7034]@{}
http://www.comp.hkbu.edu.hk/~alumni/news/@[606, 5075, 5109]@{}
http://www.sci.hkbu.edu.hk/eng/page/?page=prospective-students@[350, 367, 396, 601, 610, 988, 2090, 2142, 2149, 2159, 2165, 2240, 3707, 3723, 3725, 3733, 3795, 3813, 3840]@{}
http://www.sci.hkbu.edu.hk/eng/page/?page=current-students@[350, 367, 396, 601, 610, 988, 2090, 2142, 2149, 2159, 2165, 2240, 3363, 3379, 3381, 3389, 3451, 3469, 3496]@{}
http://www.sci.hkbu.edu.hk/eng/page/@[350, 367, 396, 601, 610, 988, 2090, 2142, 2149, 2159, 2165, 2240, 3466, 3482, 3484, 3492, 3554, 3572, 3599]@{}
http://www.sci.hkbu.edu.hk/eng/about-us/honorary-doctorate@[350, 367, 396, 601, 610, 988, 2090, 2142, 2149, 2159, 2165, 2240, 3997, 4013, 4015, 4023, 4085, 4103, 4130]@{}
http://www.sci.hkbu.edu.hk/eng/about-us/distinguished-professorship/eng/page/?page=prospective-students@[350, 367, 396, 601, 610, 988, 2090, 2142, 2149, 2159, 2165, 2240, 4236, 4278, 4312, 4805, 4811, 4838, 4857, 4915, 4930, 4994, 4997, 5004, 5009, 5011, 5013, 5015, 5021, 5027, 5029, 5031, 5033, 5035, 5037, 5039, 5041, 5045, 5048, 5050, 5063, 5080, 5111, 5128, 5151, 5158, 5163, 5185, 5198, 5211, 5224, 5237, 5271, 5305, 5339, 5373, 5407, 5437, 5467, 5497, 5527, 5557, 5590, 5615, 5640, 5665, 5775, 5795, 5800, 5819, 5868, 5889, 5911, 5932, 5954, 6005, 6032, 6068, 6099, 6160, 6181, 6187, 6201, 6213, 6231, 6249, 6277, 6301, 6307, 6315, 6321, 6329, 6372, 6378, 6386, 6391, 6436, 6438, 6463, 6474, 6480, 6516, 6525, 6573, 6635, 6663, 6764, 6795, 6864, 6872, 6958, 6966, 7051, 7059, 7150, 7186, 7192, 7196, 7314, 7431, 7462, 7669, 7675, 7684, 8162, 8178, 8180, 8188, 8250, 8268, 8295]@{}
http://www.sci.hkbu.edu.hk/eng/about-us/honorary-doctorate/eng/page/?page=prospective-students@[350, 367, 396, 601, 610, 988, 2090, 2142, 2149, 2159, 2165, 2240, 4236, 4278, 4312, 4805, 4811, 4838, 4857, 4915, 4930, 4994, 4997, 5004, 5009, 5011, 5013, 5015, 5021, 5027, 5029, 5031, 5033, 5035, 5037, 5039, 5041, 5045, 5048, 5050, 5063, 5080, 5111, 5128, 5151, 5158, 5163, 5185, 5198, 5211, 5224, 5237, 5271, 5305, 5339, 5373, 5407, 5437, 5467, 5497, 5527, 5557, 5590, 5615, 5640, 5665, 5775, 5795, 5800, 5819, 5868, 5889, 5911, 5932, 5954, 6005, 6032, 6068, 6099, 6160, 6181, 6187, 6201, 6213, 6231, 6249, 6277, 6301, 6307, 6315, 6321, 6329, 6372, 6378, 6386, 6391, 6436, 6438, 6463, 6474, 6480, 6516, 6525, 6573, 6635, 6663, 6764, 6795, 6864, 6872, 6958, 6966, 7051, 7059, 7150, 7186, 7192, 7196, 7314, 7431, 7462, 7669, 7675, 7684, 8162, 8178, 8180, 8188, 8250, 8268, 8295]@{}
http://www.sci.hkbu.edu.hk/eng/about-us/distinguished-professor-of-science@[350, 367, 396, 601, 610, 988, 2090, 2142, 2149, 2159, 2165, 2240, 3813, 3829, 3831, 3839, 3901, 3919, 3946]@{}
http://www.sci.hkbu.edu.hk/eng/about-us/dr-kennedy-wong-distinguished-visiting-professorship-scheme@[350, 367, 396, 601, 610, 988, 2090, 2142, 2149, 2159, 2165, 2240, 3482, 3498, 3500, 3508, 3570, 3588, 3615]@{}
http://www.sci.hkbu.edu.hk/eng/about-us/distinguished-professor-of-science/eng/page/?page=prospective-students@[350, 367, 396, 601, 610, 988, 2090, 2142, 2149, 2159, 2165, 2240, 4236, 4278, 4312, 4805, 4811, 4838, 4857, 4915, 4930, 4994, 4997, 5004, 5009, 5011, 5013, 5015, 5021, 5027, 5029, 5031, 5033, 5035, 5037, 5039, 5041, 5045, 5048, 5050, 5063, 5080, 5111, 5128, 5151, 5158, 5163, 5185, 5198, 5211, 5224, 5237, 5271, 5305, 5339, 5373, 5407, 5437, 5467, 5497, 5527, 5557, 5590, 5615, 5640, 5665, 5775, 5795, 5800, 5819, 5868, 5889, 5911, 5932, 5954, 6005, 6032, 6068, 6099, 6160, 6181, 6187, 6201, 6213, 6231, 6249, 6277, 6301, 6307, 6315, 6321, 6329, 6372, 6378, 6386, 6391, 6436, 6438, 6463, 6474, 6480, 6516, 6525, 6573, 6635, 6663, 6764, 6795, 6864, 6872, 6958, 6966, 7051, 7059, 7150, 7186, 7192, 7196, 7314, 7431, 7462, 7669, 7675, 7684, 8162, 8178, 8180, 8188, 8250, 8268, 8295]@{}
http://www.sci.hkbu.edu.hk/eng/about-us/dr-kennedy-wong-distinguished-visiting-professorship-scheme/eng/page/?page=prospective-students@[350, 367, 396, 601, 610, 988, 2090, 2142, 2149, 2159, 2165, 2240, 4236, 4278, 4312, 4805, 4811, 4838, 4857, 4915, 4930, 4994, 4997, 5004, 5009, 5011, 5013, 5015, 5021, 5027, 5029, 5031, 5033, 5035, 5037, 5039, 5041, 5045, 5048, 5050, 5063, 5080, 5111, 5128, 5151, 5158, 5163, 5185, 5198, 5211, 5224, 5237, 5271, 5305, 5339, 5373, 5407, 5437, 5467, 5497, 5527, 5557, 5590, 5615, 5640, 5665, 5775, 5795, 5800, 5819, 5868, 5889, 5911, 5932, 5954, 6005, 6032, 6068, 6099, 6160, 6181, 6187, 6201, 6213, 6231, 6249, 6277, 6301, 6307, 6315, 6321, 6329, 6372, 6378, 6386, 6391, 6436, 6438, 6463, 6474, 6480, 6516, 6525, 6573, 6635, 6663, 6764, 6795, 6864, 6872, 6958, 6966, 7051, 7059, 7150, 7186, 7192, 7196, 7314, 7431, 7462, 7669, 7675, 7684, 8162, 8178, 8180, 8188, 8250, 8268, 8295]@{}
http://www.sci.hkbu.edu.hk/eng/page/eng/about-us/vision-mission@[350, 367, 396, 601, 610, 988, 2090, 2142, 2149, 2159, 2165, 2240, 4236, 4278, 4312, 4805, 4811, 4838, 4857, 4915, 4930, 4994, 4997, 5004, 5009, 5011, 5013, 5015, 5021, 5027, 5029, 5031, 5033, 5035, 5037, 5039, 5041, 5045, 5048, 5050, 5063, 5080, 5111, 5128, 5151, 5158, 5163, 5185, 5198, 5211, 5224, 5237, 5271, 5305, 5339, 5373, 5407, 5437, 5467, 5497, 5527, 5557, 5590, 5615, 5640, 5665, 5775, 5795, 5800, 5819, 5868, 5889, 5911, 5932, 5954, 6005, 6032, 6068, 6099, 6160, 6181, 6187, 6201, 6213, 6231, 6249, 6277, 6301, 6307, 6315, 6321, 6329, 6372, 6378, 6386, 6391, 6436, 6438, 6463, 6474, 6480, 6516, 6525, 6573, 6635, 6663, 6764, 6795, 6864, 6872, 6958, 6966, 7051, 7059, 7150, 7186, 7192, 7196, 7314, 7431, 7462, 7669, 7675, 7684, 8162, 8178, 8180, 8188, 8250, 8268, 8295]@{}
http://www.sci.hkbu.edu.hk/eng/page/eng/about-us/faculty-advisory-committee@[350, 367, 396, 601, 610, 988, 2090, 2142, 2149, 2159, 2165, 2240, 4236, 4278, 4312, 4805, 4811, 4838, 4857, 4915, 4930, 4994, 4997, 5004, 5009, 5011, 5013, 5015, 5021, 5027, 5029, 5031, 5033, 5035, 5037, 5039, 5041, 5045, 5048, 5050, 5063, 5080, 5111, 5128, 5151, 5158, 5163, 5185, 5198, 5211, 5224, 5237, 5271, 5305, 5339, 5373, 5407, 5437, 5467, 5497, 5527, 5557, 5590, 5615, 5640, 5665, 5775, 5795, 5800, 5819, 5868, 5889, 5911, 5932, 5954, 6005, 6032, 6068, 6099, 6160, 6181, 6187, 6201, 6213, 6231, 6249, 6277, 6301, 6307, 6315, 6321, 6329, 6372, 6378, 6386, 6391, 6436, 6438, 6463, 6474, 6480, 6516, 6525, 6573, 6635, 6663, 6764, 6795, 6864, 6872, 6958, 6966, 7051, 7059, 7150, 7186, 7192, 7196, 7314, 7431, 7462, 7669, 7675, 7684, 8162, 8178, 8180, 8188, 8250, 8268, 8295]@{}
http://www.sci.hkbu.edu.hk/eng@[350, 367, 396, 601, 610, 988, 2090, 2142, 2149, 2159, 2165, 2240, 4236, 4278, 4312, 4805, 4811, 4838, 4857, 4915, 4930, 4994, 4997, 5004, 5009, 5011, 5013, 5015, 5021, 5027, 5029, 5031, 5033, 5035, 5037, 5039, 5041, 5045, 5048, 5050, 5063, 5080, 5111, 5128, 5151, 5158, 5163, 5185, 5198, 5211, 5224, 5237, 5271, 5305, 5339, 5373, 5407, 5437, 5467, 5497, 5527, 5557, 5590, 5615, 5640, 5665, 5775, 5795, 5800, 5819, 5868, 5889, 5911, 5932, 5954, 6005, 6032, 6068, 6099, 6160, 6181, 6187, 6201, 6213, 6231, 6249, 6277, 6301, 6307, 6315, 6321, 6329, 6372, 6378, 6386, 6391, 6436, 6438, 6463, 6474, 6480, 6516, 6525, 6573, 6635, 6663, 6764, 6795, 6864, 6872, 6958, 6966, 7051, 7059, 7150, 7186, 7192, 7196, 7314, 7431, 7462, 7669, 7675, 7684, 8162, 8178, 8180, 8188, 8250, 8268, 8295]@{}
http://www.sci.hkbu.edu.hk/eng/about-us/vision-mission@[350, 367, 396, 601, 610, 988, 2090, 2142, 2149, 2159, 2165, 2240, 3386, 3402, 3404, 3412, 3474, 3492, 3519]@{}
http://www.sci.hkbu.edu.hk/eng/about-us/faculty-advisory-committee@[350, 367, 396, 601, 610, 988, 2090, 2142, 2149, 2159, 2165, 2240, 4140, 4156, 4158, 4166, 4228, 4246, 4273]@{}
http://www.sci.hkbu.edu.hk/eng/about-us/vision-mission/eng/page/?page=prospective-students@[350, 367, 396, 601, 610, 988, 2090, 2142, 2149, 2159, 2165, 2240, 4236, 4278, 4312, 4805, 4811, 4838, 4857, 4915, 4930, 4994, 4997, 5004, 5009, 5011, 5013, 5015, 5021, 5027, 5029, 5031, 5033, 5035, 5037, 5039, 5041, 5045, 5048, 5050, 5063, 5080, 5111, 5128, 5151, 5158, 5163, 5185, 5198, 5211, 5224, 5237, 5271, 5305, 5339, 5373, 5407, 5437, 5467, 5497, 5527, 5557, 5590, 5615, 5640, 5665, 5775, 5795, 5800, 5819, 5868, 5889, 5911, 5932, 5954, 6005, 6032, 6068, 6099, 6160, 6181, 6187, 6201, 6213, 6231, 6249, 6277, 6301, 6307, 6315, 6321, 6329, 6372, 6378, 6386, 6391, 6436, 6438, 6463, 6474, 6480, 6516, 6525, 6573, 6635, 6663, 6764, 6795, 6864, 6872, 6958, 6966, 7051, 7059, 7150, 7186, 7192, 7196, 7314, 7431, 7462, 7669, 7675, 7684, 8162, 8178, 8180, 8188, 8250, 8268, 8295]@{}
http://www.sci.hkbu.edu.hk/eng/about-us/faculty-advisory-committee/eng/page/?page=prospective-students@[350, 367, 396, 601, 610, 988, 2090, 2142, 2149, 2159, 2165, 2240, 4236, 4278, 4312, 4805, 4811, 4838, 4857, 4915, 4930, 4994, 4997, 5004, 5009, 5011, 5013, 5015, 5021, 5027, 5029, 5031, 5033, 5035, 5037, 5039, 5041, 5045, 5048, 5050, 5063, 5080, 5111, 5128, 5151, 5158, 5163, 5185, 5198, 5211, 5224, 5237, 5271, 5305, 5339, 5373, 5407, 5437, 5467, 5497, 5527, 5557, 5590, 5615, 5640, 5665, 5775, 5795, 5800, 5819, 5868, 5889, 5911, 5932, 5954, 6005, 6032, 6068, 6099, 6160, 6181, 6187, 6201, 6213, 6231, 6249, 6277, 6301, 6307, 6315, 6321, 6329, 6372, 6378, 6386, 6391, 6436, 6438, 6463, 6474, 6480, 6516, 6525, 6573, 6635, 6663, 6764, 6795, 6864, 6872, 6958, 6966, 7051, 7059, 7150, 7186, 7192, 7196, 7314, 7431, 7462, 7669, 7675, 7684, 8162, 8178, 8180, 8188, 8250, 8268, 8295]@{}
http://www.sci.hkbu.edu.hk/eng/about-us/distinguished-professorship@[350, 367, 396, 601, 610, 988, 2090, 2142, 2149, 2159, 2165, 2240, 3031, 3047, 3049, 3057, 3119, 3137, 3164]@{}
