https://iss.hkbu.edu.hk/buam/buam2/change_pwd/index.seam@[113]@[113]
https://www.comp.hkbu.edu.hk/v1/?page=whats_new@[817, 1367, 2559, 3063, 4225]@[817, 1367, 2559, 3063, 4225]
https://aao.hkbu.edu.hk/en/contact/index.php@[254]@[254]
https://www.comp.hkbu.edu.hk/v1/?pid=32@[176]@[176]
https://www.comp.hkbu.edu.hk/v1/?page=news@[817, 1367, 2559, 3063, 4225]@[817, 1367, 2559, 3063, 4225]
https://www.comp.hkbu.edu.hk/v1/?page=events@[831, 888, 1076, 1446, 1546, 1667, 2030, 2715, 2723, 3897, 4404, 4521, 5400, 5717, 5866, 6404, 6610, 7016, 7022, 7029, 7229, 7569]@[831, 888, 1076, 1446, 1546, 1667, 2030, 2715, 2723, 3897, 4404, 4521, 5400, 5717, 5866, 6404, 6610, 7016, 7022, 7029, 7229, 7569]
https://www.comp.hkbu.edu.hk/v1/?page=career_wt@[136]@[136]
https://www.comp.hkbu.edu.hk/v1/?page=conferences@[176]@[176]
https://www.comp.hkbu.edu.hk/v1/?pid=77@[811]@[811]
https://www.comp.hkbu.edu.hk/v1/?file=355@[164, 271, 293, 299, 305, 314, 358, 406, 424, 583, 845, 938, 1010, 1084, 1129, 1199, 1540, 1654, 1712, 1875, 1951, 1968, 1969, 2100, 2118, 2125, 2209, 2288, 2746, 2831, 2956, 2961, 3126, 3261, 3358, 3372, 3455, 3498, 3547, 3600, 3655, 3716, 3760, 3802, 4031, 4180, 4222, 4399, 4454, 4509, 4535, 4541, 4634, 4672, 4686, 4755, 4926, 5107, 5132, 5203, 5319, 5325, 5426, 5872, 6451, 6504, 6509, 6706, 6793, 6824, 6876, 6915, 6925, 7015, 7025, 7081, 7141, 7150, 7184, 7212, 7252, 7271, 7411, 7421, 7443, 7511, 7638, 7930, 8116]@[]
https://www.comp.hkbu.edu.hk/v1/?file=1431@[1092, 1218, 1237, 1263, 1297, 1427, 1486, 1768, 1862, 1996, 2007, 2072, 2103, 2124, 2301, 3061, 3278, 3752, 3859, 3863, 3916, 3965, 4047, 4059, 4398, 4403, 4447, 4583, 4780, 4969, 4998, 5010, 5043, 5072, 5077, 5262, 5322]@[]
https://news.google.com/?tab=wn@[1033, 1421]@[1033, 1421]
https://accounts.google.com/SignUp?continue=https%3A%2F%2Fmyaccount.google.com%2Fgeneral-light@[11, 19]@[11, 19]
https://news.google.com/?tab=nn@[1580]@[1580]
https://play.google.com/store/apps/details?id=com.google.android.googlequicksearchbox@[158]@[158]
