http://www.comp.hkbu.edu.hk@[129]@[129]
https://www.comp.hkbu.edu.hk/v1/?page=sitemap@[484]@[484]
https://www.comp.hkbu.edu.hk/v1/?page=home@[129]@[129]
https://www.comp.hkbu.edu.hk/v1/?page=whats_new@[126, 201, 230, 346, 399, 448, 649, 679, 861, 933, 968, 1165, 1175, 1247, 1289, 1300, 1357, 1421, 1458, 1623, 1639, 1667, 1707, 1720, 1778, 1854, 1867, 1982, 1987, 2023, 2101, 2115, 2177, 2230, 2329, 2412, 2488, 2500, 2590, 2622, 2637, 2703, 2786, 2836, 2893, 3018, 3103, 3113, 3199, 3260, 3269, 3284, 3294, 3338, 3344, 3486, 3528, 3580, 3608, 3621, 3650, 3704, 3755, 3869, 3900, 3903, 3980, 4071, 4075, 4078, 4101, 4111, 4137, 4141, 4172]@[126, 201, 230, 346, 399, 448, 649, 679, 861, 933, 968, 1165, 1175, 1247, 1289, 1300, 1357, 1421, 1458, 1623, 1639, 1667, 1707, 1720, 1778, 1854, 1867, 1982, 1987, 2023, 2101, 2115, 2177, 2230, 2329, 2412, 2488, 2500, 2590, 2622, 2637, 2703, 2786, 2836, 2893, 3018, 3103, 3113, 3199, 3260, 3269, 3284, 3294, 3338, 3344, 3486, 3528, 3580, 3608, 3621, 3650, 3704, 3755, 3869, 3900, 3903, 3980, 4071, 4075, 4078, 4101, 4111, 4137, 4141, 4172]
https://www.comp.hkbu.edu.hk/v1/?page=current_stud_pg@[125]@[125]
https://www.comp.hkbu.edu.hk@[129]@[129]
https://www.comp.hkbu.edu.hk/v1/?page=news@[126, 201, 230, 346, 399, 448, 649, 679, 861, 933, 968, 1165, 1175, 1247, 1289, 1300, 1357, 1421, 1458, 1623, 1639, 1667, 1707, 1720, 1778, 1854, 1867, 1982, 1987, 2023, 2101, 2115, 2177, 2230, 2329, 2412, 2488, 2500, 2590, 2622, 2637, 2703, 2786, 2836, 2893, 3018, 3103, 3113, 3199, 3260, 3269, 3284, 3294, 3338, 3344, 3486, 3528, 3580, 3608, 3621, 3650, 3704, 3755, 3869, 3900, 3903, 3980, 4071, 4075, 4078, 4101, 4111, 4137, 4141, 4172]@[126, 201, 230, 346, 399, 448, 649, 679, 861, 933, 968, 1165, 1175, 1247, 1289, 1300, 1357, 1421, 1458, 1623, 1639, 1667, 1707, 1720, 1778, 1854, 1867, 1982, 1987, 2023, 2101, 2115, 2177, 2230, 2329, 2412, 2488, 2500, 2590, 2622, 2637, 2703, 2786, 2836, 2893, 3018, 3103, 3113, 3199, 3260, 3269, 3284, 3294, 3338, 3344, 3486, 3528, 3580, 3608, 3621, 3650, 3704, 3755, 3869, 3900, 3903, 3980, 4071, 4075, 4078, 4101, 4111, 4137, 4141, 4172]
https://www.comp.hkbu.edu.hk/v1/?page=events@[4990, 5936, 5987, 6486, 6506, 7025, 7502]@[4990, 5936, 5987, 6486, 6506, 7025, 7502]
https://www.comp.hkbu.edu.hk/v1/?page=dlecture@[472, 482, 500, 506, 523, 533, 896, 902, 1109, 1691, 1731, 2446, 2457, 2728, 2745, 2967, 3029, 3069, 3809, 3817]@[472, 482, 500, 506, 523, 533, 896, 902, 1109, 1691, 1731, 2446, 2457, 2728, 2745, 2967, 3029, 3069, 3809, 3817]
https://www.comp.hkbu.edu.hk/v1/?pid=77@[213, 218, 250, 260, 267, 293, 355, 361, 366, 408, 428, 491, 537, 551, 630, 638, 656, 659, 667, 691, 704, 728, 750, 764, 774, 828, 846, 858, 886, 942, 968, 975, 991, 1048, 1070, 1113]@[213, 218, 250, 260, 267, 293, 355, 361, 366, 408, 428, 491, 537, 551, 630, 638, 656, 659, 667, 691, 704, 728, 750, 764, 774, 828, 846, 858, 886, 942, 968, 975, 991, 1048, 1070, 1113]
