https://www.instagram.com/hkbu.comp@[4]@[]
https://www.comp.hkbu.edu.hk/v1/?page=intranet@[110]@[110]
https://www.comp.hkbu.edu.hk/v1/?page=sitemap@[569]@[569]
https://www.comp.hkbu.edu.hk/v1/?page=whats_new@[171, 287, 379, 524, 529, 572, 581, 603, 640, 695, 713, 738, 759, 776, 827, 859, 869, 886, 903, 939, 1054, 1067, 1143, 1170, 1206, 1283, 1436, 1463, 1491, 1540, 1566, 1779, 1814, 1846, 1861, 1971, 1996, 2082, 2095, 2196, 2358, 2372, 2394, 2548, 2615, 2623, 2641, 2655, 2710, 2847, 2851, 3129, 3362, 3598, 3829]@[171, 287, 379, 524, 529, 572, 581, 603, 640, 695, 713, 738, 759, 776, 827, 859, 869, 886, 903, 939, 1054, 1067, 1143, 1170, 1206, 1283, 1436, 1463, 1491, 1540, 1566, 1779, 1814, 1846, 1861, 1971, 1996, 2082, 2095, 2196, 2358, 2372, 2394, 2548, 2615, 2623, 2641, 2655, 2710, 2847, 2851, 3129, 3362, 3598, 3829]
https://www.comp.hkbu.edu.hk/v1/?page=faculty@[493]@[493]
https://www.comp.hkbu.edu.hk/v1/?page=admin@[349]@[349]
https://www.comp.hkbu.edu.hk/v1/?page=research_staff@[297]@[297]
https://www.comp.hkbu.edu.hk/v1/?page=pg_students@[376]@[376]
https://www.comp.hkbu.edu.hk/v1/?page=technical_reports@[145]@[145]
https://www.comp.hkbu.edu.hk/v1/?page=news@[171, 287, 379, 524, 529, 572, 581, 603, 640, 695, 713, 738, 759, 776, 827, 859, 869, 886, 903, 939, 1054, 1067, 1143, 1170, 1206, 1283, 1436, 1463, 1491, 1540, 1566, 1779, 1814, 1846, 1861, 1971, 1996, 2082, 2095, 2196, 2358, 2372, 2394, 2548, 2615, 2623, 2641, 2655, 2710, 2847, 2851, 3129, 3362, 3598, 3829]@[171, 287, 379, 524, 529, 572, 581, 603, 640, 695, 713, 738, 759, 776, 827, 859, 869, 886, 903, 939, 1054, 1067, 1143, 1170, 1206, 1283, 1436, 1463, 1491, 1540, 1566, 1779, 1814, 1846, 1861, 1971, 1996, 2082, 2095, 2196, 2358, 2372, 2394, 2548, 2615, 2623, 2641, 2655, 2710, 2847, 2851, 3129, 3362, 3598, 3829]
https://www.comp.hkbu.edu.hk/outreach@[1]@[]
