https://www.comp.hkbu.edu.hk/v1/?page=head@[369]@[369]
https://www.comp.hkbu.edu.hk/v1/?page=whats_new@[3514]@[3514]
https://www.comp.hkbu.edu.hk/v1/?page=news@[3514]@[3514]
https://www.comp.hkbu.edu.hk/v1/?page=events@[2865]@[2865]
https://www.comp.hkbu.edu.hk/v1/?page=dlecture@[338, 908, 1562, 2287, 4404]@[338, 908, 1562, 2287, 4404]
https://www.comp.hkbu.edu.hk/v1/?file=355@[210, 259, 324, 373, 380, 385, 422, 440, 497, 577, 581, 597, 658, 710, 835, 898, 909, 958, 1008, 1054, 1057, 1168, 1209, 1219, 1232, 1314, 1369, 1378, 1401, 1463, 1543, 1572, 1599, 1655, 1807, 1833, 1866, 1915, 2013, 2040, 2057, 2157, 2194, 2340, 2366, 2372, 2387, 2421, 2513, 2554, 2556, 2675, 2759, 2896, 2948, 2962, 2999, 3027, 3101, 3135, 3148, 3163, 3173, 3191, 3282, 3340, 3361, 3375, 3409, 3446, 3448, 3468, 3553, 3698, 3705, 3729, 3828, 3866, 4098, 4114, 4132, 4149, 4284, 4395, 4459, 4503, 4525, 4550, 4562, 4605, 4610, 4620, 4880, 5054, 5066, 5112, 5311, 5321, 5355, 5364, 5386, 5395, 5417, 5420, 5506, 5573, 5579, 5639, 5736, 5749, 5759, 5761, 5806, 5821, 5841, 5924, 5925, 5940, 5941, 5956, 5957, 5972, 5973, 5998, 5999, 6014, 6015, 6030, 6031, 6046, 6047, 6062, 6063, 6181, 6197, 6224, 6250, 6266, 6271, 6325, 6593, 6669, 6711, 6803, 6829, 6867, 6868, 6914, 6949, 7045, 7106, 7107, 7108, 7109, 7110, 7111, 7112, 7113, 7114, 7115, 7116, 7117, 7185, 7186, 7201, 7223, 7245, 7358, 7367, 7408, 7470, 7545, 7546, 7547, 7548, 7549, 7550, 7551, 7552, 7553, 7682, 7705, 7728, 7751, 7774, 7797, 7820, 7843, 7866, 7889, 7912, 9515, 9526]@[]
https://www.hkstp.org/en/about-us/event-and-activities/hong-kong-science-park-career-expo-2020-18-april-2020@[161]@[161]
https://www.comp.hkbu.edu.hk/v1/?file=1431@[1194, 1284, 1326, 1761, 1783, 1979, 1992, 2122, 2190, 2224, 2229, 2255, 2419, 2421, 2425, 2813, 2816, 2832, 2866, 2972, 3043, 3046, 3248, 3280, 3351, 3372, 3379, 3385, 3425, 3451, 3546, 3628, 3692, 3737, 3771, 3775, 3826, 3846, 3874, 3877, 3942, 3976, 4008, 4015, 4021, 4046, 4101, 4154, 4204, 4218, 4359, 4440, 4473, 4509, 4574, 4609, 4783, 4786, 4842, 4868, 4893, 5035, 5037, 5097, 5153, 5219, 5238, 5315, 5316, 5384, 6161, 6212, 6289, 6340, 6417, 6517, 6628, 6667, 6720, 6759, 6812, 6888, 10549, 10561]@[]
https://policies.google.com/terms@[3223]@[3223]
https://policies.google.com/privacy@[2239, 6101]@[2239, 6101]
https://www.hkstp.org/en@[157, 792]@[157, 792]
https://www.hkstp.org@[157, 792]@[157, 792]
https://www.hkstp.org/en/about-us/who-we-are@[163, 500, 646, 735, 835, 945]@[163, 500, 646, 735, 835, 945]
https://www.hkstp.org/about-us/who-we-are@[163, 500, 646, 735, 835, 945]@[163, 500, 646, 735, 835, 945]
https://news.google.com/?tab=wn@[1544]@[1544]
https://accounts.google.com/SignUp?continue=https%3A%2F%2Fmyaccount.google.com%2Fgeneral-light@[165]@[165]
https://www.hkstp.org/en/about-us/our-milestones@[162]@[162]
https://www.hkstp.org/en/about-us/our-footprint@[162, 488, 516, 614, 973, 995]@[162, 488, 516, 614, 973, 995]
https://www.hkstp.org/about-us/our-milestones@[162]@[162]
https://itunes.apple.com/app/google-search/id284815942?mt=8@[134]@[134]
https://play.google.com/store/apps/details?id=com.google.android.googlequicksearchbox@[261]@[261]
https://www.google.com.hk@[8]@[8]
