http://www.comp.hkbu.edu.hk@[120]@[120]
https://www.comp.hkbu.edu.hk/v1/?page=home@[120, 158, 173]@[120, 158, 173]
https://www.comp.hkbu.edu.hk/v1/?page=whats_new@[117, 193, 219, 335, 432, 671, 754, 1129, 1133, 1325, 1714, 3277, 3442, 4201]@[117, 193, 219, 335, 432, 671, 754, 1129, 1133, 1325, 1714, 3277, 3442, 4201]
https://www.comp.hkbu.edu.hk/v1/?page=faculty@[170, 271, 277, 304, 309, 314, 319, 324, 329, 334, 339, 347, 354, 359, 364, 369, 376, 391, 399, 405, 445, 452, 459, 466, 473]@[170, 271, 277, 304, 309, 314, 319, 324, 329, 334, 339, 347, 354, 359, 364, 369, 376, 391, 399, 405, 445, 452, 459, 466, 473]
https://www.comp.hkbu.edu.hk/v1/?page=research_staff@[117, 125, 135, 140, 145, 150, 155, 160, 165, 175]@[117, 125, 135, 140, 145, 150, 155, 160, 165, 175]
https://www.comp.hkbu.edu.hk/v1/?page=funded_projects@[226, 239, 260, 290, 312, 335, 376, 460, 484, 537, 603, 626, 648, 662, 698, 717, 764, 789, 809, 841, 895, 912, 928, 943, 958, 1015, 1035, 1069, 1098, 1112, 1147, 1201, 1215, 1251, 1279, 1340, 1370, 1385, 1461, 1510, 1544, 1559, 1651, 1700, 1740, 1763, 1815, 1841, 1936, 1953, 1966, 1998, 2086, 2100, 2118, 2160, 2188, 2216, 2230, 2244, 2263, 2277, 2309, 2346, 2360, 2408, 2422, 2441, 2465, 2480, 2529, 2562, 2605, 2620, 2649, 2668, 2684, 2734, 2759, 2802, 2817, 2835, 2852, 2882, 2898, 2912, 2951, 3015, 3030, 3045, 3059, 3094, 3108, 3178, 3221, 3238, 3280, 3294, 3310, 3358, 3378, 3437, 3490, 3542, 3561, 3580, 3618, 3722, 3743, 3775, 3811, 3833, 3838]@[226, 239, 260, 290, 312, 335, 376, 460, 484, 537, 603, 626, 648, 662, 698, 717, 764, 789, 809, 841, 895, 912, 928, 943, 958, 1015, 1035, 1069, 1098, 1112, 1147, 1201, 1215, 1251, 1279, 1340, 1370, 1385, 1461, 1510, 1544, 1559, 1651, 1700, 1740, 1763, 1815, 1841, 1936, 1953, 1966, 1998, 2086, 2100, 2118, 2160, 2188, 2216, 2230, 2244, 2263, 2277, 2309, 2346, 2360, 2408, 2422, 2441, 2465, 2480, 2529, 2562, 2605, 2620, 2649, 2668, 2684, 2734, 2759, 2802, 2817, 2835, 2852, 2882, 2898, 2912, 2951, 3015, 3030, 3045, 3059, 3094, 3108, 3178, 3221, 3238, 3280, 3294, 3310, 3358, 3378, 3437, 3490, 3542, 3561, 3580, 3618, 3722, 3743, 3775, 3811, 3833, 3838]
https://www.comp.hkbu.edu.hk/v1/?page=journal_editorship@[115, 142, 228, 319, 348]@[115, 142, 228, 319, 348]
https://www.comp.hkbu.edu.hk@[120, 164]@[120, 164]
https://www.comp.hkbu.edu.hk/v1/?page=news@[117, 193, 219, 335, 432, 671, 754, 1129, 1133, 1325, 1714, 3277, 3442, 4201]@[117, 193, 219, 335, 432, 671, 754, 1129, 1133, 1325, 1714, 3277, 3442, 4201]
https://www.comp.hkbu.edu.hk/v1/?page=events@[291]@[291]
https://www.comp.hkbu.edu.hk/v1/?page=highlights@[163, 245, 359, 438, 520, 590, 792, 846, 908, 972, 1039]@[163, 245, 359, 438, 520, 590, 792, 846, 908, 972, 1039]
https://www.comp.hkbu.edu.hk/v1/?page=seminars@[266, 400]@[266, 400]
https://www.comp.hkbu.edu.hk/v1/?page=dlecture@[903, 2302, 2381, 2734, 3251, 3348, 3359, 3363, 3378, 3704]@[903, 2302, 2381, 2734, 3251, 3348, 3359, 3363, 3378, 3704]
https://www.comp.hkbu.edu.hk/v1/?file=355@[2126, 6980, 7401]@[]
https://www.comp.hkbu.edu.hk/v1/?file=1431@[1471, 5068]@[]
https://www.comp.hkbu.edu.hk/v1/?pid=124@[210, 230, 316, 354]@[210, 230, 316, 354]
