http://www.comp.hkbu.edu.hk/v1/?page=sci@[6250, 6256, 6261, 6266, 6273, 6276, 6278, 6281, 6283, 6288, 6296, 6299, 6330, 6333, 6335, 6344, 6353, 6361, 6364, 6370, 6392, 6395, 6397, 6403, 6407, 6415, 6420, 6425, 6428, 6434, 6481, 6484, 6488, 6491, 6496, 6504, 6513, 6540, 6546, 6553, 6558, 6563, 6566, 6572, 6796, 6802, 6805, 6808, 6811, 6814, 6817, 6820, 6825, 6829, 6873, 6879, 6882, 6885, 6888, 6891, 6894, 6897, 6902, 6906, 6967, 6973, 6976, 6979, 6982, 6985, 6988, 6991, 6996, 7000, 7060, 7066, 7069, 7072, 7075, 7078, 7081, 7084, 7092, 7096, 7151, 7193, 7203, 7231, 7685, 7690, 7693, 7700, 7708, 7715, 7721, 7729, 7734, 7739, 7760, 7763, 7772]@{}
http://www.comp.hkbu.edu.hk/v1/?page=home@[6693]@{}
http://www.comp.hkbu.edu.hk/v1/?page=sitemap?=sc?=tc?=tc@[6296]@{}
http://www.comp.hkbu.edu.hk/v1/?page=home?=tc@[6786]@{}
http://www.comp.hkbu.edu.hk/v1/?page=job_vacancies?=sc?=tc?=tc?=tc@[6368]@{}
http://www.comp.hkbu.edu.hk/v1/?page=sitemap?=tc?=tc?=tc?=tc?=tc?=tc@[6710]@{}
http://www.comp.hkbu.edu.hk/v1/?page=home?=tc?=tc?=tc?=tc@[6784]@{}
http://www.comp.hkbu.edu.hk/v1/?page=sitemap?=tc?=tc?=tc?=tc?=tc?=tc?=tc?=tc?=tc@[6298]@{}
http://www.sci.hkbu.edu.hk/eng/about-us/distinguished-professorship/eng/page/?page=prospective-students@[6250, 6256, 6261, 6266, 6273, 6276, 6278, 6281, 6283, 6288, 6296, 6299, 6330, 6333, 6335, 6344, 6353, 6361, 6364, 6370, 6392, 6395, 6397, 6403, 6407, 6415, 6420, 6425, 6428, 6434, 6481, 6484, 6488, 6491, 6496, 6504, 6513, 6540, 6546, 6553, 6558, 6563, 6566, 6572, 6796, 6802, 6805, 6808, 6811, 6814, 6817, 6820, 6825, 6829, 6873, 6879, 6882, 6885, 6888, 6891, 6894, 6897, 6902, 6906, 6967, 6973, 6976, 6979, 6982, 6985, 6988, 6991, 6996, 7000, 7060, 7066, 7069, 7072, 7075, 7078, 7081, 7084, 7092, 7096, 7151, 7193, 7203, 7231, 7685, 7690, 7693, 7700, 7708, 7715, 7721, 7729, 7734, 7739, 7760, 7763, 7772]@{}
http://www.sci.hkbu.edu.hk/eng/about-us/honorary-doctorate/eng/page/?page=prospective-students@[6250, 6256, 6261, 6266, 6273, 6276, 6278, 6281, 6283, 6288, 6296, 6299, 6330, 6333, 6335, 6344, 6353, 6361, 6364, 6370, 6392, 6395, 6397, 6403, 6407, 6415, 6420, 6425, 6428, 6434, 6481, 6484, 6488, 6491, 6496, 6504, 6513, 6540, 6546, 6553, 6558, 6563, 6566, 6572, 6796, 6802, 6805, 6808, 6811, 6814, 6817, 6820, 6825, 6829, 6873, 6879, 6882, 6885, 6888, 6891, 6894, 6897, 6902, 6906, 6967, 6973, 6976, 6979, 6982, 6985, 6988, 6991, 6996, 7000, 7060, 7066, 7069, 7072, 7075, 7078, 7081, 7084, 7092, 7096, 7151, 7193, 7203, 7231, 7685, 7690, 7693, 7700, 7708, 7715, 7721, 7729, 7734, 7739, 7760, 7763, 7772]@{}
http://www.sci.hkbu.edu.hk/eng/about-us/distinguished-professor-of-science/eng/page/?page=prospective-students@[6250, 6256, 6261, 6266, 6273, 6276, 6278, 6281, 6283, 6288, 6296, 6299, 6330, 6333, 6335, 6344, 6353, 6361, 6364, 6370, 6392, 6395, 6397, 6403, 6407, 6415, 6420, 6425, 6428, 6434, 6481, 6484, 6488, 6491, 6496, 6504, 6513, 6540, 6546, 6553, 6558, 6563, 6566, 6572, 6796, 6802, 6805, 6808, 6811, 6814, 6817, 6820, 6825, 6829, 6873, 6879, 6882, 6885, 6888, 6891, 6894, 6897, 6902, 6906, 6967, 6973, 6976, 6979, 6982, 6985, 6988, 6991, 6996, 7000, 7060, 7066, 7069, 7072, 7075, 7078, 7081, 7084, 7092, 7096, 7151, 7193, 7203, 7231, 7685, 7690, 7693, 7700, 7708, 7715, 7721, 7729, 7734, 7739, 7760, 7763, 7772]@{}
http://www.sci.hkbu.edu.hk/eng/about-us/dr-kennedy-wong-distinguished-visiting-professorship-scheme/eng/page/?page=prospective-students@[6250, 6256, 6261, 6266, 6273, 6276, 6278, 6281, 6283, 6288, 6296, 6299, 6330, 6333, 6335, 6344, 6353, 6361, 6364, 6370, 6392, 6395, 6397, 6403, 6407, 6415, 6420, 6425, 6428, 6434, 6481, 6484, 6488, 6491, 6496, 6504, 6513, 6540, 6546, 6553, 6558, 6563, 6566, 6572, 6796, 6802, 6805, 6808, 6811, 6814, 6817, 6820, 6825, 6829, 6873, 6879, 6882, 6885, 6888, 6891, 6894, 6897, 6902, 6906, 6967, 6973, 6976, 6979, 6982, 6985, 6988, 6991, 6996, 7000, 7060, 7066, 7069, 7072, 7075, 7078, 7081, 7084, 7092, 7096, 7151, 7193, 7203, 7231, 7685, 7690, 7693, 7700, 7708, 7715, 7721, 7729, 7734, 7739, 7760, 7763, 7772]@{}
http://www.sci.hkbu.edu.hk/eng/page/eng/about-us/vision-mission@[6250, 6256, 6261, 6266, 6273, 6276, 6278, 6281, 6283, 6288, 6296, 6299, 6330, 6333, 6335, 6344, 6353, 6361, 6364, 6370, 6392, 6395, 6397, 6403, 6407, 6415, 6420, 6425, 6428, 6434, 6481, 6484, 6488, 6491, 6496, 6504, 6513, 6540, 6546, 6553, 6558, 6563, 6566, 6572, 6796, 6802, 6805, 6808, 6811, 6814, 6817, 6820, 6825, 6829, 6873, 6879, 6882, 6885, 6888, 6891, 6894, 6897, 6902, 6906, 6967, 6973, 6976, 6979, 6982, 6985, 6988, 6991, 6996, 7000, 7060, 7066, 7069, 7072, 7075, 7078, 7081, 7084, 7092, 7096, 7151, 7193, 7203, 7231, 7685, 7690, 7693, 7700, 7708, 7715, 7721, 7729, 7734, 7739, 7760, 7763, 7772]@{}
http://www.sci.hkbu.edu.hk/eng/page/eng/about-us/faculty-advisory-committee@[6250, 6256, 6261, 6266, 6273, 6276, 6278, 6281, 6283, 6288, 6296, 6299, 6330, 6333, 6335, 6344, 6353, 6361, 6364, 6370, 6392, 6395, 6397, 6403, 6407, 6415, 6420, 6425, 6428, 6434, 6481, 6484, 6488, 6491, 6496, 6504, 6513, 6540, 6546, 6553, 6558, 6563, 6566, 6572, 6796, 6802, 6805, 6808, 6811, 6814, 6817, 6820, 6825, 6829, 6873, 6879, 6882, 6885, 6888, 6891, 6894, 6897, 6902, 6906, 6967, 6973, 6976, 6979, 6982, 6985, 6988, 6991, 6996, 7000, 7060, 7066, 7069, 7072, 7075, 7078, 7081, 7084, 7092, 7096, 7151, 7193, 7203, 7231, 7685, 7690, 7693, 7700, 7708, 7715, 7721, 7729, 7734, 7739, 7760, 7763, 7772]@{}
http://www.sci.hkbu.edu.hk/eng@[6250, 6256, 6261, 6266, 6273, 6276, 6278, 6281, 6283, 6288, 6296, 6299, 6330, 6333, 6335, 6344, 6353, 6361, 6364, 6370, 6392, 6395, 6397, 6403, 6407, 6415, 6420, 6425, 6428, 6434, 6481, 6484, 6488, 6491, 6496, 6504, 6513, 6540, 6546, 6553, 6558, 6563, 6566, 6572, 6796, 6802, 6805, 6808, 6811, 6814, 6817, 6820, 6825, 6829, 6873, 6879, 6882, 6885, 6888, 6891, 6894, 6897, 6902, 6906, 6967, 6973, 6976, 6979, 6982, 6985, 6988, 6991, 6996, 7000, 7060, 7066, 7069, 7072, 7075, 7078, 7081, 7084, 7092, 7096, 7151, 7193, 7203, 7231, 7685, 7690, 7693, 7700, 7708, 7715, 7721, 7729, 7734, 7739, 7760, 7763, 7772]@{}
http://www.sci.hkbu.edu.hk/eng/about-us/vision-mission/eng/page/?page=prospective-students@[6250, 6256, 6261, 6266, 6273, 6276, 6278, 6281, 6283, 6288, 6296, 6299, 6330, 6333, 6335, 6344, 6353, 6361, 6364, 6370, 6392, 6395, 6397, 6403, 6407, 6415, 6420, 6425, 6428, 6434, 6481, 6484, 6488, 6491, 6496, 6504, 6513, 6540, 6546, 6553, 6558, 6563, 6566, 6572, 6796, 6802, 6805, 6808, 6811, 6814, 6817, 6820, 6825, 6829, 6873, 6879, 6882, 6885, 6888, 6891, 6894, 6897, 6902, 6906, 6967, 6973, 6976, 6979, 6982, 6985, 6988, 6991, 6996, 7000, 7060, 7066, 7069, 7072, 7075, 7078, 7081, 7084, 7092, 7096, 7151, 7193, 7203, 7231, 7685, 7690, 7693, 7700, 7708, 7715, 7721, 7729, 7734, 7739, 7760, 7763, 7772]@{}
http://www.sci.hkbu.edu.hk/eng/about-us/faculty-advisory-committee/eng/page/?page=prospective-students@[6250, 6256, 6261, 6266, 6273, 6276, 6278, 6281, 6283, 6288, 6296, 6299, 6330, 6333, 6335, 6344, 6353, 6361, 6364, 6370, 6392, 6395, 6397, 6403, 6407, 6415, 6420, 6425, 6428, 6434, 6481, 6484, 6488, 6491, 6496, 6504, 6513, 6540, 6546, 6553, 6558, 6563, 6566, 6572, 6796, 6802, 6805, 6808, 6811, 6814, 6817, 6820, 6825, 6829, 6873, 6879, 6882, 6885, 6888, 6891, 6894, 6897, 6902, 6906, 6967, 6973, 6976, 6979, 6982, 6985, 6988, 6991, 6996, 7000, 7060, 7066, 7069, 7072, 7075, 7078, 7081, 7084, 7092, 7096, 7151, 7193, 7203, 7231, 7685, 7690, 7693, 7700, 7708, 7715, 7721, 7729, 7734, 7739, 7760, 7763, 7772]@{}
