http://www.comp.hkbu.edu.hk@[205, 252, 278, 286, 336, 380, 390, 409, 456, 468, 476, 486, 494, 505, 513, 521, 564, 569, 582, 599, 617, 2156, 2174, 2191, 4829, 4857, 5555, 6591, 6871]@{}
http://www.comp.hkbu.edu.hk/v1/?page=sci@[28, 394, 855, 1295, 1299, 2500, 3345, 3419, 3635, 3708, 3788, 4451, 4460, 4466, 4475, 4492, 4627, 4634, 4662, 5102, 6102, 7471, 8018, 8109]@{}
http://www.comp.hkbu.edu.hk/v1/?page=job_vacancies?=tc@[205, 252, 278, 286, 336, 380, 390, 409, 456, 468, 476, 486, 494, 505, 513, 521, 564, 569, 582, 599, 617, 2156, 2174, 2191, 4684, 4686, 4825, 4853, 5551, 6570, 6696, 6847]@{}
http://www.comp.hkbu.edu.hk/v1/?page=job_vacancies?=sc@[205, 252, 278, 286, 336, 380, 390, 409, 456, 468, 476, 486, 494, 505, 513, 521, 564, 569, 582, 599, 617, 2156, 2174, 2191, 4825, 4853, 5551, 6361, 6364, 6581, 6856]@{}
http://www.comp.hkbu.edu.hk/v1/?page=sitemap?=tc@[205, 252, 278, 286, 336, 380, 390, 409, 456, 468, 476, 486, 494, 505, 513, 521, 564, 569, 582, 599, 617, 2156, 2174, 2191, 4821, 4849, 5547, 6285, 6573, 6859]@{}
http://www.comp.hkbu.edu.hk/v1/?page=sitemap?=sc@[205, 252, 278, 286, 336, 380, 390, 409, 456, 468, 476, 486, 494, 505, 513, 521, 564, 569, 582, 599, 617, 2156, 2174, 2191, 4820, 4848, 5546, 6215, 6580, 6715, 6874]@{}
http://www.comp.hkbu.edu.hk/v1/?lang=sc@[205, 252, 278, 286, 336, 380, 390, 409, 456, 468, 476, 486, 494, 505, 513, 521, 564, 569, 582, 599, 617, 2156, 2174, 2191, 4816, 4844, 5542, 6572, 6840]@{}
http://www.comp.hkbu.edu.hk/~alumni/news/../news/@[7, 572, 781, 852, 882, 951, 964, 1214, 1249, 1422, 1453, 1551, 1581, 1585, 1689, 1721, 1822, 1879, 2065, 2103, 2207, 2239, 2335, 2363, 2367, 2666, 2707, 2754, 2766, 2777, 3018, 3090, 3218, 3262, 3441, 3500, 3543, 3885, 3991, 4002, 4014, 4020, 4112, 4335, 4346, 4427, 4643, 4876, 4955, 4999, 5003]@{}
http://www.comp.hkbu.edu.hk/~alumni/news/../scholarship/@[7, 572, 833, 837]@{}
http://www.comp.hkbu.edu.hk/~alumni/news/../donation/@[7, 572, 1321, 1325]@{}
http://www.comp.hkbu.edu.hk/v1/?page=job_vacancies?=tc?=tc@[205, 252, 278, 286, 336, 380, 390, 409, 456, 468, 476, 486, 494, 505, 513, 521, 564, 569, 582, 599, 617, 2156, 2174, 2191, 4822, 4850, 5548, 6208, 6579, 6861]@{}
http://www.comp.hkbu.edu.hk/v1/?page=job_vacancies?=sc?=tc@[205, 252, 278, 286, 336, 380, 390, 409, 456, 468, 476, 486, 494, 505, 513, 521, 564, 569, 582, 599, 617, 2156, 2174, 2191, 4832, 4860, 5558, 6295, 6598, 6726, 6890]@{}
http://www.comp.hkbu.edu.hk/v1/?page=sitemap?=tc?=tc@[205, 252, 278, 286, 336, 380, 390, 409, 456, 468, 476, 486, 494, 505, 513, 521, 564, 569, 582, 599, 617, 2156, 2174, 2191, 4822, 4850, 5548, 6208, 6575, 6761, 6852]@{}
http://www.comp.hkbu.edu.hk/v1/?page=sitemap?=sc?=tc@[205, 252, 278, 286, 336, 380, 390, 409, 456, 468, 476, 486, 494, 505, 513, 521, 564, 569, 582, 599, 617, 2156, 2174, 2191, 4836, 4864, 5562, 6376, 6592, 6879]@{}
http://www.comp.hkbu.edu.hk/v1/?page=home@[205, 252, 278, 286, 336, 380, 390, 409, 456, 468, 476, 486, 494, 505, 513, 521, 564, 569, 582, 599, 617, 2156, 2174, 2191, 4814, 4842, 5540, 6275, 6568, 6844]@{}
http://www.comp.hkbu.edu.hk/~alumni/news/../news/../news/@[7, 572, 781, 852, 882, 951, 964, 1214, 1249, 1422, 1453, 1551, 1581, 1585, 1689, 1721, 1822, 1879, 2065, 2103, 2207, 2239, 2335, 2363, 2367, 2666, 2707, 2754, 2766, 2777, 3018, 3090, 3218, 3262, 3441, 3500, 3543, 3885, 3991, 4002, 4014, 4020, 4112, 4335, 4346, 4427, 4643, 4876, 4955, 4999, 5003]@{}
http://www.comp.hkbu.edu.hk/~alumni/news/../scholarship/../news/@[7, 572, 781, 852, 882, 951, 964, 1214, 1249, 1422, 1453, 1551, 1581, 1585, 1689, 1721, 1822, 1879, 2065, 2103, 2207, 2239, 2335, 2363, 2367, 2666, 2707, 2754, 2766, 2777, 3018, 3090, 3218, 3262, 3441, 3500, 3543, 3885, 3991, 4002, 4014, 4020, 4112, 4335, 4346, 4427, 4643, 4876, 4955, 4999, 5003]@{}
http://www.comp.hkbu.edu.hk/~alumni/news/../donation/../news/@[7, 572, 781, 852, 882, 951, 964, 1214, 1249, 1422, 1453, 1551, 1581, 1585, 1689, 1721, 1822, 1879, 2065, 2103, 2207, 2239, 2335, 2363, 2367, 2666, 2707, 2754, 2766, 2777, 3018, 3090, 3218, 3262, 3441, 3500, 3543, 3885, 3991, 4002, 4014, 4020, 4112, 4335, 4346, 4427, 4643, 4876, 4955, 4999, 5003]@{}
http://www.comp.hkbu.edu.hk/v1/?page=job_vacancies?=tc?=tc?=tc@[205, 252, 278, 286, 336, 380, 390, 409, 456, 468, 476, 486, 494, 505, 513, 521, 564, 569, 582, 599, 617, 2156, 2174, 2191, 4836, 4864, 5562, 6298, 6301, 6595, 6799, 6887]@{}
http://www.comp.hkbu.edu.hk/v1/?page=job_vacancies?=sc?=tc?=tc@[205, 252, 278, 286, 336, 380, 390, 409, 456, 468, 476, 486, 494, 505, 513, 521, 564, 569, 582, 599, 617, 2156, 2174, 2191, 4820, 4848, 5546, 6206, 6360, 6580, 6768, 6856]@{}
http://www.comp.hkbu.edu.hk/v1/?page=sitemap?=tc?=tc?=tc@[205, 252, 278, 286, 336, 380, 390, 409, 456, 468, 476, 486, 494, 505, 513, 521, 564, 569, 582, 599, 617, 2156, 2174, 2191, 4826, 4854, 5552, 6214, 6587, 6798, 6884]@{}
http://www.comp.hkbu.edu.hk/v1/?page=sitemap?=sc?=tc?=tc@[205, 252, 278, 286, 336, 380, 390, 409, 456, 468, 476, 486, 494, 505, 513, 521, 564, 569, 582, 599, 617, 2156, 2174, 2191, 4829, 4857, 5555, 6588, 6723, 6887]@{}
http://www.comp.hkbu.edu.hk/v1/?page=home?=tc@[205, 252, 278, 286, 336, 380, 390, 409, 456, 468, 476, 486, 494, 505, 513, 521, 564, 569, 582, 599, 617, 2156, 2174, 2191, 4824, 4852, 5550, 6209, 6584, 6712, 6872]@{}
http://www.comp.hkbu.edu.hk/~alumni/news/../news/../news/../news/@[7, 572, 781, 852, 882, 951, 964, 1214, 1249, 1422, 1453, 1551, 1581, 1585, 1689, 1721, 1822, 1879, 2065, 2103, 2207, 2239, 2335, 2363, 2367, 2666, 2707, 2754, 2766, 2777, 3018, 3090, 3218, 3262, 3441, 3500, 3543, 3885, 3991, 4002, 4014, 4020, 4112, 4335, 4346, 4427, 4643, 4876, 4955, 4999, 5003]@{}
http://www.comp.hkbu.edu.hk/~alumni/news/../scholarship/../news/../news/@[7, 572, 781, 852, 882, 951, 964, 1214, 1249, 1422, 1453, 1551, 1581, 1585, 1689, 1721, 1822, 1879, 2065, 2103, 2207, 2239, 2335, 2363, 2367, 2666, 2707, 2754, 2766, 2777, 3018, 3090, 3218, 3262, 3441, 3500, 3543, 3885, 3991, 4002, 4014, 4020, 4112, 4335, 4346, 4427, 4643, 4876, 4955, 4999, 5003]@{}
http://www.comp.hkbu.edu.hk/~alumni/news/../donation/../news/../news/@[7, 572, 781, 852, 882, 951, 964, 1214, 1249, 1422, 1453, 1551, 1581, 1585, 1689, 1721, 1822, 1879, 2065, 2103, 2207, 2239, 2335, 2363, 2367, 2666, 2707, 2754, 2766, 2777, 3018, 3090, 3218, 3262, 3441, 3500, 3543, 3885, 3991, 4002, 4014, 4020, 4112, 4335, 4346, 4427, 4643, 4876, 4955, 4999, 5003]@{}
http://www.comp.hkbu.edu.hk/v1/?page=job_vacancies?=tc?=tc?=tc?=tc@[205, 252, 278, 286, 336, 380, 390, 409, 456, 468, 476, 486, 494, 505, 513, 521, 564, 569, 582, 599, 617, 2156, 2174, 2191, 4837, 4865, 5563, 6592, 6867]@{}
http://www.comp.hkbu.edu.hk/v1/?page=job_vacancies?=sc?=tc?=tc?=tc@[205, 252, 278, 286, 336, 380, 390, 409, 456, 468, 476, 486, 494, 505, 513, 521, 564, 569, 582, 599, 617, 2156, 2174, 2191, 4838, 4866, 5564, 6585, 6855]@{}
http://www.comp.hkbu.edu.hk/v1/?page=sitemap?=tc?=tc?=tc?=tc@[205, 252, 278, 286, 336, 380, 390, 409, 456, 468, 476, 486, 494, 505, 513, 521, 564, 569, 582, 599, 617, 2156, 2174, 2191, 4826, 4854, 5552, 6211, 6214, 6586, 6782, 6873]@{}
http://www.comp.hkbu.edu.hk/v1/?page=sitemap?=sc?=tc?=tc?=tc@[205, 252, 278, 286, 336, 380, 390, 409, 456, 468, 476, 486, 494, 505, 513, 521, 564, 569, 582, 599, 617, 2156, 2174, 2191, 4837, 4865, 5563, 6222, 6225, 6302, 6597, 6881]@{}
http://www.comp.hkbu.edu.hk/v1/?page=home?=tc?=tc@[205, 252, 278, 286, 336, 380, 390, 409, 456, 468, 476, 486, 494, 505, 513, 521, 564, 569, 582, 599, 617, 2156, 2174, 2191, 4826, 4854, 5552, 6296, 6590, 6855]@{}
http://www.comp.hkbu.edu.hk/~alumni/news/../news/../news/../news/../news/@[7, 572, 781, 852, 882, 951, 964, 1214, 1249, 1422, 1453, 1551, 1581, 1585, 1689, 1721, 1822, 1879, 2065, 2103, 2207, 2239, 2335, 2363, 2367, 2666, 2707, 2754, 2766, 2777, 3018, 3090, 3218, 3262, 3441, 3500, 3543, 3885, 3991, 4002, 4014, 4020, 4112, 4335, 4346, 4427, 4643, 4876, 4955, 4999, 5003]@{}
http://www.comp.hkbu.edu.hk/v1/?page=alumni@[7]@{}
http://www.comp.hkbu.edu.hk/~alumni/news/../scholarship/../news/../news/../news/@[7, 572, 781, 852, 882, 951, 964, 1214, 1249, 1422, 1453, 1551, 1581, 1585, 1689, 1721, 1822, 1879, 2065, 2103, 2207, 2239, 2335, 2363, 2367, 2666, 2707, 2754, 2766, 2777, 3018, 3090, 3218, 3262, 3441, 3500, 3543, 3885, 3991, 4002, 4014, 4020, 4112, 4335, 4346, 4427, 4643, 4876, 4955, 4999, 5003]@{}
http://www.comp.hkbu.edu.hk/~alumni/news/../donation/../news/../news/../news/@[7, 572, 781, 852, 882, 951, 964, 1214, 1249, 1422, 1453, 1551, 1581, 1585, 1689, 1721, 1822, 1879, 2065, 2103, 2207, 2239, 2335, 2363, 2367, 2666, 2707, 2754, 2766, 2777, 3018, 3090, 3218, 3262, 3441, 3500, 3543, 3885, 3991, 4002, 4014, 4020, 4112, 4335, 4346, 4427, 4643, 4876, 4955, 4999, 5003]@{}
http://www.comp.hkbu.edu.hk/v1/?page=job_vacancies?=tc?=tc?=tc?=tc?=tc@[205, 252, 278, 286, 336, 380, 390, 409, 456, 468, 476, 486, 494, 505, 513, 521, 564, 569, 582, 599, 617, 2156, 2174, 2191, 4840, 4868, 5566, 6594, 6862]@{}
http://www.comp.hkbu.edu.hk/v1/?page=job_vacancies?=sc?=tc?=tc?=tc?=tc@[205, 252, 278, 286, 336, 380, 390, 409, 456, 468, 476, 486, 494, 505, 513, 521, 564, 569, 582, 599, 617, 2156, 2174, 2191, 4825, 4853, 5551, 6210, 6213, 6292, 6590, 6864]@{}
http://www.comp.hkbu.edu.hk/v1/?page=sitemap?=tc?=tc?=tc?=tc?=tc@[205, 252, 278, 286, 336, 380, 390, 409, 456, 468, 476, 486, 494, 505, 513, 521, 564, 569, 582, 599, 617, 2156, 2174, 2191, 4692, 4694, 4833, 4861, 5559, 6294, 6590, 6716, 6884]@{}
http://www.comp.hkbu.edu.hk/v1/?page=sitemap?=sc?=tc?=tc?=tc?=tc@[205, 252, 278, 286, 336, 380, 390, 409, 456, 468, 476, 486, 494, 505, 513, 521, 564, 569, 582, 599, 617, 2156, 2174, 2191, 4839, 4867, 5565, 6227, 6382, 6598, 6783, 6869]@{}
http://www.comp.hkbu.edu.hk/v1/?page=home?=tc?=tc?=tc@[205, 252, 278, 286, 336, 380, 390, 409, 456, 468, 476, 486, 494, 505, 513, 521, 564, 569, 582, 599, 617, 2156, 2174, 2191, 4824, 4852, 5550, 6212, 6376, 6588, 6783, 6869]@{}
http://www.comp.hkbu.edu.hk/~alumni/news/../news/../news/../news/../news/../news/@[7, 572, 781, 852, 882, 951, 964, 1214, 1249, 1422, 1453, 1551, 1581, 1585, 1689, 1721, 1822, 1879, 2065, 2103, 2207, 2239, 2335, 2363, 2367, 2666, 2707, 2754, 2766, 2777, 3018, 3090, 3218, 3262, 3441, 3500, 3543, 3885, 3991, 4002, 4014, 4020, 4112, 4335, 4346, 4427, 4643, 4876, 4955, 4999, 5003]@{}
http://www.comp.hkbu.edu.hk/~alumni/news/../scholarship/../news/../news/../news/../news/@[7, 572, 781, 852, 882, 951, 964, 1214, 1249, 1422, 1453, 1551, 1581, 1585, 1689, 1721, 1822, 1879, 2065, 2103, 2207, 2239, 2335, 2363, 2367, 2666, 2707, 2754, 2766, 2777, 3018, 3090, 3218, 3262, 3441, 3500, 3543, 3885, 3991, 4002, 4014, 4020, 4112, 4335, 4346, 4427, 4643, 4876, 4955, 4999, 5003]@{}
http://www.comp.hkbu.edu.hk/~alumni/news/../donation/../news/../news/../news/../news/@[7, 572, 781, 852, 882, 951, 964, 1214, 1249, 1422, 1453, 1551, 1581, 1585, 1689, 1721, 1822, 1879, 2065, 2103, 2207, 2239, 2335, 2363, 2367, 2666, 2707, 2754, 2766, 2777, 3018, 3090, 3218, 3262, 3441, 3500, 3543, 3885, 3991, 4002, 4014, 4020, 4112, 4335, 4346, 4427, 4643, 4876, 4955, 4999, 5003]@{}
http://www.comp.hkbu.edu.hk/v1/?page=job_vacancies@[128, 147, 165, 1704, 1722, 1739, 4382]@{}
http://www.comp.hkbu.edu.hk/v1/?page=job_vacancies?=tc?=tc?=tc?=tc?=tc?=tc@[205, 252, 278, 286, 336, 380, 390, 409, 456, 468, 476, 486, 494, 505, 513, 521, 564, 569, 582, 599, 617, 2156, 2174, 2191, 4828, 4856, 5554, 6216, 6371, 6588, 6773, 6859]@{}
http://www.comp.hkbu.edu.hk/v1/?page=job_vacancies?=sc?=tc?=tc?=tc?=tc?=tc@[205, 252, 278, 286, 336, 380, 390, 409, 456, 468, 476, 486, 494, 505, 513, 521, 564, 569, 582, 599, 617, 2156, 2174, 2191, 4827, 4855, 5553, 6213, 6302, 6596, 6800, 6886]@{}
http://www.comp.hkbu.edu.hk/v1/?page=sitemap?=tc?=tc?=tc?=tc?=tc?=tc@[205, 252, 278, 286, 336, 380, 390, 409, 456, 468, 476, 486, 494, 505, 513, 521, 564, 569, 582, 599, 617, 2156, 2174, 2191, 4831, 4859, 5557, 6585, 6783, 6876]@{}
http://www.comp.hkbu.edu.hk/v1/?page=sitemap?=sc?=tc?=tc?=tc?=tc?=tc@[205, 252, 278, 286, 336, 380, 390, 409, 456, 468, 476, 486, 494, 505, 513, 521, 564, 569, 582, 599, 617, 2156, 2174, 2191, 4708, 4710, 4849, 4877, 5575, 6604, 6798, 6886]@{}
http://www.comp.hkbu.edu.hk/v1/?page=home?=tc?=tc?=tc?=tc@[205, 252, 278, 286, 336, 380, 390, 409, 456, 468, 476, 486, 494, 505, 513, 521, 564, 569, 582, 599, 617, 2156, 2174, 2191, 4830, 4858, 5556, 6215, 6218, 6369, 6586, 6870]@{}
http://www.comp.hkbu.edu.hk/~alumni/news/../news/../news/../news/../news/../news/../news/@[7, 572, 781, 852, 882, 951, 964, 1214, 1249, 1422, 1453, 1551, 1581, 1585, 1689, 1721, 1822, 1879, 2065, 2103, 2207, 2239, 2335, 2363, 2367, 2666, 2707, 2754, 2766, 2777, 3018, 3090, 3218, 3262, 3441, 3500, 3543, 3885, 3991, 4002, 4014, 4020, 4112, 4335, 4346, 4427, 4643, 4876, 4955, 4999, 5003]@{}
http://www.comp.hkbu.edu.hk/~alumni/news/../scholarship/../news/../news/../news/../news/../news/@[7, 572, 781, 852, 882, 951, 964, 1214, 1249, 1422, 1453, 1551, 1581, 1585, 1689, 1721, 1822, 1879, 2065, 2103, 2207, 2239, 2335, 2363, 2367, 2666, 2707, 2754, 2766, 2777, 3018, 3090, 3218, 3262, 3441, 3500, 3543, 3885, 3991, 4002, 4014, 4020, 4112, 4335, 4346, 4427, 4643, 4876, 4955, 4999, 5003]@{}
http://www.comp.hkbu.edu.hk/~alumni/news/../donation/../news/../news/../news/../news/../news/@[7, 572, 781, 852, 882, 951, 964, 1214, 1249, 1422, 1453, 1551, 1581, 1585, 1689, 1721, 1822, 1879, 2065, 2103, 2207, 2239, 2335, 2363, 2367, 2666, 2707, 2754, 2766, 2777, 3018, 3090, 3218, 3262, 3441, 3500, 3543, 3885, 3991, 4002, 4014, 4020, 4112, 4335, 4346, 4427, 4643, 4876, 4955, 4999, 5003]@{}
http://www.comp.hkbu.edu.hk/v1/?page=job_vacancies?=tc?=tc?=tc?=tc?=tc?=tc?=tc@[205, 252, 278, 286, 336, 380, 390, 409, 456, 468, 476, 486, 494, 505, 513, 521, 564, 569, 582, 599, 617, 2156, 2174, 2191, 4832, 4860, 5558, 6218, 6584, 6858]@{}
http://www.comp.hkbu.edu.hk/v1/?page=job_vacancies?=sc?=tc?=tc?=tc?=tc?=tc?=tc@[205, 252, 278, 286, 336, 380, 390, 409, 456, 468, 476, 486, 494, 505, 513, 521, 564, 569, 582, 599, 617, 2156, 2174, 2191, 4829, 4857, 5555, 6584, 6719, 6878]@{}
http://www.comp.hkbu.edu.hk/v1/?page=sitemap?=tc?=tc?=tc?=tc?=tc?=tc?=tc@[205, 252, 278, 286, 336, 380, 390, 409, 456, 468, 476, 486, 494, 505, 513, 521, 564, 569, 582, 599, 617, 2156, 2174, 2191, 4831, 4859, 5557, 6581, 6767, 6858]@{}
http://www.comp.hkbu.edu.hk/v1/?page=sitemap?=sc?=tc?=tc?=tc?=tc?=tc?=tc@[205, 252, 278, 286, 336, 380, 390, 409, 456, 468, 476, 486, 494, 505, 513, 521, 564, 569, 582, 599, 617, 2156, 2174, 2191, 4833, 4861, 5559, 6293, 6596, 6879]@{}
http://www.comp.hkbu.edu.hk/v1/?page=home?=tc?=tc?=tc?=tc?=tc@[205, 252, 278, 286, 336, 380, 390, 409, 456, 468, 476, 486, 494, 505, 513, 521, 564, 569, 582, 599, 617, 2156, 2174, 2191, 4692, 4694, 4833, 4861, 5559, 6218, 6221, 6590, 6725, 6883]@{}
http://www.comp.hkbu.edu.hk/~alumni/news/../news/../news/../news/../news/../news/../news/../news/@[7, 572, 781, 852, 882, 951, 964, 1214, 1249, 1422, 1453, 1551, 1581, 1585, 1689, 1721, 1822, 1879, 2065, 2103, 2207, 2239, 2335, 2363, 2367, 2666, 2707, 2754, 2766, 2777, 3018, 3090, 3218, 3262, 3441, 3500, 3543, 3885, 3991, 4002, 4014, 4020, 4112, 4335, 4346, 4427, 4643, 4876, 4955, 4999, 5003]@{}
http://www.comp.hkbu.edu.hk/~alumni/news/../scholarship/../news/../news/../news/../news/../news/../news/@[7, 572, 781, 852, 882, 951, 964, 1214, 1249, 1422, 1453, 1551, 1581, 1585, 1689, 1721, 1822, 1879, 2065, 2103, 2207, 2239, 2335, 2363, 2367, 2666, 2707, 2754, 2766, 2777, 3018, 3090, 3218, 3262, 3441, 3500, 3543, 3885, 3991, 4002, 4014, 4020, 4112, 4335, 4346, 4427, 4643, 4876, 4955, 4999, 5003]@{}
http://www.comp.hkbu.edu.hk/~alumni/news/../donation/../news/../news/../news/../news/../news/../news/@[7, 572, 781, 852, 882, 951, 964, 1214, 1249, 1422, 1453, 1551, 1581, 1585, 1689, 1721, 1822, 1879, 2065, 2103, 2207, 2239, 2335, 2363, 2367, 2666, 2707, 2754, 2766, 2777, 3018, 3090, 3218, 3262, 3441, 3500, 3543, 3885, 3991, 4002, 4014, 4020, 4112, 4335, 4346, 4427, 4643, 4876, 4955, 4999, 5003]@{}
http://www.comp.hkbu.edu.hk/v1/?page=job_vacancies?=tc?=tc?=tc?=tc?=tc?=tc?=tc?=tc@[205, 252, 278, 286, 336, 380, 390, 409, 456, 468, 476, 486, 494, 505, 513, 521, 564, 569, 582, 599, 617, 2156, 2174, 2191, 4848, 4876, 5574, 6233, 6236, 6315, 6604, 6730, 6810, 6901]@{}
http://www.comp.hkbu.edu.hk/v1/?page=job_vacancies?=sc?=tc?=tc?=tc?=tc?=tc?=tc?=tc@[205, 252, 278, 286, 336, 380, 390, 409, 456, 468, 476, 486, 494, 505, 513, 521, 564, 569, 582, 599, 617, 2156, 2174, 2191, 4832, 4860, 5558, 6218, 6380, 6383, 6600, 6880]@{}
http://www.comp.hkbu.edu.hk/v1/?page=sitemap?=tc?=tc?=tc?=tc?=tc?=tc?=tc?=tc@[205, 252, 278, 286, 336, 380, 390, 409, 456, 468, 476, 486, 494, 505, 513, 521, 564, 569, 582, 599, 617, 2156, 2174, 2191, 4835, 4863, 5561, 6369, 6585, 6711, 6871]@{}
http://www.comp.hkbu.edu.hk/v1/?page=sitemap?=sc?=tc?=tc?=tc?=tc?=tc?=tc?=tc@[205, 252, 278, 286, 336, 380, 390, 409, 456, 468, 476, 486, 494, 505, 513, 521, 564, 569, 582, 599, 617, 2156, 2174, 2191, 4849, 4877, 5575, 6392, 6611, 6879]@{}
http://www.comp.hkbu.edu.hk/v1/?page=sitemap@[127, 145, 163, 1702, 1720, 1737, 4863, 4879, 5742]@{}
http://www.comp.hkbu.edu.hk/v1/?page=home?=tc?=tc?=tc?=tc?=tc?=tc@[205, 252, 278, 286, 336, 380, 390, 409, 456, 468, 476, 486, 494, 505, 513, 521, 564, 569, 582, 599, 617, 2156, 2174, 2191, 4834, 4862, 5560, 6377, 6597, 6879]@{}
http://www.comp.hkbu.edu.hk/~alumni/news/../news/../news/../news/../news/../news/../news/../news/../news/@[7, 572, 781, 852, 882, 951, 964, 1214, 1249, 1422, 1453, 1551, 1581, 1585, 1689, 1721, 1822, 1879, 2065, 2103, 2207, 2239, 2335, 2363, 2367, 2666, 2707, 2754, 2766, 2777, 3018, 3090, 3218, 3262, 3441, 3500, 3543, 3885, 3991, 4002, 4014, 4020, 4112, 4335, 4346, 4427, 4643, 4876, 4955, 4999, 5003]@{}
http://www.comp.hkbu.edu.hk/~alumni/news/../scholarship/../news/../news/../news/../news/../news/../news/../news/@[7, 572, 781, 852, 882, 951, 964, 1214, 1249, 1422, 1453, 1551, 1581, 1585, 1689, 1721, 1822, 1879, 2065, 2103, 2207, 2239, 2335, 2363, 2367, 2666, 2707, 2754, 2766, 2777, 3018, 3090, 3218, 3262, 3441, 3500, 3543, 3885, 3991, 4002, 4014, 4020, 4112, 4335, 4346, 4427, 4643, 4876, 4955, 4999, 5003]@{}
http://www.comp.hkbu.edu.hk/~alumni/news/../donation/../news/../news/../news/../news/../news/../news/../news/@[7, 572, 781, 852, 882, 951, 964, 1214, 1249, 1422, 1453, 1551, 1581, 1585, 1689, 1721, 1822, 1879, 2065, 2103, 2207, 2239, 2335, 2363, 2367, 2666, 2707, 2754, 2766, 2777, 3018, 3090, 3218, 3262, 3441, 3500, 3543, 3885, 3991, 4002, 4014, 4020, 4112, 4335, 4346, 4427, 4643, 4876, 4955, 4999, 5003]@{}
http://www.comp.hkbu.edu.hk/v1/?page=job_vacancies?=tc?=tc?=tc?=tc?=tc?=tc?=tc?=tc?=tc@[205, 252, 278, 286, 336, 380, 390, 409, 456, 468, 476, 486, 494, 505, 513, 521, 564, 569, 582, 599, 617, 2156, 2174, 2191, 4848, 4876, 5574, 6386, 6603, 6875]@{}
http://www.comp.hkbu.edu.hk/v1/?page=job_vacancies?=sc?=tc?=tc?=tc?=tc?=tc?=tc?=tc?=tc@[205, 252, 278, 286, 336, 380, 390, 409, 456, 468, 476, 486, 494, 505, 513, 521, 564, 569, 582, 599, 617, 2156, 2174, 2191, 4847, 4875, 5573, 6309, 6607, 6887]@{}
http://www.comp.hkbu.edu.hk/v1/?page=sitemap?=tc?=tc?=tc?=tc?=tc?=tc?=tc?=tc?=tc@[205, 252, 278, 286, 336, 380, 390, 409, 456, 468, 476, 486, 494, 505, 513, 521, 564, 569, 582, 599, 617, 2156, 2174, 2191, 4832, 4860, 5558, 6218, 6585, 6855]@{}
http://www.comp.hkbu.edu.hk/v1/?page=sitemap?=sc?=tc?=tc?=tc?=tc?=tc?=tc?=tc?=tc@[205, 252, 278, 286, 336, 380, 390, 409, 456, 468, 476, 486, 494, 505, 513, 521, 564, 569, 582, 599, 617, 2156, 2174, 2191, 4850, 4878, 5576, 6609, 6881]@{}
http://www.comp.hkbu.edu.hk/v1/?lang=tc@[205, 252, 278, 286, 336, 380, 390, 409, 456, 468, 476, 486, 494, 505, 513, 521, 564, 569, 582, 599, 617, 2156, 2174, 2191, 4691, 4693, 4832, 4860, 5558, 6218, 6298, 6597, 6883]@{}
http://www.comp.hkbu.edu.hk/~alumni/news/@[7, 572, 781, 852, 882, 951, 964, 1214, 1249, 1422, 1453, 1551, 1581, 1585, 1689, 1721, 1822, 1879, 2065, 2103, 2207, 2239, 2335, 2363, 2367, 2666, 2707, 2754, 2766, 2777, 3018, 3090, 3218, 3262, 3441, 3500, 3543, 3885, 3991, 4002, 4014, 4020, 4112, 4335, 4346, 4427, 4643, 4876, 4955, 4999, 5003]@{}
http://www.sci.hkbu.edu.hk/eng/page/?page=prospective-students@[28, 394, 855, 1295, 1299, 2461, 2951, 3022, 3064, 3563, 3654]@{}
http://www.sci.hkbu.edu.hk/eng/page/?page=current-students@[28, 394, 855, 1295, 1299, 2556, 2578, 3219, 3310]@{}
http://www.sci.hkbu.edu.hk/eng/page/@[28, 394, 855, 1295, 1299, 2422, 2455, 2499, 3322, 3413]@{}
http://www.sci.hkbu.edu.hk/eng/about-us/honorary-doctorate@[28, 394, 855, 1295, 1299, 2458, 2462, 2628, 3853, 3944]@{}
http://www.sci.hkbu.edu.hk/eng/about-us/distinguished-professorship/eng/page/?page=prospective-students@[28, 394, 855, 1295, 1299, 2500, 3345, 3419, 3635, 3708, 3788, 4451, 4460, 4466, 4475, 4492, 4627, 4634, 4662, 5102, 6102, 7471, 8018, 8109]@{}
http://www.sci.hkbu.edu.hk/eng/about-us/honorary-doctorate/eng/page/?page=prospective-students@[28, 394, 855, 1295, 1299, 2500, 3345, 3419, 3635, 3708, 3788, 4451, 4460, 4466, 4475, 4492, 4627, 4634, 4662, 5102, 6102, 7471, 8018, 8109]@{}
http://www.sci.hkbu.edu.hk/eng/about-us/distinguished-professor-of-science@[28, 394, 855, 1295, 1299, 2458, 2462, 2592, 2619, 2637, 2643, 2651, 2683, 2686, 2695, 2794, 2882, 2891, 2976, 2980, 3054, 3057, 3144, 3147, 3224, 3227, 3235, 3322, 3398, 3401, 3669, 3760]@{}
http://www.sci.hkbu.edu.hk/eng/about-us/dr-kennedy-wong-distinguished-visiting-professorship-scheme@[28, 394, 855, 1295, 1299, 2458, 2462, 2833, 2836, 2944, 3053, 3338, 3429]@{}
http://www.sci.hkbu.edu.hk/eng/about-us/distinguished-professor-of-science/eng/page/?page=prospective-students@[28, 394, 855, 1295, 1299, 2500, 3345, 3419, 3635, 3708, 3788, 4451, 4460, 4466, 4475, 4492, 4627, 4634, 4662, 5102, 6102, 7471, 8018, 8109]@{}
http://www.sci.hkbu.edu.hk/eng/about-us/dr-kennedy-wong-distinguished-visiting-professorship-scheme/eng/page/?page=prospective-students@[28, 394, 855, 1295, 1299, 2500, 3345, 3419, 3635, 3708, 3788, 4451, 4460, 4466, 4475, 4492, 4627, 4634, 4662, 5102, 6102, 7471, 8018, 8109]@{}
http://www.sci.hkbu.edu.hk/eng/page/eng/about-us/vision-mission@[28, 394, 855, 1295, 1299, 2500, 3345, 3419, 3635, 3708, 3788, 4451, 4460, 4466, 4475, 4492, 4627, 4634, 4662, 5102, 6102, 7471, 8018, 8109]@{}
http://www.sci.hkbu.edu.hk/eng/page/eng/about-us/faculty-advisory-committee@[28, 394, 855, 1295, 1299, 2500, 3345, 3419, 3635, 3708, 3788, 4451, 4460, 4466, 4475, 4492, 4627, 4634, 4662, 5102, 6102, 7471, 8018, 8109]@{}
http://www.sci.hkbu.edu.hk/eng@[28, 394, 855, 1295, 1299, 2500, 3345, 3419, 3635, 3708, 3788, 4451, 4460, 4466, 4475, 4492, 4627, 4634, 4662, 5102, 6102, 7471, 8018, 8109]@{}
http://www.sci.hkbu.edu.hk/eng/about-us/vision-mission@[28, 394, 855, 1295, 1299, 2458, 2462, 2721, 2973, 3242, 3333]@{}
http://www.sci.hkbu.edu.hk/eng/about-us/faculty-advisory-committee@[28, 394, 855, 1295, 1299, 2458, 2462, 2634, 2695, 2722, 2745, 2753, 2761, 2847, 2856, 2943, 3085, 3172, 3243, 3446, 3484, 3529, 3564, 3607, 3642, 3684, 3721, 3996, 4087]@{}
http://www.sci.hkbu.edu.hk/eng/about-us/vision-mission/eng/page/?page=prospective-students@[28, 394, 855, 1295, 1299, 2500, 3345, 3419, 3635, 3708, 3788, 4451, 4460, 4466, 4475, 4492, 4627, 4634, 4662, 5102, 6102, 7471, 8018, 8109]@{}
http://www.sci.hkbu.edu.hk/eng/about-us/faculty-advisory-committee/eng/page/?page=prospective-students@[28, 394, 855, 1295, 1299, 2500, 3345, 3419, 3635, 3708, 3788, 4451, 4460, 4466, 4475, 4492, 4627, 4634, 4662, 5102, 6102, 7471, 8018, 8109]@{}
http://www.sci.hkbu.edu.hk/eng/about-us/distinguished-professorship@[28, 394, 855, 1295, 1299, 2458, 2462, 2887, 2978]@{}
