http://www.comp.hkbu.edu.hk@[166, 196, 210]@[166, 196, 210]
https://www.comp.hkbu.edu.hk/v1/?page=library@[223, 600, 1174]@[223, 600, 1174]
https://www.comp.hkbu.edu.hk/v1/?page=sitemap@[374, 390, 406, 419]@[374, 390, 406, 419]
https://www.comp.hkbu.edu.hk/v1/?page=home@[192, 206]@[192, 206]
https://iss.hkbu.edu.hk/buam/buam2/reset_pwd/verify_acct.seam@[45]@[45]
https://iss.hkbu.edu.hk/buam/buam2/change_pwd/index.seam@[91]@[91]
https://library.hkbu.edu.hk/happenings/news/service-arrangements-7-sep-2020@[229, 447, 497, 716, 974, 1121, 1132]@[229, 447, 497, 716, 974, 1121, 1132]
https://www.comp.hkbu.edu.hk/v1/?page=head@[186, 215]@[186, 215]
https://iss.hkbu.edu.hk/buam/buam2/reset_pwd_alumni/verify_acct.seam@[82]@[82]
https://www.hkbu.edu.hk/eng/main/index.jsp@[129]@[129]
https://www.comp.hkbu.edu.hk/v1/?page=whats_new@[307, 323, 372, 607, 717, 742, 851, 1232, 1331, 1383, 1601, 1744, 1968, 2251, 2648, 3313, 3378, 3540, 3550, 3780, 4003]@[307, 323, 372, 607, 717, 742, 851, 1232, 1331, 1383, 1601, 1744, 1968, 2251, 2648, 3313, 3378, 3540, 3550, 3780, 4003]
https://www.comp.hkbu.edu.hk/v1/?page=video_introduction@[135]@[135]
https://aao.hkbu.edu.hk/en/contact/index.php@[72, 76]@[72, 76]
https://iss.hkbu.edu.hk/buam/buam2/activation/index.seam@[7]@[7]
https://www.comp.hkbu.edu.hk/v1/?page=research_areas@[150]@[150]
https://www.comp.hkbu.edu.hk/v1/?page=centres@[206, 317, 397]@[206, 317, 397]
https://www.hkbu.edu.hk/eng/about/privacy.jsp@[229, 789, 900, 1364, 1401, 2172]@[229, 789, 900, 1364, 1401, 2172]
https://www.comp.hkbu.edu.hk/v1/?page=funded_projects@[245, 338, 379, 386, 494, 548, 740, 792, 816, 1272, 1608, 1630, 1927, 1947, 2059, 2300, 2353, 2392, 2445, 2452, 2792, 2828, 2842, 3001, 3066, 3243, 3362, 3404, 3409, 3452, 3528, 3650, 3707, 3922]@[245, 338, 379, 386, 494, 548, 740, 792, 816, 1272, 1608, 1630, 1927, 1947, 2059, 2300, 2353, 2392, 2445, 2452, 2792, 2828, 2842, 3001, 3066, 3243, 3362, 3404, 3409, 3452, 3528, 3650, 3707, 3922]
https://www.comp.hkbu.edu.hk/v1/?page=journal_editorship@[122, 175, 184, 193, 208]@[122, 175, 184, 193, 208]
https://www.comp.hkbu.edu.hk/v1/?pid=32@[113, 133, 149, 167, 184, 205, 221, 241, 265, 282, 298, 314, 335, 354, 370, 406, 426, 441]@[113, 133, 149, 167, 184, 205, 221, 241, 265, 282, 298, 314, 335, 354, 370, 406, 426, 441]
https://www.comp.hkbu.edu.hk/v1/?page=current_stud_ug@[195, 211, 227, 240]@[195, 211, 227, 240]
https://www.hkbu.edu.hk/eng/visitors/visitors.jsp@[167, 184]@[167, 184]
https://www.comp.hkbu.edu.hk@[151, 165, 198, 212]@[151, 165, 198, 212]
https://www.comp.hkbu.edu.hk/v1/?page=facilities_research@[194]@[194]
https://www.hkbu.edu.hk/eng/media/media1.jsp@[147]@[147]
https://www.comp.hkbu.edu.hk/v1/?page=news@[307, 323, 372, 607, 717, 742, 851, 1232, 1331, 1383, 1601, 1744, 1968, 2251, 2648, 3313, 3378, 3540, 3550, 3780, 4003]@[307, 323, 372, 607, 717, 742, 851, 1232, 1331, 1383, 1601, 1744, 1968, 2251, 2648, 3313, 3378, 3540, 3550, 3780, 4003]
https://www.comp.hkbu.edu.hk/v1/?page=events@[147, 160, 205, 354, 399, 405, 438, 617, 737, 748, 800, 857, 895, 1032, 1064, 1078, 1107, 1291, 1345, 1388, 1464, 1494, 1645, 1724, 2050, 2075, 2290, 2324, 2333, 2371, 2622, 2751, 2805, 2902, 2972, 2998, 3080, 3273, 3346, 3435, 3594, 3689, 3761, 3777, 3824, 4046, 4131, 4156, 4224, 4240, 4293, 4363, 4406, 4474, 4641, 4647, 4761, 4807, 4836, 5227, 5261, 5325, 5345, 5368, 5375, 5565, 5614, 5647, 5650, 5794, 5910, 5918, 6055, 6099, 6283, 6428, 6557, 6953, 6973, 6985, 7454, 7799, 7814, 7828, 7855, 7876, 7898, 7915, 7953, 7965, 7977, 7992, 8049, 8067, 8084, 8144, 8239, 8257, 8280]@[147, 160, 205, 354, 399, 405, 438, 617, 737, 748, 800, 857, 895, 1032, 1064, 1078, 1107, 1291, 1345, 1388, 1464, 1494, 1645, 1724, 2050, 2075, 2290, 2324, 2333, 2371, 2622, 2751, 2805, 2902, 2972, 2998, 3080, 3273, 3346, 3435, 3594, 3689, 3761, 3777, 3824, 4046, 4131, 4156, 4224, 4240, 4293, 4363, 4406, 4474, 4641, 4647, 4761, 4807, 4836, 5227, 5261, 5325, 5345, 5368, 5375, 5565, 5614, 5647, 5650, 5794, 5910, 5918, 6055, 6099, 6283, 6428, 6557, 6953, 6973, 6985, 7454, 7799, 7814, 7828, 7855, 7876, 7898, 7915, 7953, 7965, 7977, 7992, 8049, 8067, 8084, 8144, 8239, 8257, 8280]
https://www.comp.hkbu.edu.hk/v1/?pid=14@[135]@[135]
https://www.comp.hkbu.edu.hk/v1/?page=highlights@[197, 229, 274, 353, 398, 416, 484, 679, 692, 838, 1000, 1495, 1676, 1734, 1834, 1881]@[197, 229, 274, 353, 398, 416, 484, 679, 692, 838, 1000, 1495, 1676, 1734, 1834, 1881]
https://foundation.hkbu.edu.hk/en/ways-to-give@[669, 733]@[669, 733]
https://pers.hkbu.edu.hk/job@[33, 69]@[69]
https://www.comp.hkbu.edu.hk/outreach@[35, 55, 85]@[35, 55, 85]
https://www.comp.hkbu.edu.hk/v1/?page=career_wt@[153, 221]@[153, 221]
https://foundation.hkbu.edu.hk/en@[661, 795]@[661, 795]
https://iss.hkbu.edu.hk/buam/buam2/registration/index.seam@[8]@[8]
https://www.comp.hkbu.edu.hk/v1/?pid=124@[364]@[364]
https://www.comp.hkbu.edu.hk/v1/?pid=125@[2, 115, 227]@[115, 227]
https://forms.gle/DjStXN8kEpUVwTW38@[16]@[]
https://ito.hkbu.edu.hk/index.php/services-2/account-password/#tab-3@[47, 157, 574, 641, 675, 682, 703]@[47, 157, 574, 641, 675, 682, 703]
https://policies.google.com/terms@[460, 1033, 1368, 1401, 1850, 1873, 1969, 2457, 3812, 3910]@[460, 1033, 1368, 1401, 1850, 1873, 1969, 2457, 3812, 3910]
https://policies.google.com/privacy@[338, 490, 676, 795, 931, 1102, 1118, 1131, 1243, 1491, 1501, 1512, 1567, 1978, 1988, 1997, 2003, 2250, 2290, 2293, 2325, 2526, 2529, 2587, 2728, 2761, 2798, 2841, 2869, 3079, 3619, 3865, 3991, 4197, 4408, 4452, 4812, 5028, 5274, 5290, 5309, 5391, 5452, 5581, 5706, 5787, 5834, 5929, 6054, 6203, 6214, 6430, 6637, 6645, 6686, 6795, 6887, 6974, 7002, 7207, 7252, 7340, 7430, 7466, 7473, 7559]@[338, 490, 676, 795, 931, 1102, 1118, 1131, 1243, 1491, 1501, 1512, 1567, 1978, 1988, 1997, 2003, 2250, 2290, 2293, 2325, 2526, 2529, 2587, 2728, 2761, 2798, 2841, 2869, 3079, 3619, 3865, 3991, 4197, 4408, 4452, 4812, 5028, 5274, 5290, 5309, 5391, 5452, 5581, 5706, 5787, 5834, 5929, 6054, 6203, 6214, 6430, 6637, 6645, 6686, 6795, 6887, 6974, 7002, 7207, 7252, 7340, 7430, 7466, 7473, 7559]
