http://www.comp.hkbu.edu.hk@[2456, 2557, 2588, 2618, 2669, 2774, 2982, 3831, 3848, 3901, 3949, 3990, 4031, 4069, 4107, 4132, 4168, 4267, 4297, 4301, 4342, 4346, 4384, 4388, 4427, 4431, 4471, 4475, 4520, 4592, 4626, 4633, 4884, 4963, 5025, 5628, 5828, 5886, 5904, 6071, 6173, 6178, 6255, 6260, 6332, 6337, 6455, 6503, 6562, 6679, 6684, 6749, 6754]@{}
http://www.comp.hkbu.edu.hk/v1/?page=sci@[867, 2406, 2415, 2424, 2433, 2442, 2868, 3152, 3302, 3374, 3936, 4121, 4151, 4182, 4211, 6703, 7941, 8026, 8041, 8056, 8070]@{}
http://www.comp.hkbu.edu.hk/v1/?page=job_vacancies?=tc@[2456, 2557, 2588, 2618, 2669, 2774, 2988, 3837, 3854, 3907, 3955, 3996, 4037, 4075, 4113, 4138, 4174, 4273, 4303, 4307, 4348, 4352, 4390, 4394, 4433, 4437, 4477, 4481, 4526, 4598, 4632, 4639, 4880, 4959, 5021, 5624, 5824, 5882, 5900, 6067, 6169, 6174, 6239, 6244, 6316, 6321, 6434, 6482, 6541, 6658, 6663, 6734, 6740]@{}
http://www.comp.hkbu.edu.hk/v1/?page=job_vacancies?=sc@[2456, 2557, 2588, 2618, 2669, 2774, 2988, 3837, 3854, 3907, 3955, 3996, 4037, 4075, 4113, 4138, 4174, 4273, 4303, 4307, 4348, 4352, 4390, 4394, 4433, 4437, 4477, 4481, 4526, 4598, 4632, 4639, 4664, 4671, 4880, 4959, 5021, 5624, 5824, 5882, 5900, 6067, 6169, 6174, 6246, 6251, 6320, 6325, 6445, 6493, 6552, 6669, 6674, 6743, 6749]@{}
http://www.comp.hkbu.edu.hk/v1/?page=sitemap?=tc@[2456, 2557, 2588, 2618, 2669, 2774, 2988, 3837, 3854, 3907, 3955, 3996, 4037, 4075, 4112, 4137, 4173, 4272, 4302, 4306, 4347, 4351, 4389, 4393, 4432, 4436, 4476, 4480, 4525, 4597, 4631, 4638, 4663, 4670, 4876, 4955, 5017, 5620, 5820, 5878, 5896, 6063, 6165, 6170, 6241, 6246, 6319, 6324, 6437, 6485, 6544, 6661, 6666, 6739, 6744]@{}
http://www.comp.hkbu.edu.hk/v1/?page=sitemap?=sc@[2456, 2557, 2588, 2618, 2669, 2774, 2988, 3837, 3854, 3907, 3955, 3996, 4037, 4075, 4112, 4137, 4173, 4272, 4302, 4306, 4347, 4351, 4389, 4393, 4432, 4436, 4476, 4480, 4525, 4597, 4631, 4638, 4659, 4666, 4875, 4954, 5016, 5619, 5819, 5877, 5895, 6062, 6164, 6169, 6245, 6250, 6321, 6326, 6444, 6492, 6551, 6668, 6673, 6750, 6755]@{}
http://www.comp.hkbu.edu.hk/v1/?lang=sc@[2456, 2557, 2588, 2618, 2669, 2774, 2982, 3831, 3848, 3901, 3949, 3990, 4031, 4069, 4107, 4132, 4168, 4267, 4297, 4301, 4342, 4346, 4384, 4388, 4427, 4431, 4471, 4475, 4520, 4592, 4626, 4633, 4871, 4950, 5012, 5615, 5815, 5873, 5891, 6058, 6160, 6165, 6235, 6240, 6317, 6322, 6436, 6484, 6543, 6658, 6664, 6720, 6725]@{}
http://www.comp.hkbu.edu.hk/~alumni/news/../scholarship/@[622, 643, 664, 688, 713, 736, 758]@{}
http://www.comp.hkbu.edu.hk/v1/?page=job_vacancies?=tc?=tc@[2456, 2557, 2588, 2618, 2669, 2774, 2990, 3839, 3856, 3909, 3957, 3998, 4039, 4077, 4114, 4139, 4175, 4274, 4304, 4308, 4349, 4353, 4391, 4395, 4434, 4438, 4478, 4482, 4527, 4599, 4633, 4640, 4877, 4956, 5018, 5621, 5821, 5879, 5897, 6064, 6166, 6171, 6247, 6252, 6322, 6327, 6443, 6491, 6550, 6667, 6672, 6732, 6737]@{}
http://www.comp.hkbu.edu.hk/v1/?page=job_vacancies?=sc?=tc@[2456, 2557, 2588, 2618, 2669, 2774, 2990, 3839, 3856, 3909, 3957, 3998, 4039, 4077, 4114, 4139, 4175, 4274, 4304, 4308, 4349, 4353, 4391, 4395, 4434, 4438, 4478, 4482, 4527, 4599, 4633, 4640, 4887, 4966, 5028, 5631, 5831, 5889, 5907, 6074, 6176, 6181, 6253, 6258, 6334, 6339, 6462, 6510, 6569, 6686, 6691, 6763, 6768]@{}
http://www.comp.hkbu.edu.hk/v1/?page=sitemap?=tc?=tc@[2456, 2557, 2588, 2618, 2669, 2774, 2990, 3839, 3856, 3909, 3957, 3998, 4039, 4077, 4114, 4139, 4175, 4274, 4304, 4308, 4349, 4353, 4391, 4395, 4434, 4438, 4478, 4482, 4527, 4599, 4633, 4640, 4877, 4956, 5018, 5621, 5821, 5879, 5897, 6064, 6166, 6171, 6246, 6251, 6318, 6323, 6439, 6487, 6546, 6661, 6667, 6723, 6728]@{}
http://www.comp.hkbu.edu.hk/v1/?page=sitemap?=sc?=tc@[2456, 2557, 2588, 2618, 2669, 2774, 2990, 3839, 3856, 3909, 3957, 3998, 4039, 4077, 4114, 4139, 4175, 4274, 4304, 4308, 4349, 4353, 4391, 4395, 4434, 4438, 4478, 4482, 4527, 4599, 4633, 4640, 4891, 4970, 5032, 5635, 5835, 5893, 5911, 6078, 6180, 6185, 6262, 6267, 6332, 6337, 6456, 6504, 6563, 6680, 6685, 6755, 6760]@{}
http://www.comp.hkbu.edu.hk/v1/?page=home@[2456, 2557, 2588, 2618, 2669, 2774, 2986, 3835, 3852, 3905, 3953, 3994, 4035, 4073, 4110, 4135, 4171, 4270, 4300, 4304, 4345, 4349, 4387, 4391, 4430, 4434, 4474, 4478, 4523, 4595, 4629, 4636, 4869, 4948, 5010, 5613, 5813, 5871, 5889, 6056, 6158, 6163, 6233, 6238, 6313, 6318, 6432, 6480, 6539, 6656, 6661, 6728, 6733]@{}
http://www.comp.hkbu.edu.hk/v1/?page=job_vacancies?=tc?=tc?=tc@[2456, 2557, 2588, 2618, 2669, 2774, 2992, 3841, 3858, 3911, 3959, 4000, 4041, 4079, 4117, 4142, 4178, 4277, 4307, 4311, 4352, 4356, 4394, 4398, 4437, 4441, 4481, 4485, 4530, 4602, 4636, 4643, 4678, 4685, 4891, 4970, 5032, 5635, 5835, 5893, 5911, 6078, 6180, 6185, 6257, 6262, 6336, 6341, 6459, 6507, 6566, 6683, 6688, 6759, 6764]@{}
http://www.comp.hkbu.edu.hk/v1/?page=job_vacancies?=sc?=tc?=tc@[2456, 2557, 2588, 2618, 2669, 2774, 2992, 3841, 3858, 3911, 3959, 4000, 4041, 4079, 4116, 4141, 4177, 4276, 4306, 4310, 4351, 4355, 4393, 4397, 4436, 4440, 4480, 4484, 4529, 4601, 4635, 4642, 4875, 4954, 5016, 5619, 5819, 5877, 5895, 6062, 6164, 6169, 6245, 6250, 6318, 6323, 6444, 6492, 6551, 6666, 6672, 6728, 6733]@{}
http://www.comp.hkbu.edu.hk/v1/?page=sitemap?=tc?=tc?=tc@[2456, 2557, 2588, 2618, 2669, 2774, 2992, 3841, 3858, 3911, 3959, 4000, 4041, 4079, 4117, 4142, 4178, 4277, 4307, 4311, 4352, 4356, 4394, 4398, 4437, 4441, 4481, 4485, 4530, 4602, 4636, 4643, 4881, 4960, 5022, 5625, 5825, 5883, 5901, 6068, 6170, 6175, 6251, 6256, 6333, 6338, 6451, 6499, 6558, 6675, 6680, 6751, 6756]@{}
http://www.comp.hkbu.edu.hk/v1/?page=sitemap?=sc?=tc?=tc@[2456, 2557, 2588, 2618, 2669, 2774, 2992, 3841, 3858, 3911, 3959, 4000, 4041, 4079, 4117, 4142, 4178, 4277, 4307, 4311, 4352, 4356, 4394, 4398, 4437, 4441, 4481, 4485, 4530, 4602, 4636, 4643, 4668, 4675, 4884, 4963, 5025, 5628, 5828, 5886, 5904, 6071, 6173, 6178, 6255, 6260, 6331, 6336, 6452, 6500, 6559, 6676, 6681, 6758, 6763]@{}
http://www.comp.hkbu.edu.hk/v1/?page=home?=tc@[2456, 2557, 2588, 2618, 2669, 2774, 2988, 3837, 3854, 3907, 3955, 3996, 4037, 4075, 4112, 4137, 4173, 4272, 4302, 4306, 4347, 4351, 4389, 4393, 4432, 4436, 4476, 4480, 4525, 4597, 4631, 4638, 4879, 4958, 5020, 5623, 5823, 5881, 5899, 6066, 6168, 6173, 6244, 6249, 6326, 6331, 6448, 6496, 6555, 6672, 6677, 6749, 6754]@{}
http://www.comp.hkbu.edu.hk/v1/?page=job_vacancies?=tc?=tc?=tc?=tc@[2456, 2557, 2588, 2618, 2669, 2774, 2994, 3843, 3860, 3913, 3961, 4002, 4043, 4081, 4119, 4144, 4180, 4279, 4309, 4313, 4354, 4358, 4396, 4400, 4439, 4443, 4483, 4487, 4532, 4604, 4638, 4645, 4892, 4971, 5033, 5636, 5836, 5894, 5912, 6079, 6181, 6186, 6260, 6265, 6337, 6342, 6456, 6504, 6563, 6680, 6685, 6746, 6751]@{}
http://www.comp.hkbu.edu.hk/v1/?page=job_vacancies?=sc?=tc?=tc?=tc@[2456, 2557, 2588, 2618, 2669, 2774, 2994, 3843, 3860, 3913, 3961, 4002, 4043, 4081, 4119, 4144, 4180, 4279, 4309, 4313, 4354, 4358, 4396, 4400, 4439, 4443, 4483, 4487, 4532, 4604, 4638, 4645, 4893, 4972, 5034, 5637, 5837, 5895, 5913, 6080, 6182, 6187, 6257, 6262, 6327, 6332, 6449, 6497, 6556, 6673, 6678, 6742, 6748]@{}
http://www.comp.hkbu.edu.hk/v1/?page=sitemap?=tc?=tc?=tc?=tc@[2456, 2557, 2588, 2618, 2669, 2774, 2994, 3843, 3860, 3913, 3961, 4002, 4043, 4081, 4118, 4143, 4179, 4278, 4308, 4312, 4353, 4357, 4395, 4399, 4438, 4442, 4482, 4486, 4531, 4603, 4637, 4644, 4881, 4960, 5022, 5625, 5825, 5883, 5901, 6068, 6170, 6175, 6249, 6254, 6325, 6330, 6450, 6498, 6557, 6674, 6679, 6744, 6749]@{}
http://www.comp.hkbu.edu.hk/v1/?page=sitemap?=sc?=tc?=tc?=tc@[2456, 2557, 2588, 2618, 2669, 2774, 2994, 3843, 3860, 3913, 3961, 4002, 4043, 4081, 4118, 4143, 4179, 4278, 4308, 4312, 4353, 4357, 4395, 4399, 4438, 4442, 4482, 4486, 4531, 4603, 4637, 4644, 4892, 4971, 5033, 5636, 5836, 5894, 5912, 6079, 6181, 6186, 6260, 6265, 6341, 6346, 6461, 6509, 6568, 6685, 6690, 6758, 6763]@{}
http://www.comp.hkbu.edu.hk/v1/?page=home?=tc?=tc@[2456, 2557, 2588, 2618, 2669, 2774, 2990, 3839, 3856, 3909, 3957, 3998, 4039, 4077, 4114, 4139, 4175, 4274, 4304, 4308, 4349, 4353, 4391, 4395, 4434, 4438, 4478, 4482, 4527, 4599, 4633, 4640, 4665, 4672, 4881, 4960, 5022, 5625, 5825, 5883, 5901, 6068, 6170, 6175, 6252, 6257, 6333, 6338, 6454, 6502, 6561, 6676, 6682, 6738, 6743]@{}
http://www.comp.hkbu.edu.hk/v1/?page=job_vacancies?=tc?=tc?=tc?=tc?=tc@[2456, 2557, 2588, 2618, 2669, 2774, 2996, 3845, 3862, 3915, 3963, 4004, 4045, 4083, 4121, 4146, 4182, 4281, 4311, 4315, 4356, 4360, 4398, 4402, 4441, 4445, 4485, 4489, 4534, 4606, 4640, 4647, 4895, 4974, 5036, 5639, 5839, 5897, 5915, 6082, 6184, 6189, 6261, 6266, 6337, 6342, 6458, 6506, 6565, 6682, 6687, 6749, 6755]@{}
http://www.comp.hkbu.edu.hk/v1/?page=job_vacancies?=sc?=tc?=tc?=tc?=tc@[2456, 2557, 2588, 2618, 2669, 2774, 2996, 3845, 3862, 3915, 3963, 4004, 4045, 4083, 4120, 4145, 4181, 4280, 4310, 4314, 4355, 4359, 4397, 4401, 4440, 4444, 4484, 4488, 4533, 4605, 4639, 4646, 4880, 4959, 5021, 5624, 5824, 5882, 5900, 6067, 6169, 6174, 6248, 6253, 6329, 6334, 6454, 6502, 6561, 6678, 6683, 6744, 6749]@{}
http://www.comp.hkbu.edu.hk/v1/?page=sitemap?=tc?=tc?=tc?=tc?=tc@[2456, 2557, 2588, 2618, 2669, 2774, 2996, 3845, 3862, 3915, 3963, 4004, 4045, 4083, 4121, 4146, 4182, 4281, 4311, 4315, 4356, 4360, 4398, 4402, 4441, 4445, 4485, 4489, 4534, 4606, 4640, 4647, 4888, 4967, 5029, 5632, 5832, 5890, 5908, 6075, 6177, 6182, 6250, 6255, 6331, 6336, 6454, 6502, 6561, 6678, 6683, 6758, 6763]@{}
http://www.comp.hkbu.edu.hk/v1/?page=sitemap?=sc?=tc?=tc?=tc?=tc@[2456, 2557, 2588, 2618, 2669, 2774, 2996, 3845, 3862, 3915, 3963, 4004, 4045, 4083, 4120, 4145, 4181, 4280, 4310, 4314, 4355, 4359, 4397, 4401, 4440, 4444, 4484, 4488, 4533, 4605, 4639, 4646, 4894, 4973, 5035, 5638, 5838, 5896, 5914, 6081, 6183, 6188, 6264, 6269, 6338, 6343, 6462, 6510, 6569, 6684, 6690, 6746, 6751]@{}
http://www.comp.hkbu.edu.hk/v1/?page=home?=tc?=tc?=tc@[2456, 2557, 2588, 2618, 2669, 2774, 2992, 3841, 3858, 3911, 3959, 4000, 4041, 4079, 4116, 4141, 4177, 4276, 4306, 4310, 4351, 4355, 4393, 4397, 4436, 4440, 4480, 4484, 4529, 4601, 4635, 4642, 4663, 4670, 4879, 4958, 5020, 5623, 5823, 5881, 5899, 6066, 6168, 6173, 6249, 6254, 6325, 6330, 6452, 6500, 6559, 6674, 6680, 6736, 6741]@{}
http://www.comp.hkbu.edu.hk/v1/?page=job_vacancies@[2004, 2105, 2136, 2166, 2217, 2322, 2534, 3383, 3400, 3453, 3501, 3542, 3583, 3621, 3659, 3684, 3720, 3819, 3849, 3853, 3894, 3898, 3936, 3940, 3979, 3983, 4023, 4027, 4072, 4112]@{}
http://www.comp.hkbu.edu.hk/v1/?page=job_vacancies?=tc?=tc?=tc?=tc?=tc?=tc@[2456, 2557, 2588, 2618, 2669, 2774, 2998, 3847, 3864, 3917, 3965, 4006, 4047, 4085, 4123, 4148, 4184, 4283, 4313, 4317, 4358, 4362, 4400, 4404, 4443, 4447, 4487, 4491, 4536, 4608, 4642, 4649, 4670, 4677, 4883, 4962, 5024, 5627, 5827, 5885, 5903, 6070, 6172, 6177, 6253, 6258, 6330, 6335, 6452, 6500, 6559, 6674, 6680, 6736, 6741]@{}
http://www.comp.hkbu.edu.hk/v1/?page=job_vacancies?=sc?=tc?=tc?=tc?=tc?=tc@[2456, 2557, 2588, 2618, 2669, 2774, 2998, 3847, 3864, 3917, 3965, 4006, 4047, 4085, 4122, 4147, 4183, 4282, 4312, 4316, 4357, 4361, 4399, 4403, 4442, 4446, 4486, 4490, 4535, 4607, 4641, 4648, 4669, 4676, 4882, 4961, 5023, 5626, 5826, 5884, 5902, 6069, 6171, 6176, 6251, 6256, 6332, 6337, 6460, 6508, 6567, 6684, 6689, 6753, 6758]@{}
http://www.comp.hkbu.edu.hk/v1/?page=sitemap?=tc?=tc?=tc?=tc?=tc?=tc@[2456, 2557, 2588, 2618, 2669, 2774, 2998, 3847, 3864, 3917, 3965, 4006, 4047, 4085, 4122, 4147, 4183, 4282, 4312, 4316, 4357, 4361, 4399, 4403, 4442, 4446, 4486, 4490, 4535, 4607, 4641, 4648, 4886, 4965, 5027, 5630, 5830, 5888, 5906, 6073, 6175, 6180, 6254, 6259, 6326, 6331, 6449, 6497, 6556, 6673, 6678, 6745, 6750]@{}
http://www.comp.hkbu.edu.hk/v1/?page=sitemap?=sc?=tc?=tc?=tc?=tc?=tc@[2456, 2557, 2588, 2618, 2669, 2774, 2998, 3847, 3864, 3917, 3965, 4006, 4047, 4085, 4123, 4148, 4184, 4283, 4313, 4317, 4358, 4362, 4400, 4404, 4443, 4447, 4487, 4491, 4536, 4608, 4642, 4649, 4904, 4983, 5045, 5648, 5848, 5906, 5924, 6091, 6193, 6198, 6275, 6280, 6345, 6350, 6468, 6516, 6575, 6692, 6697, 6758, 6763]@{}
http://www.comp.hkbu.edu.hk/v1/?page=home?=tc?=tc?=tc?=tc@[2456, 2557, 2588, 2618, 2669, 2774, 2994, 3843, 3860, 3913, 3961, 4002, 4043, 4081, 4119, 4144, 4180, 4279, 4309, 4313, 4354, 4358, 4396, 4400, 4439, 4443, 4483, 4487, 4532, 4604, 4638, 4645, 4885, 4964, 5026, 5629, 5829, 5887, 5905, 6072, 6174, 6179, 6253, 6258, 6328, 6333, 6450, 6498, 6557, 6674, 6679, 6747, 6752]@{}
http://www.comp.hkbu.edu.hk/v1/?page=job_vacancies?=tc?=tc?=tc?=tc?=tc?=tc?=tc@[2456, 2557, 2588, 2618, 2669, 2774, 3000, 3849, 3866, 3919, 3967, 4008, 4049, 4087, 4125, 4150, 4186, 4285, 4315, 4319, 4360, 4364, 4402, 4406, 4445, 4449, 4489, 4493, 4538, 4610, 4644, 4651, 4887, 4966, 5028, 5631, 5831, 5889, 5907, 6074, 6176, 6181, 6257, 6262, 6332, 6337, 6448, 6496, 6555, 6670, 6676, 6732, 6737]@{}
http://www.comp.hkbu.edu.hk/v1/?page=job_vacancies?=sc?=tc?=tc?=tc?=tc?=tc?=tc@[2456, 2557, 2588, 2618, 2669, 2774, 3000, 3849, 3866, 3919, 3967, 4008, 4049, 4087, 4125, 4150, 4186, 4285, 4315, 4319, 4360, 4364, 4402, 4406, 4445, 4449, 4489, 4493, 4538, 4610, 4644, 4651, 4884, 4963, 5025, 5628, 5828, 5886, 5904, 6071, 6173, 6178, 6252, 6257, 6325, 6330, 6448, 6496, 6555, 6672, 6677, 6754, 6759]@{}
http://www.comp.hkbu.edu.hk/v1/?page=sitemap?=tc?=tc?=tc?=tc?=tc?=tc?=tc@[2456, 2557, 2588, 2618, 2669, 2774, 3000, 3849, 3866, 3919, 3967, 4008, 4049, 4087, 4124, 4149, 4185, 4284, 4314, 4318, 4359, 4363, 4401, 4405, 4444, 4448, 4488, 4492, 4537, 4609, 4643, 4650, 4886, 4965, 5027, 5630, 5830, 5888, 5906, 6073, 6175, 6180, 6250, 6255, 6323, 6328, 6445, 6493, 6552, 6667, 6673, 6729, 6734]@{}
http://www.comp.hkbu.edu.hk/v1/?page=sitemap?=sc?=tc?=tc?=tc?=tc?=tc?=tc@[2456, 2557, 2588, 2618, 2669, 2774, 3000, 3849, 3866, 3919, 3967, 4008, 4049, 4087, 4124, 4149, 4185, 4284, 4314, 4318, 4359, 4363, 4401, 4405, 4444, 4448, 4488, 4492, 4537, 4609, 4643, 4650, 4675, 4682, 4888, 4967, 5029, 5632, 5832, 5890, 5908, 6075, 6177, 6182, 6251, 6256, 6332, 6337, 6460, 6508, 6567, 6684, 6689, 6759, 6764]@{}
http://www.comp.hkbu.edu.hk/v1/?page=home?=tc?=tc?=tc?=tc?=tc@[2456, 2557, 2588, 2618, 2669, 2774, 2996, 3845, 3862, 3915, 3963, 4004, 4045, 4083, 4121, 4146, 4182, 4281, 4311, 4315, 4356, 4360, 4398, 4402, 4441, 4445, 4485, 4489, 4534, 4606, 4640, 4647, 4888, 4967, 5029, 5632, 5832, 5890, 5908, 6075, 6177, 6182, 6256, 6261, 6332, 6337, 6454, 6502, 6561, 6678, 6683, 6760, 6765]@{}
http://www.comp.hkbu.edu.hk/v1/?page=job_vacancies?=tc?=tc?=tc?=tc?=tc?=tc?=tc?=tc@[2456, 2557, 2588, 2618, 2669, 2774, 3002, 3851, 3868, 3921, 3969, 4010, 4051, 4089, 4127, 4152, 4188, 4287, 4317, 4321, 4362, 4366, 4404, 4408, 4447, 4451, 4491, 4495, 4540, 4612, 4646, 4653, 4903, 4982, 5044, 5647, 5847, 5905, 5923, 6090, 6192, 6197, 6271, 6276, 6352, 6357, 6468, 6516, 6575, 6692, 6697, 6772, 6777]@{}
http://www.comp.hkbu.edu.hk/v1/?page=job_vacancies?=sc?=tc?=tc?=tc?=tc?=tc?=tc?=tc@[2456, 2557, 2588, 2618, 2669, 2774, 3002, 3851, 3868, 3921, 3969, 4010, 4051, 4089, 4127, 4152, 4188, 4287, 4317, 4321, 4362, 4366, 4404, 4408, 4447, 4451, 4491, 4495, 4540, 4612, 4646, 4653, 4674, 4681, 4887, 4966, 5028, 5631, 5831, 5889, 5907, 6074, 6176, 6181, 6257, 6262, 6339, 6344, 6464, 6512, 6571, 6688, 6693, 6754, 6759]@{}
http://www.comp.hkbu.edu.hk/v1/?page=sitemap?=tc?=tc?=tc?=tc?=tc?=tc?=tc?=tc@[2456, 2557, 2588, 2618, 2669, 2774, 3002, 3851, 3868, 3921, 3969, 4010, 4051, 4089, 4127, 4152, 4188, 4287, 4317, 4321, 4362, 4366, 4404, 4408, 4447, 4451, 4491, 4495, 4540, 4612, 4646, 4653, 4674, 4681, 4890, 4969, 5031, 5634, 5834, 5892, 5910, 6077, 6179, 6184, 6252, 6257, 6325, 6330, 6449, 6497, 6556, 6673, 6678, 6751, 6756]@{}
http://www.comp.hkbu.edu.hk/v1/?page=sitemap?=sc?=tc?=tc?=tc?=tc?=tc?=tc?=tc@[2456, 2557, 2588, 2618, 2669, 2774, 3002, 3851, 3868, 3921, 3969, 4010, 4051, 4089, 4127, 4152, 4188, 4287, 4317, 4321, 4362, 4366, 4404, 4408, 4447, 4451, 4491, 4495, 4540, 4612, 4646, 4653, 4904, 4983, 5045, 5648, 5848, 5906, 5924, 6091, 6193, 6198, 6275, 6280, 6348, 6353, 6475, 6523, 6582, 6697, 6703, 6759, 6764]@{}
http://www.comp.hkbu.edu.hk/v1/?page=sitemap@[2002, 2103, 2134, 2164, 2215, 2320, 2532, 3381, 3398, 3451, 3499, 3540, 3581, 3619, 3656, 3681, 3717, 3816, 3846, 3850, 3891, 3895, 3933, 3937, 3976, 3980, 4020, 4024, 4069]@{}
http://www.comp.hkbu.edu.hk/v1/?page=home?=tc?=tc?=tc?=tc?=tc?=tc@[2456, 2557, 2588, 2618, 2669, 2774, 2998, 3847, 3864, 3917, 3965, 4006, 4047, 4085, 4122, 4147, 4183, 4282, 4312, 4316, 4357, 4361, 4399, 4403, 4442, 4446, 4486, 4490, 4535, 4607, 4641, 4648, 4889, 4968, 5030, 5633, 5833, 5891, 5909, 6076, 6178, 6183, 6260, 6265, 6335, 6340, 6461, 6509, 6568, 6685, 6690, 6760, 6765]@{}
http://www.comp.hkbu.edu.hk/v1/?page=job_vacancies?=tc?=tc?=tc?=tc?=tc?=tc?=tc?=tc?=tc@[2456, 2557, 2588, 2618, 2669, 2774, 3004, 3853, 3870, 3923, 3971, 4012, 4053, 4091, 4129, 4154, 4190, 4289, 4319, 4323, 4364, 4368, 4406, 4410, 4449, 4453, 4493, 4497, 4542, 4614, 4648, 4655, 4690, 4697, 4903, 4982, 5044, 5647, 5847, 5905, 5923, 6090, 6192, 6197, 6268, 6273, 6345, 6350, 6467, 6515, 6574, 6691, 6696, 6762, 6768]@{}
http://www.comp.hkbu.edu.hk/v1/?page=job_vacancies?=sc?=tc?=tc?=tc?=tc?=tc?=tc?=tc?=tc@[2456, 2557, 2588, 2618, 2669, 2774, 3004, 3853, 3870, 3923, 3971, 4012, 4053, 4091, 4129, 4154, 4190, 4289, 4319, 4323, 4364, 4368, 4406, 4410, 4449, 4453, 4493, 4497, 4542, 4614, 4648, 4655, 4902, 4981, 5043, 5646, 5846, 5904, 5922, 6089, 6191, 6196, 6267, 6272, 6348, 6353, 6471, 6519, 6578, 6695, 6700, 6770, 6775]@{}
http://www.comp.hkbu.edu.hk/v1/?page=sitemap?=tc?=tc?=tc?=tc?=tc?=tc?=tc?=tc?=tc@[2456, 2557, 2588, 2618, 2669, 2774, 3004, 3853, 3870, 3923, 3971, 4012, 4053, 4091, 4128, 4153, 4189, 4288, 4318, 4322, 4363, 4367, 4405, 4409, 4448, 4452, 4492, 4496, 4541, 4613, 4647, 4654, 4887, 4966, 5028, 5631, 5831, 5889, 5907, 6074, 6176, 6181, 6257, 6262, 6333, 6338, 6449, 6497, 6556, 6671, 6677, 6733, 6738]@{}
http://www.comp.hkbu.edu.hk/v1/?page=sitemap?=sc?=tc?=tc?=tc?=tc?=tc?=tc?=tc?=tc@[2456, 2557, 2588, 2618, 2669, 2774, 3004, 3853, 3870, 3923, 3971, 4012, 4053, 4091, 4128, 4153, 4189, 4288, 4318, 4322, 4363, 4367, 4405, 4409, 4448, 4452, 4492, 4496, 4541, 4613, 4647, 4654, 4905, 4984, 5046, 5649, 5849, 5907, 5925, 6092, 6194, 6199, 6271, 6276, 6348, 6353, 6473, 6521, 6580, 6697, 6702, 6768, 6774]@{}
http://www.comp.hkbu.edu.hk/v1/?lang=tc@[2456, 2557, 2588, 2618, 2669, 2774, 2982, 3831, 3848, 3901, 3949, 3990, 4031, 4069, 4106, 4131, 4167, 4266, 4296, 4300, 4341, 4345, 4383, 4387, 4426, 4430, 4470, 4474, 4519, 4591, 4625, 4632, 4887, 4966, 5028, 5631, 5831, 5889, 5907, 6074, 6176, 6181, 6257, 6262, 6333, 6338, 6461, 6509, 6568, 6685, 6690, 6754, 6759]@{}
http://www.sci.hkbu.edu.hk/eng/page/?page=prospective-students@[867, 2441, 2490, 2535, 2575, 2632, 2674, 2715, 2753, 2805, 2856, 2910, 2978, 3105, 3486, 3571, 3586, 3601, 3615]@{}
http://www.sci.hkbu.edu.hk/eng/page/?page=current-students@[867, 3142, 3227, 3242, 3257, 3271]@{}
http://www.sci.hkbu.edu.hk/eng/page/@[867, 3245, 3330, 3345, 3360, 3374]@{}
http://www.sci.hkbu.edu.hk/eng/about-us/honorary-doctorate@[867, 2676, 2740, 2820, 2899, 2980, 3059, 3139, 3218, 3297, 3776, 3861, 3876, 3891, 3905]@{}
http://www.sci.hkbu.edu.hk/eng/about-us/distinguished-professorship/eng/page/?page=prospective-students@[867, 2406, 2415, 2424, 2433, 2442, 2868, 3152, 3302, 3374, 3936, 4121, 4151, 4182, 4211, 6703, 7941, 8026, 8041, 8056, 8070]@{}
http://www.sci.hkbu.edu.hk/eng/about-us/honorary-doctorate/eng/page/?page=prospective-students@[867, 2406, 2415, 2424, 2433, 2442, 2868, 3152, 3302, 3374, 3936, 4121, 4151, 4182, 4211, 6703, 7941, 8026, 8041, 8056, 8070]@{}
http://www.sci.hkbu.edu.hk/eng/about-us/distinguished-professor-of-science@[867, 2754, 2840, 2940, 3018, 3109, 3189, 3287, 3363, 3592, 3677, 3692, 3707, 3721]@{}
http://www.sci.hkbu.edu.hk/eng/about-us/dr-kennedy-wong-distinguished-visiting-professorship-scheme@[867, 2688, 2800, 2909, 3012, 3261, 3346, 3361, 3376, 3390]@{}
http://www.sci.hkbu.edu.hk/eng/about-us/distinguished-professor-of-science/eng/page/?page=prospective-students@[867, 2406, 2415, 2424, 2433, 2442, 2868, 3152, 3302, 3374, 3936, 4121, 4151, 4182, 4211, 6703, 7941, 8026, 8041, 8056, 8070]@{}
http://www.sci.hkbu.edu.hk/eng/about-us/dr-kennedy-wong-distinguished-visiting-professorship-scheme/eng/page/?page=prospective-students@[867, 2406, 2415, 2424, 2433, 2442, 2868, 3152, 3302, 3374, 3936, 4121, 4151, 4182, 4211, 6703, 7941, 8026, 8041, 8056, 8070]@{}
http://www.sci.hkbu.edu.hk/eng/page/eng/about-us/vision-mission@[867, 2406, 2415, 2424, 2433, 2442, 2868, 3152, 3302, 3374, 3936, 4121, 4151, 4182, 4211, 6703, 7941, 8026, 8041, 8056, 8070]@{}
http://www.sci.hkbu.edu.hk/eng/page/eng/about-us/faculty-advisory-committee@[867, 2406, 2415, 2424, 2433, 2442, 2868, 3152, 3302, 3374, 3936, 4121, 4151, 4182, 4211, 6703, 7941, 8026, 8041, 8056, 8070]@{}
http://www.sci.hkbu.edu.hk/eng@[867, 2406, 2415, 2424, 2433, 2442, 2868, 3152, 3302, 3374, 3936, 4121, 4151, 4182, 4211, 6703, 7941, 8026, 8041, 8056, 8070]@{}
http://www.sci.hkbu.edu.hk/eng/about-us/vision-mission@[867, 3165, 3250, 3265, 3280, 3294]@{}
http://www.sci.hkbu.edu.hk/eng/about-us/faculty-advisory-committee@[867, 3919, 4004, 4019, 4034, 4048]@{}
http://www.sci.hkbu.edu.hk/eng/about-us/vision-mission/eng/page/?page=prospective-students@[867, 2406, 2415, 2424, 2433, 2442, 2868, 3152, 3302, 3374, 3936, 4121, 4151, 4182, 4211, 6703, 7941, 8026, 8041, 8056, 8070]@{}
http://www.sci.hkbu.edu.hk/eng/about-us/faculty-advisory-committee/eng/page/?page=prospective-students@[867, 2406, 2415, 2424, 2433, 2442, 2868, 3152, 3302, 3374, 3936, 4121, 4151, 4182, 4211, 6703, 7941, 8026, 8041, 8056, 8070]@{}
http://www.sci.hkbu.edu.hk/eng/about-us/distinguished-professorship@[867, 2810, 2895, 2910, 2925, 2939]@{}
