http://www.comp.hkbu.edu.hk@[119]@[119]
https://www.comp.hkbu.edu.hk/v1/?page=job_vacancies@[110, 112, 114, 132]@[110, 112, 114, 132]
https://www.comp.hkbu.edu.hk/v1/?page=home@[119]@[119]
https://www.comp.hkbu.edu.hk/v1/?page=head@[494]@[494]
https://www.comp.hkbu.edu.hk/v1/?page=whats_new@[116, 332, 787, 791, 921, 953, 1292, 1409, 1447, 1474, 1673, 1701, 1726, 1752, 1818, 2017, 2480, 2489, 3890, 4054, 4148]@[116, 332, 787, 791, 921, 953, 1292, 1409, 1447, 1474, 1673, 1701, 1726, 1752, 1818, 2017, 2480, 2489, 3890, 4054, 4148]
https://www.comp.hkbu.edu.hk/v1/?page=faculty@[120, 131, 143, 160, 169, 181, 188, 198, 212, 270, 303, 346]@[120, 131, 143, 160, 169, 181, 188, 198, 212, 270, 303, 346]
https://www.comp.hkbu.edu.hk@[119]@[119]
https://www.comp.hkbu.edu.hk/v1/?page=news@[116, 332, 787, 791, 921, 953, 1292, 1409, 1447, 1474, 1673, 1701, 1726, 1752, 1818, 2017, 2480, 2489, 3890, 4054, 4148]@[116, 332, 787, 791, 921, 953, 1292, 1409, 1447, 1474, 1673, 1701, 1726, 1752, 1818, 2017, 2480, 2489, 3890, 4054, 4148]
https://www.comp.hkbu.edu.hk/v1/?page=dlecture@[27, 285, 828, 833, 1108, 2036, 2315, 2559, 2922, 2926, 3257, 3505, 3724, 3917, 4312, 4501, 4515, 4526, 4646]@[27, 285, 828, 833, 1108, 2036, 2315, 2559, 2922, 2926, 3257, 3505, 3724, 3917, 4312, 4501, 4515, 4526, 4646]
https://www.hkstp.org/en/about-us/our-milestones@[741, 759]@[741, 759]
https://www.hkstp.org/about-us/our-milestones@[741, 759]@[741, 759]
