http://www.comp.hkbu.edu.hk@[225, 246, 258, 269, 316, 345, 348, 366, 393, 403, 417, 427, 437, 447, 458, 470, 551, 2225, 5177, 5722, 5753, 6297]@{}
http://www.comp.hkbu.edu.hk/v1/?page=sci@[426, 2475, 3197, 4318, 4321, 4329, 4338, 4360, 4381, 4442, 4494, 4506, 4518, 4540, 4560, 4579, 4613, 4624, 4637, 4644, 4647, 4656, 4676, 4689, 4703, 4738, 4769, 6168, 6706, 7205, 7233, 7260, 7337, 7374, 7847]@{}
http://www.comp.hkbu.edu.hk/v1/?page=job_vacancies?=tc@[225, 246, 258, 269, 316, 345, 348, 366, 393, 403, 417, 427, 437, 447, 458, 470, 551, 2225, 5173, 5718, 5749, 6704]@{}
http://www.comp.hkbu.edu.hk/v1/?page=job_vacancies?=sc@[225, 246, 258, 269, 316, 345, 348, 366, 393, 403, 417, 427, 437, 447, 458, 470, 551, 2225, 5173, 5718, 5749]@{}
http://www.comp.hkbu.edu.hk/v1/?page=sitemap?=tc@[225, 246, 258, 269, 316, 345, 348, 366, 393, 403, 417, 427, 437, 447, 458, 470, 551, 2225, 5169, 5714, 5745, 6703]@{}
http://www.comp.hkbu.edu.hk/v1/?page=sitemap?=sc@[225, 246, 258, 269, 316, 345, 348, 366, 393, 403, 417, 427, 437, 447, 458, 470, 551, 2225, 5168, 5713, 5744, 6363, 6788]@{}
http://www.comp.hkbu.edu.hk/v1/?lang=sc@[225, 246, 258, 269, 316, 345, 348, 366, 393, 403, 417, 427, 437, 447, 458, 470, 551, 2225, 5164, 5709, 5740, 6281]@{}
http://www.comp.hkbu.edu.hk/~alumni/news/../news/@[795, 866, 875, 1228, 1242, 1436, 1446, 1565, 1575, 1703, 1714, 2079, 2096, 2221, 2232, 2681, 2698, 2844, 2931, 3160, 3233, 3248, 3331, 3351, 3414, 3417, 3422, 3515, 3526, 3600, 3686, 3779, 3799, 3819, 3877, 3880, 4097, 4145, 4248, 4258, 4270, 4589]@{}
http://www.comp.hkbu.edu.hk/~alumni/news/../scholarship/@[802]@{}
http://www.comp.hkbu.edu.hk/~alumni/news/../donation/@[602]@{}
http://www.comp.hkbu.edu.hk/v1/?page=job_vacancies?=tc?=tc@[225, 246, 258, 269, 316, 345, 348, 366, 393, 403, 417, 427, 437, 447, 458, 470, 551, 2225, 5170, 5715, 5746, 6216, 6774]@{}
http://www.comp.hkbu.edu.hk/v1/?page=job_vacancies?=sc?=tc@[225, 246, 258, 269, 316, 345, 348, 366, 393, 403, 417, 427, 437, 447, 458, 470, 551, 2225, 5180, 5725, 5756, 6303]@{}
http://www.comp.hkbu.edu.hk/v1/?page=sitemap?=tc?=tc@[225, 246, 258, 269, 316, 345, 348, 366, 393, 403, 417, 427, 437, 447, 458, 470, 551, 2225, 5170, 5715, 5746, 6214, 6769]@{}
http://www.comp.hkbu.edu.hk/v1/?page=sitemap?=sc?=tc@[225, 246, 258, 269, 316, 345, 348, 366, 393, 403, 417, 427, 437, 447, 458, 470, 551, 2225, 5184, 5729, 5760, 6226]@{}
http://www.comp.hkbu.edu.hk/v1/?page=home@[225, 246, 258, 269, 316, 345, 348, 366, 393, 403, 417, 427, 437, 447, 458, 470, 551, 2225, 5162, 5707, 5738, 6281, 6698]@{}
http://www.comp.hkbu.edu.hk/~alumni/news/../news/../news/@[795, 866, 875, 1228, 1242, 1436, 1446, 1565, 1575, 1703, 1714, 2079, 2096, 2221, 2232, 2681, 2698, 2844, 2931, 3160, 3233, 3248, 3331, 3351, 3414, 3417, 3422, 3515, 3526, 3600, 3686, 3779, 3799, 3819, 3877, 3880, 4097, 4145, 4248, 4258, 4270, 4589]@{}
http://www.comp.hkbu.edu.hk/~alumni/news/../scholarship/../news/@[795, 866, 875, 1228, 1242, 1436, 1446, 1565, 1575, 1703, 1714, 2079, 2096, 2221, 2232, 2681, 2698, 2844, 2931, 3160, 3233, 3248, 3331, 3351, 3414, 3417, 3422, 3515, 3526, 3600, 3686, 3779, 3799, 3819, 3877, 3880, 4097, 4145, 4248, 4258, 4270, 4589]@{}
http://www.comp.hkbu.edu.hk/~alumni/news/../donation/../news/@[795, 866, 875, 1228, 1242, 1436, 1446, 1565, 1575, 1703, 1714, 2079, 2096, 2221, 2232, 2681, 2698, 2844, 2931, 3160, 3233, 3248, 3331, 3351, 3414, 3417, 3422, 3515, 3526, 3600, 3686, 3779, 3799, 3819, 3877, 3880, 4097, 4145, 4248, 4258, 4270, 4589]@{}
http://www.comp.hkbu.edu.hk/v1/?page=job_vacancies?=tc?=tc?=tc@[225, 246, 258, 269, 316, 345, 348, 366, 393, 403, 417, 427, 437, 447, 458, 470, 551, 2225, 5184, 5729, 5760]@{}
http://www.comp.hkbu.edu.hk/v1/?page=job_vacancies?=sc?=tc?=tc@[225, 246, 258, 269, 316, 345, 348, 366, 393, 403, 417, 427, 437, 447, 458, 470, 551, 2225, 5168, 5713, 5744, 6214, 6366]@{}
http://www.comp.hkbu.edu.hk/v1/?page=sitemap?=tc?=tc?=tc@[225, 246, 258, 269, 316, 345, 348, 366, 393, 403, 417, 427, 437, 447, 458, 470, 551, 2225, 5174, 5719, 5750, 6297]@{}
http://www.comp.hkbu.edu.hk/v1/?page=sitemap?=sc?=tc?=tc@[225, 246, 258, 269, 316, 345, 348, 366, 393, 403, 417, 427, 437, 447, 458, 470, 551, 2225, 5177, 5722, 5753, 6219, 6301]@{}
http://www.comp.hkbu.edu.hk/v1/?page=home?=tc@[225, 246, 258, 269, 316, 345, 348, 366, 393, 403, 417, 427, 437, 447, 458, 470, 551, 2225, 5172, 5717, 5748, 6290, 6791]@{}
http://www.comp.hkbu.edu.hk/~alumni/news/../news/../news/../news/@[795, 866, 875, 1228, 1242, 1436, 1446, 1565, 1575, 1703, 1714, 2079, 2096, 2221, 2232, 2681, 2698, 2844, 2931, 3160, 3233, 3248, 3331, 3351, 3414, 3417, 3422, 3515, 3526, 3600, 3686, 3779, 3799, 3819, 3877, 3880, 4097, 4145, 4248, 4258, 4270, 4589]@{}
http://www.comp.hkbu.edu.hk/~alumni/news/../scholarship/../news/../news/@[795, 866, 875, 1228, 1242, 1436, 1446, 1565, 1575, 1703, 1714, 2079, 2096, 2221, 2232, 2681, 2698, 2844, 2931, 3160, 3233, 3248, 3331, 3351, 3414, 3417, 3422, 3515, 3526, 3600, 3686, 3779, 3799, 3819, 3877, 3880, 4097, 4145, 4248, 4258, 4270, 4589]@{}
http://www.comp.hkbu.edu.hk/~alumni/news/../donation/../news/../news/@[795, 866, 875, 1228, 1242, 1436, 1446, 1565, 1575, 1703, 1714, 2079, 2096, 2221, 2232, 2681, 2698, 2844, 2931, 3160, 3233, 3248, 3331, 3351, 3414, 3417, 3422, 3515, 3526, 3600, 3686, 3779, 3799, 3819, 3877, 3880, 4097, 4145, 4248, 4258, 4270, 4589]@{}
http://www.comp.hkbu.edu.hk/v1/?page=job_vacancies?=tc?=tc?=tc?=tc@[225, 246, 258, 269, 316, 345, 348, 366, 393, 403, 417, 427, 437, 447, 458, 470, 551, 2225, 5185, 5730, 5761]@{}
http://www.comp.hkbu.edu.hk/v1/?page=job_vacancies?=sc?=tc?=tc?=tc@[225, 246, 258, 269, 316, 345, 348, 366, 393, 403, 417, 427, 437, 447, 458, 470, 551, 2225, 5186, 5731, 5762, 6373]@{}
http://www.comp.hkbu.edu.hk/v1/?page=sitemap?=tc?=tc?=tc?=tc@[225, 246, 258, 269, 316, 345, 348, 366, 393, 403, 417, 427, 437, 447, 458, 470, 551, 2225, 5174, 5719, 5750, 6790]@{}
http://www.comp.hkbu.edu.hk/v1/?page=sitemap?=sc?=tc?=tc?=tc@[225, 246, 258, 269, 316, 345, 348, 366, 393, 403, 417, 427, 437, 447, 458, 470, 551, 2225, 5185, 5730, 5761, 6310]@{}
http://www.comp.hkbu.edu.hk/v1/?page=home?=tc?=tc@[225, 246, 258, 269, 316, 345, 348, 366, 393, 403, 417, 427, 437, 447, 458, 470, 551, 2225, 5174, 5719, 5750, 6216]@{}
http://www.comp.hkbu.edu.hk/~alumni/news/../news/../news/../news/../news/@[795, 866, 875, 1228, 1242, 1436, 1446, 1565, 1575, 1703, 1714, 2079, 2096, 2221, 2232, 2681, 2698, 2844, 2931, 3160, 3233, 3248, 3331, 3351, 3414, 3417, 3422, 3515, 3526, 3600, 3686, 3779, 3799, 3819, 3877, 3880, 4097, 4145, 4248, 4258, 4270, 4589]@{}
http://www.comp.hkbu.edu.hk/~alumni/news/../scholarship/../news/../news/../news/@[795, 866, 875, 1228, 1242, 1436, 1446, 1565, 1575, 1703, 1714, 2079, 2096, 2221, 2232, 2681, 2698, 2844, 2931, 3160, 3233, 3248, 3331, 3351, 3414, 3417, 3422, 3515, 3526, 3600, 3686, 3779, 3799, 3819, 3877, 3880, 4097, 4145, 4248, 4258, 4270, 4589]@{}
http://www.comp.hkbu.edu.hk/~alumni/news/../donation/../news/../news/../news/@[795, 866, 875, 1228, 1242, 1436, 1446, 1565, 1575, 1703, 1714, 2079, 2096, 2221, 2232, 2681, 2698, 2844, 2931, 3160, 3233, 3248, 3331, 3351, 3414, 3417, 3422, 3515, 3526, 3600, 3686, 3779, 3799, 3819, 3877, 3880, 4097, 4145, 4248, 4258, 4270, 4589]@{}
http://www.comp.hkbu.edu.hk/v1/?page=job_vacancies?=tc?=tc?=tc?=tc?=tc@[225, 246, 258, 269, 316, 345, 348, 366, 393, 403, 417, 427, 437, 447, 458, 470, 551, 2225, 5188, 5733, 5764]@{}
http://www.comp.hkbu.edu.hk/v1/?page=job_vacancies?=sc?=tc?=tc?=tc?=tc@[225, 246, 258, 269, 316, 345, 348, 366, 393, 403, 417, 427, 437, 447, 458, 470, 551, 2225, 5173, 5718, 5749]@{}
http://www.comp.hkbu.edu.hk/v1/?page=sitemap?=tc?=tc?=tc?=tc?=tc@[225, 246, 258, 269, 316, 345, 348, 366, 393, 403, 417, 427, 437, 447, 458, 470, 551, 2225, 5181, 5726, 5757, 6722]@{}
http://www.comp.hkbu.edu.hk/v1/?page=sitemap?=sc?=tc?=tc?=tc?=tc@[225, 246, 258, 269, 316, 345, 348, 366, 393, 403, 417, 427, 437, 447, 458, 470, 551, 2225, 5187, 5732, 5763]@{}
http://www.comp.hkbu.edu.hk/v1/?page=home?=tc?=tc?=tc@[225, 246, 258, 269, 316, 345, 348, 366, 393, 403, 417, 427, 437, 447, 458, 470, 551, 2225, 5172, 5717, 5748]@{}
http://www.comp.hkbu.edu.hk/~alumni/news/../news/../news/../news/../news/../news/@[795, 866, 875, 1228, 1242, 1436, 1446, 1565, 1575, 1703, 1714, 2079, 2096, 2221, 2232, 2681, 2698, 2844, 2931, 3160, 3233, 3248, 3331, 3351, 3414, 3417, 3422, 3515, 3526, 3600, 3686, 3779, 3799, 3819, 3877, 3880, 4097, 4145, 4248, 4258, 4270, 4589]@{}
http://www.comp.hkbu.edu.hk/~alumni/news/../scholarship/../news/../news/../news/../news/@[795, 866, 875, 1228, 1242, 1436, 1446, 1565, 1575, 1703, 1714, 2079, 2096, 2221, 2232, 2681, 2698, 2844, 2931, 3160, 3233, 3248, 3331, 3351, 3414, 3417, 3422, 3515, 3526, 3600, 3686, 3779, 3799, 3819, 3877, 3880, 4097, 4145, 4248, 4258, 4270, 4589]@{}
http://www.comp.hkbu.edu.hk/~alumni/news/../donation/../news/../news/../news/../news/@[795, 866, 875, 1228, 1242, 1436, 1446, 1565, 1575, 1703, 1714, 2079, 2096, 2221, 2232, 2681, 2698, 2844, 2931, 3160, 3233, 3248, 3331, 3351, 3414, 3417, 3422, 3515, 3526, 3600, 3686, 3779, 3799, 3819, 3877, 3880, 4097, 4145, 4248, 4258, 4270, 4589]@{}
http://www.comp.hkbu.edu.hk/v1/?page=job_vacancies@[1773, 4209, 4224]@{}
http://www.comp.hkbu.edu.hk/v1/?page=job_vacancies?=tc?=tc?=tc?=tc?=tc?=tc@[225, 246, 258, 269, 316, 345, 348, 366, 393, 403, 417, 427, 437, 447, 458, 470, 551, 2225, 5176, 5721, 5752]@{}
http://www.comp.hkbu.edu.hk/v1/?page=job_vacancies?=sc?=tc?=tc?=tc?=tc?=tc@[225, 246, 258, 269, 316, 345, 348, 366, 393, 403, 417, 427, 437, 447, 458, 470, 551, 2225, 5175, 5720, 5751, 6219, 6378]@{}
http://www.comp.hkbu.edu.hk/v1/?page=sitemap?=tc?=tc?=tc?=tc?=tc?=tc@[225, 246, 258, 269, 316, 345, 348, 366, 393, 403, 417, 427, 437, 447, 458, 470, 551, 2225, 5179, 5724, 5755, 6715, 6789]@{}
http://www.comp.hkbu.edu.hk/v1/?page=sitemap?=sc?=tc?=tc?=tc?=tc?=tc@[225, 246, 258, 269, 316, 345, 348, 366, 393, 403, 417, 427, 437, 447, 458, 470, 551, 2225, 5197, 5742, 5773]@{}
http://www.comp.hkbu.edu.hk/v1/?page=home?=tc?=tc?=tc?=tc@[225, 246, 258, 269, 316, 345, 348, 366, 393, 403, 417, 427, 437, 447, 458, 470, 551, 2225, 5178, 5723, 5754, 6789]@{}
http://www.comp.hkbu.edu.hk/~alumni/news/../news/../news/../news/../news/../news/../news/@[795, 866, 875, 1228, 1242, 1436, 1446, 1565, 1575, 1703, 1714, 2079, 2096, 2221, 2232, 2681, 2698, 2844, 2931, 3160, 3233, 3248, 3331, 3351, 3414, 3417, 3422, 3515, 3526, 3600, 3686, 3779, 3799, 3819, 3877, 3880, 4097, 4145, 4248, 4258, 4270, 4589]@{}
http://www.comp.hkbu.edu.hk/~alumni/news/../scholarship/../news/../news/../news/../news/../news/@[795, 866, 875, 1228, 1242, 1436, 1446, 1565, 1575, 1703, 1714, 2079, 2096, 2221, 2232, 2681, 2698, 2844, 2931, 3160, 3233, 3248, 3331, 3351, 3414, 3417, 3422, 3515, 3526, 3600, 3686, 3779, 3799, 3819, 3877, 3880, 4097, 4145, 4248, 4258, 4270, 4589]@{}
http://www.comp.hkbu.edu.hk/~alumni/news/../donation/../news/../news/../news/../news/../news/@[795, 866, 875, 1228, 1242, 1436, 1446, 1565, 1575, 1703, 1714, 2079, 2096, 2221, 2232, 2681, 2698, 2844, 2931, 3160, 3233, 3248, 3331, 3351, 3414, 3417, 3422, 3515, 3526, 3600, 3686, 3779, 3799, 3819, 3877, 3880, 4097, 4145, 4248, 4258, 4270, 4589]@{}
http://www.comp.hkbu.edu.hk/v1/?page=job_vacancies?=tc?=tc?=tc?=tc?=tc?=tc?=tc@[225, 246, 258, 269, 316, 345, 348, 366, 393, 403, 417, 427, 437, 447, 458, 470, 551, 2225, 5180, 5725, 5756, 6226]@{}
http://www.comp.hkbu.edu.hk/v1/?page=job_vacancies?=sc?=tc?=tc?=tc?=tc?=tc?=tc@[225, 246, 258, 269, 316, 345, 348, 366, 393, 403, 417, 427, 437, 447, 458, 470, 551, 2225, 5177, 5722, 5753, 6367]@{}
http://www.comp.hkbu.edu.hk/v1/?page=sitemap?=tc?=tc?=tc?=tc?=tc?=tc?=tc@[225, 246, 258, 269, 316, 345, 348, 366, 393, 403, 417, 427, 437, 447, 458, 470, 551, 2225, 5179, 5724, 5755, 6775]@{}
http://www.comp.hkbu.edu.hk/v1/?page=sitemap?=sc?=tc?=tc?=tc?=tc?=tc?=tc@[225, 246, 258, 269, 316, 345, 348, 366, 393, 403, 417, 427, 437, 447, 458, 470, 551, 2225, 5181, 5726, 5757, 6301, 6378]@{}
http://www.comp.hkbu.edu.hk/v1/?page=home?=tc?=tc?=tc?=tc?=tc@[225, 246, 258, 269, 316, 345, 348, 366, 393, 403, 417, 427, 437, 447, 458, 470, 551, 2225, 5181, 5726, 5757]@{}
http://www.comp.hkbu.edu.hk/~alumni/news/../news/../news/../news/../news/../news/../news/../news/@[795, 866, 875, 1228, 1242, 1436, 1446, 1565, 1575, 1703, 1714, 2079, 2096, 2221, 2232, 2681, 2698, 2844, 2931, 3160, 3233, 3248, 3331, 3351, 3414, 3417, 3422, 3515, 3526, 3600, 3686, 3779, 3799, 3819, 3877, 3880, 4097, 4145, 4248, 4258, 4270, 4589]@{}
http://www.comp.hkbu.edu.hk/~alumni/news/../scholarship/../news/../news/../news/../news/../news/../news/@[795, 866, 875, 1228, 1242, 1436, 1446, 1565, 1575, 1703, 1714, 2079, 2096, 2221, 2232, 2681, 2698, 2844, 2931, 3160, 3233, 3248, 3331, 3351, 3414, 3417, 3422, 3515, 3526, 3600, 3686, 3779, 3799, 3819, 3877, 3880, 4097, 4145, 4248, 4258, 4270, 4589]@{}
http://www.comp.hkbu.edu.hk/~alumni/news/../donation/../news/../news/../news/../news/../news/../news/@[795, 866, 875, 1228, 1242, 1436, 1446, 1565, 1575, 1703, 1714, 2079, 2096, 2221, 2232, 2681, 2698, 2844, 2931, 3160, 3233, 3248, 3331, 3351, 3414, 3417, 3422, 3515, 3526, 3600, 3686, 3779, 3799, 3819, 3877, 3880, 4097, 4145, 4248, 4258, 4270, 4589]@{}
http://www.comp.hkbu.edu.hk/v1/?page=job_vacancies?=tc?=tc?=tc?=tc?=tc?=tc?=tc?=tc@[225, 246, 258, 269, 316, 345, 348, 366, 393, 403, 417, 427, 437, 447, 458, 470, 551, 2225, 5196, 5741, 5772, 6736, 6818]@{}
http://www.comp.hkbu.edu.hk/v1/?page=job_vacancies?=sc?=tc?=tc?=tc?=tc?=tc?=tc?=tc@[225, 246, 258, 269, 316, 345, 348, 366, 393, 403, 417, 427, 437, 447, 458, 470, 551, 2225, 5180, 5725, 5756, 6226]@{}
http://www.comp.hkbu.edu.hk/v1/?page=sitemap?=tc?=tc?=tc?=tc?=tc?=tc?=tc?=tc@[225, 246, 258, 269, 316, 345, 348, 366, 393, 403, 417, 427, 437, 447, 458, 470, 551, 2225, 5183, 5728, 5759, 6719]@{}
http://www.comp.hkbu.edu.hk/v1/?page=sitemap?=sc?=tc?=tc?=tc?=tc?=tc?=tc?=tc@[225, 246, 258, 269, 316, 345, 348, 366, 393, 403, 417, 427, 437, 447, 458, 470, 551, 2225, 5197, 5742, 5773, 6239]@{}
http://www.comp.hkbu.edu.hk/v1/?page=sitemap@[1771]@{}
http://www.comp.hkbu.edu.hk/v1/?page=home?=tc?=tc?=tc?=tc?=tc?=tc@[225, 246, 258, 269, 316, 345, 348, 366, 393, 403, 417, 427, 437, 447, 458, 470, 551, 2225, 5182, 5727, 5758, 6224, 6383]@{}
http://www.comp.hkbu.edu.hk/~alumni/news/../news/../news/../news/../news/../news/../news/../news/../news/@[795, 866, 875, 1228, 1242, 1436, 1446, 1565, 1575, 1703, 1714, 2079, 2096, 2221, 2232, 2681, 2698, 2844, 2931, 3160, 3233, 3248, 3331, 3351, 3414, 3417, 3422, 3515, 3526, 3600, 3686, 3779, 3799, 3819, 3877, 3880, 4097, 4145, 4248, 4258, 4270, 4589]@{}
http://www.comp.hkbu.edu.hk/~alumni/news/../scholarship/../news/../news/../news/../news/../news/../news/../news/@[795, 866, 875, 1228, 1242, 1436, 1446, 1565, 1575, 1703, 1714, 2079, 2096, 2221, 2232, 2681, 2698, 2844, 2931, 3160, 3233, 3248, 3331, 3351, 3414, 3417, 3422, 3515, 3526, 3600, 3686, 3779, 3799, 3819, 3877, 3880, 4097, 4145, 4248, 4258, 4270, 4589]@{}
http://www.comp.hkbu.edu.hk/~alumni/news/../donation/../news/../news/../news/../news/../news/../news/../news/@[795, 866, 875, 1228, 1242, 1436, 1446, 1565, 1575, 1703, 1714, 2079, 2096, 2221, 2232, 2681, 2698, 2844, 2931, 3160, 3233, 3248, 3331, 3351, 3414, 3417, 3422, 3515, 3526, 3600, 3686, 3779, 3799, 3819, 3877, 3880, 4097, 4145, 4248, 4258, 4270, 4589]@{}
http://www.comp.hkbu.edu.hk/v1/?page=job_vacancies?=tc?=tc?=tc?=tc?=tc?=tc?=tc?=tc?=tc@[225, 246, 258, 269, 316, 345, 348, 366, 393, 403, 417, 427, 437, 447, 458, 470, 551, 2225, 5196, 5741, 5772, 6310, 6729]@{}
http://www.comp.hkbu.edu.hk/v1/?page=job_vacancies?=sc?=tc?=tc?=tc?=tc?=tc?=tc?=tc?=tc@[225, 246, 258, 269, 316, 345, 348, 366, 393, 403, 417, 427, 437, 447, 458, 470, 551, 2225, 5195, 5740, 5771, 6317, 6390]@{}
http://www.comp.hkbu.edu.hk/v1/?page=sitemap?=tc?=tc?=tc?=tc?=tc?=tc?=tc?=tc?=tc@[225, 246, 258, 269, 316, 345, 348, 366, 393, 403, 417, 427, 437, 447, 458, 470, 551, 2225, 5180, 5725, 5756, 6226, 6303]@{}
http://www.comp.hkbu.edu.hk/v1/?page=sitemap?=sc?=tc?=tc?=tc?=tc?=tc?=tc?=tc?=tc@[225, 246, 258, 269, 316, 345, 348, 366, 393, 403, 417, 427, 437, 447, 458, 470, 551, 2225, 5198, 5743, 5774]@{}
http://www.comp.hkbu.edu.hk/v1/?lang=tc@[225, 246, 258, 269, 316, 345, 348, 366, 393, 403, 417, 427, 437, 447, 458, 470, 551, 2225, 5180, 5725, 5756, 6226, 6796]@{}
http://www.comp.hkbu.edu.hk/~alumni/news/@[795, 866, 875, 1228, 1242, 1436, 1446, 1565, 1575, 1703, 1714, 2079, 2096, 2221, 2232, 2681, 2698, 2844, 2931, 3160, 3233, 3248, 3331, 3351, 3414, 3417, 3422, 3515, 3526, 3600, 3686, 3779, 3799, 3819, 3877, 3880, 4097, 4145, 4248, 4258, 4270, 4589]@{}
http://www.sci.hkbu.edu.hk/eng/page/?page=prospective-students@[426, 3069, 3073, 3392]@{}
http://www.sci.hkbu.edu.hk/eng/page/?page=current-students@[426, 3048]@{}
http://www.sci.hkbu.edu.hk/eng/page/@[426, 2426, 2442, 2452, 2902, 3051, 3151]@{}
http://www.sci.hkbu.edu.hk/eng/about-us/honorary-doctorate@[426, 3682]@{}
http://www.sci.hkbu.edu.hk/eng/about-us/distinguished-professorship/eng/page/?page=prospective-students@[426, 2475, 3197, 4318, 4321, 4329, 4338, 4360, 4381, 4442, 4494, 4506, 4518, 4540, 4560, 4579, 4613, 4624, 4637, 4644, 4647, 4656, 4676, 4689, 4703, 4738, 4769, 6168, 6706, 7205, 7233, 7260, 7337, 7374, 7847]@{}
http://www.sci.hkbu.edu.hk/eng/about-us/honorary-doctorate/eng/page/?page=prospective-students@[426, 2475, 3197, 4318, 4321, 4329, 4338, 4360, 4381, 4442, 4494, 4506, 4518, 4540, 4560, 4579, 4613, 4624, 4637, 4644, 4647, 4656, 4676, 4689, 4703, 4738, 4769, 6168, 6706, 7205, 7233, 7260, 7337, 7374, 7847]@{}
http://www.sci.hkbu.edu.hk/eng/about-us/distinguished-professor-of-science@[426, 3498]@{}
http://www.sci.hkbu.edu.hk/eng/about-us/dr-kennedy-wong-distinguished-visiting-professorship-scheme@[426, 2847, 3167]@{}
http://www.sci.hkbu.edu.hk/eng/about-us/distinguished-professor-of-science/eng/page/?page=prospective-students@[426, 2475, 3197, 4318, 4321, 4329, 4338, 4360, 4381, 4442, 4494, 4506, 4518, 4540, 4560, 4579, 4613, 4624, 4637, 4644, 4647, 4656, 4676, 4689, 4703, 4738, 4769, 6168, 6706, 7205, 7233, 7260, 7337, 7374, 7847]@{}
http://www.sci.hkbu.edu.hk/eng/about-us/dr-kennedy-wong-distinguished-visiting-professorship-scheme/eng/page/?page=prospective-students@[426, 2475, 3197, 4318, 4321, 4329, 4338, 4360, 4381, 4442, 4494, 4506, 4518, 4540, 4560, 4579, 4613, 4624, 4637, 4644, 4647, 4656, 4676, 4689, 4703, 4738, 4769, 6168, 6706, 7205, 7233, 7260, 7337, 7374, 7847]@{}
http://www.sci.hkbu.edu.hk/eng/page/eng/about-us/vision-mission@[426, 2475, 3197, 4318, 4321, 4329, 4338, 4360, 4381, 4442, 4494, 4506, 4518, 4540, 4560, 4579, 4613, 4624, 4637, 4644, 4647, 4656, 4676, 4689, 4703, 4738, 4769, 6168, 6706, 7205, 7233, 7260, 7337, 7374, 7847]@{}
http://www.sci.hkbu.edu.hk/eng/page/eng/about-us/faculty-advisory-committee@[426, 2475, 3197, 4318, 4321, 4329, 4338, 4360, 4381, 4442, 4494, 4506, 4518, 4540, 4560, 4579, 4613, 4624, 4637, 4644, 4647, 4656, 4676, 4689, 4703, 4738, 4769, 6168, 6706, 7205, 7233, 7260, 7337, 7374, 7847]@{}
http://www.sci.hkbu.edu.hk/eng@[426, 2475, 3197, 4318, 4321, 4329, 4338, 4360, 4381, 4442, 4494, 4506, 4518, 4540, 4560, 4579, 4613, 4624, 4637, 4644, 4647, 4656, 4676, 4689, 4703, 4738, 4769, 6168, 6706, 7205, 7233, 7260, 7337, 7374, 7847]@{}
http://www.sci.hkbu.edu.hk/eng/about-us/vision-mission@[426, 2693, 2718, 2794, 2844, 2892, 2949, 2951, 2955, 3071]@{}
http://www.sci.hkbu.edu.hk/eng/about-us/faculty-advisory-committee@[426, 2631, 2671, 2714, 3825]@{}
http://www.sci.hkbu.edu.hk/eng/about-us/vision-mission/eng/page/?page=prospective-students@[426, 2475, 3197, 4318, 4321, 4329, 4338, 4360, 4381, 4442, 4494, 4506, 4518, 4540, 4560, 4579, 4613, 4624, 4637, 4644, 4647, 4656, 4676, 4689, 4703, 4738, 4769, 6168, 6706, 7205, 7233, 7260, 7337, 7374, 7847]@{}
http://www.sci.hkbu.edu.hk/eng/about-us/faculty-advisory-committee/eng/page/?page=prospective-students@[426, 2475, 3197, 4318, 4321, 4329, 4338, 4360, 4381, 4442, 4494, 4506, 4518, 4540, 4560, 4579, 4613, 4624, 4637, 4644, 4647, 4656, 4676, 4689, 4703, 4738, 4769, 6168, 6706, 7205, 7233, 7260, 7337, 7374, 7847]@{}
http://www.sci.hkbu.edu.hk/eng/about-us/distinguished-professorship@[426, 2716]@{}
